# %ECSV 0.9
# ---
# datatype:
# - {name: wavelength, unit: micron, datatype: float64}
# - {name: flux, unit: microJansky, datatype: float64}
# schema: astropy-2.0
#
#
#  - - File generated by ExoNoodle - -
#         V1.0.0 - MML (CEA-Saclay)
#       2021-02-26 14:01:48.325215
wavelength flux 
3.00000E+00        5.70785751745E+04
3.00600E+00        5.69242287936E+04
3.01200E+00        5.67704406843E+04
3.01800E+00        5.66172087491E+04
3.02400E+00        5.64645308933E+04
3.03000E+00        5.63124050247E+04
3.03600E+00        5.61608290541E+04
3.04200E+00        5.60098008952E+04
3.04800E+00        5.58593184650E+04
3.05400E+00        5.57093796834E+04
3.06000E+00        5.55599824739E+04
3.06600E+00        5.54111247633E+04
3.07200E+00        5.52628044822E+04
3.07800E+00        5.51150195645E+04
3.08400E+00        5.49677679482E+04
3.09000E+00        5.48210475750E+04
3.09600E+00        5.46748563906E+04
3.10200E+00        5.45291923447E+04
3.10800E+00        5.43840533913E+04
3.11400E+00        5.42394374886E+04
3.12000E+00        5.40953425989E+04
3.12600E+00        5.39517666894E+04
3.13200E+00        5.38087077313E+04
3.13800E+00        5.36661637006E+04
3.14400E+00        5.35241325781E+04
3.15000E+00        5.33826123490E+04
3.15600E+00        5.32416010036E+04
3.16200E+00        5.31010965369E+04
3.16800E+00        5.29610969489E+04
3.17400E+00        5.28216002447E+04
3.18000E+00        5.26826044342E+04
3.18600E+00        5.25441075328E+04
3.19200E+00        5.24061075608E+04
3.19800E+00        5.22686025439E+04
3.20400E+00        5.21315905131E+04
3.21000E+00        5.19950695047E+04
3.21600E+00        5.18590375606E+04
3.22200E+00        5.17234927279E+04
3.22800E+00        5.15884330594E+04
3.23400E+00        5.14538566135E+04
3.24000E+00        5.13197614541E+04
3.24600E+00        5.11861456508E+04
3.25200E+00        5.10530072789E+04
3.25800E+00        5.09203444195E+04
3.26400E+00        5.07881551593E+04
3.27000E+00        5.06564375911E+04
3.27600E+00        5.05251898134E+04
3.28200E+00        5.03944099305E+04
3.28800E+00        5.02640960528E+04
3.29400E+00        5.01342462966E+04
3.30000E+00        5.00048587842E+04
3.30600E+00        4.98759316438E+04
3.31200E+00        4.97474630099E+04
3.31800E+00        4.96194510228E+04
3.32400E+00        4.94918938291E+04
3.33000E+00        4.93647895814E+04
3.33600E+00        4.92381364386E+04
3.34200E+00        4.91119325656E+04
3.34800E+00        4.89861761336E+04
3.35400E+00        4.88608653201E+04
3.36000E+00        4.87359983086E+04
3.36600E+00        4.86115732891E+04
3.37200E+00        4.84875884577E+04
3.37800E+00        4.83640420168E+04
3.38400E+00        4.82409321752E+04
3.39000E+00        4.81182571480E+04
3.39600E+00        4.79960151565E+04
3.40200E+00        4.78742044285E+04
3.40800E+00        4.77528231981E+04
3.41400E+00        4.76318697058E+04
3.42000E+00        4.75113421983E+04
3.42600E+00        4.73912389289E+04
3.43200E+00        4.72715581572E+04
3.43800E+00        4.71522981491E+04
3.44400E+00        4.70334571772E+04
3.45000E+00        4.69150335202E+04
3.45600E+00        4.67970254634E+04
3.46200E+00        4.66794312983E+04
3.46800E+00        4.65622493232E+04
3.47400E+00        4.64454778425E+04
3.48000E+00        4.63291151671E+04
3.48600E+00        4.62131596143E+04
3.49200E+00        4.60976095081E+04
3.49800E+00        4.59824631786E+04
3.50400E+00        4.58677189625E+04
3.51000E+00        4.57533752028E+04
3.51600E+00        4.56394302491E+04
3.52200E+00        4.55258824574E+04
3.52800E+00        4.54127301899E+04
3.53400E+00        4.52999718155E+04
3.54000E+00        4.51876057093E+04
3.54600E+00        4.50756302531E+04
3.55200E+00        4.49640438347E+04
3.55800E+00        4.48528448487E+04
3.56400E+00        4.47420316958E+04
3.57000E+00        4.46316027833E+04
3.57600E+00        4.45215565247E+04
3.58200E+00        4.44118913400E+04
3.58800E+00        4.43026056556E+04
3.59400E+00        4.41936979040E+04
3.60000E+00        4.40851665245E+04
3.60600E+00        4.39770099623E+04
3.61200E+00        4.38692266691E+04
3.61800E+00        4.37618151031E+04
3.62400E+00        4.36547737286E+04
3.63000E+00        4.35481010161E+04
3.63600E+00        4.34417954428E+04
3.64200E+00        4.33358554917E+04
3.64800E+00        4.32302796525E+04
3.65400E+00        4.31250664207E+04
3.66000E+00        4.30202142986E+04
3.66600E+00        4.29157217942E+04
3.67200E+00        4.28115874221E+04
3.67800E+00        4.27078097029E+04
3.68400E+00        4.26043871634E+04
3.69000E+00        4.25013183367E+04
3.69600E+00        4.23986017621E+04
3.70200E+00        4.22962359847E+04
3.70800E+00        4.21942195562E+04
3.71400E+00        4.20925510341E+04
3.72000E+00        4.19912289822E+04
3.72600E+00        4.18902519703E+04
3.73200E+00        4.17896185742E+04
3.73800E+00        4.16893273760E+04
3.74400E+00        4.15893769636E+04
3.75000E+00        4.14897659311E+04
3.75600E+00        4.13904928784E+04
3.76200E+00        4.12915564117E+04
3.76800E+00        4.11929551430E+04
3.77400E+00        4.10946876902E+04
3.78000E+00        4.09967526773E+04
3.78600E+00        4.08991487342E+04
3.79200E+00        4.08018744966E+04
3.79800E+00        4.07049286063E+04
3.80400E+00        4.06083097107E+04
3.81000E+00        4.05120164633E+04
3.81600E+00        4.04160475233E+04
3.82200E+00        4.03204015559E+04
3.82800E+00        4.02250772319E+04
3.83400E+00        4.01300732280E+04
3.84000E+00        4.00353882267E+04
3.84600E+00        3.99410209161E+04
3.85200E+00        3.98469699902E+04
3.85800E+00        3.97532341486E+04
3.86400E+00        3.96598120968E+04
3.87000E+00        3.95667025456E+04
3.87600E+00        3.94739042118E+04
3.88200E+00        3.93814158177E+04
3.88800E+00        3.92892360912E+04
3.89400E+00        3.91973637660E+04
3.90000E+00        3.91057975810E+04
3.90600E+00        3.90145362810E+04
3.91200E+00        3.89235786162E+04
3.91800E+00        3.88329233423E+04
3.92400E+00        3.87425692207E+04
3.93000E+00        3.86525150179E+04
3.93600E+00        3.85627595063E+04
3.94200E+00        3.84733014635E+04
3.94800E+00        3.83841396725E+04
3.95400E+00        3.82952729217E+04
3.96000E+00        3.82067000052E+04
3.96600E+00        3.81184197219E+04
3.97200E+00        3.80304308766E+04
3.97800E+00        3.79427322791E+04
3.98400E+00        3.78553227446E+04
3.99000E+00        3.77682010936E+04
3.99600E+00        3.76813661518E+04
4.00200E+00        3.75948167501E+04
4.00800E+00        3.75085517248E+04
4.01400E+00        3.74225699173E+04
4.02000E+00        3.73368701742E+04
4.02600E+00        3.72514513471E+04
4.03200E+00        3.71663122931E+04
4.03800E+00        3.70814518742E+04
4.04400E+00        3.69968689573E+04
4.05000E+00        3.69125624149E+04
4.05600E+00        3.68285311240E+04
4.06200E+00        3.67447739670E+04
4.06800E+00        3.66612898313E+04
4.07400E+00        3.65780776091E+04
4.08000E+00        3.64951361978E+04
4.08600E+00        3.64124644995E+04
4.09200E+00        3.63300614216E+04
4.09800E+00        3.62479258761E+04
4.10400E+00        3.61660567801E+04
4.11000E+00        3.60844530554E+04
4.11600E+00        3.60031136288E+04
4.12200E+00        3.59220374319E+04
4.12800E+00        3.58412234011E+04
4.13400E+00        3.57606704777E+04
4.14000E+00        3.56803776075E+04
4.14600E+00        3.56003437414E+04
4.15200E+00        3.55205678348E+04
4.15800E+00        3.54410488480E+04
4.16400E+00        3.53617857458E+04
4.17000E+00        3.52827774978E+04
4.17600E+00        3.52040230783E+04
4.18200E+00        3.51255214661E+04
4.18800E+00        3.50472716446E+04
4.19400E+00        3.49692726021E+04
4.20000E+00        3.48915233310E+04
4.20600E+00        3.48140228288E+04
4.21200E+00        3.47367700970E+04
4.21800E+00        3.46597641421E+04
4.22400E+00        3.45830039747E+04
4.23000E+00        3.45064886102E+04
4.23600E+00        3.44302170681E+04
4.24200E+00        3.43541883728E+04
4.24800E+00        3.42784015527E+04
4.25400E+00        3.42028556408E+04
4.26000E+00        3.41275496746E+04
4.26600E+00        3.40524826956E+04
4.27200E+00        3.39776537499E+04
4.27800E+00        3.39030618880E+04
4.28400E+00        3.38287061645E+04
4.29000E+00        3.37545856384E+04
4.29600E+00        3.36806993729E+04
4.30200E+00        3.36070464354E+04
4.30800E+00        3.35336258978E+04
4.31400E+00        3.34604368358E+04
4.32000E+00        3.33874783297E+04
4.32600E+00        3.33147494636E+04
4.33200E+00        3.32422493260E+04
4.33800E+00        3.31699770095E+04
4.34400E+00        3.30979316107E+04
4.35000E+00        3.30261122303E+04
4.35600E+00        3.29545179733E+04
4.36200E+00        3.28831479485E+04
4.36800E+00        3.28120012688E+04
4.37400E+00        3.27410770513E+04
4.38000E+00        3.26703744167E+04
4.38600E+00        3.25998924902E+04
4.39200E+00        3.25296304006E+04
4.39800E+00        3.24595872807E+04
4.40400E+00        3.23897622674E+04
4.41000E+00        3.23201545012E+04
4.41600E+00        3.22507631269E+04
4.42200E+00        3.21815872929E+04
4.42800E+00        3.21126261514E+04
4.43400E+00        3.20438788586E+04
4.44000E+00        3.19753445746E+04
4.44600E+00        3.19070224630E+04
4.45200E+00        3.18389116915E+04
4.45800E+00        3.17710114313E+04
4.46400E+00        3.17033208576E+04
4.47000E+00        3.16358391492E+04
4.47600E+00        3.15685654885E+04
4.48200E+00        3.15014990619E+04
4.48800E+00        3.14346390592E+04
4.49400E+00        3.13679846739E+04
4.50000E+00        3.13015351034E+04
4.50600E+00        3.12352895484E+04
4.51200E+00        3.11692472134E+04
4.51800E+00        3.11034073065E+04
4.52400E+00        3.10377690392E+04
4.53000E+00        3.09723316268E+04
4.53600E+00        3.09070942880E+04
4.54200E+00        3.08420562451E+04
4.54800E+00        3.07772167237E+04
4.55400E+00        3.07125749533E+04
4.56000E+00        3.06481301664E+04
4.56600E+00        3.05838815994E+04
4.57200E+00        3.05198284918E+04
4.57800E+00        3.04559700868E+04
4.58400E+00        3.03923056308E+04
4.59000E+00        3.03288343737E+04
4.59600E+00        3.02655555687E+04
4.60200E+00        3.02024684726E+04
4.60800E+00        3.01395723452E+04
4.61400E+00        3.00768664498E+04
4.62000E+00        3.00143500531E+04
4.62600E+00        2.99520224250E+04
4.63200E+00        2.98898828387E+04
4.63800E+00        2.98279305706E+04
4.64400E+00        2.97661649005E+04
4.65000E+00        2.97045851113E+04
4.65600E+00        2.96431904892E+04
4.66200E+00        2.95819803235E+04
4.66800E+00        2.95209539070E+04
4.67400E+00        2.94601105352E+04
4.68000E+00        2.93994495071E+04
4.68600E+00        2.93389701248E+04
4.69200E+00        2.92786716935E+04
4.69800E+00        2.92185535213E+04
4.70400E+00        2.91586149198E+04
4.71000E+00        2.90988552035E+04
4.71600E+00        2.90392736898E+04
4.72200E+00        2.89798696993E+04
4.72800E+00        2.89206425558E+04
4.73400E+00        2.88615915859E+04
4.74000E+00        2.88027161192E+04
4.74600E+00        2.87440154885E+04
4.75200E+00        2.86854890294E+04
4.75800E+00        2.86271360805E+04
4.76400E+00        2.85689559834E+04
4.77000E+00        2.85109480827E+04
4.77600E+00        2.84531117257E+04
4.78200E+00        2.83954462629E+04
4.78800E+00        2.83379510475E+04
4.79400E+00        2.82806254355E+04
4.80000E+00        2.82234687862E+04
4.80600E+00        2.81664804611E+04
4.81200E+00        2.81096598252E+04
4.81800E+00        2.80530062459E+04
4.82400E+00        2.79965190935E+04
4.83000E+00        2.79401977412E+04
4.83600E+00        2.78840415649E+04
4.84200E+00        2.78280499434E+04
4.84800E+00        2.77722222580E+04
4.85400E+00        2.77165578929E+04
4.86000E+00        2.76610562352E+04
4.86600E+00        2.76057166744E+04
4.87200E+00        2.75505386029E+04
4.87800E+00        2.74955214158E+04
4.88400E+00        2.74406645108E+04
4.89000E+00        2.73859672883E+04
4.89600E+00        2.73314291514E+04
4.90200E+00        2.72770495058E+04
4.90800E+00        2.72228277597E+04
4.91400E+00        2.71687633241E+04
4.92000E+00        2.71148556127E+04
4.92600E+00        2.70611040414E+04
4.93200E+00        2.70075080290E+04
4.93800E+00        2.69540669968E+04
4.94400E+00        2.69007803686E+04
4.95000E+00        2.68476475708E+04
4.95600E+00        2.67946680323E+04
4.96200E+00        2.67418411844E+04
4.96800E+00        2.66891664612E+04
4.97400E+00        2.66366432989E+04
4.98000E+00        2.65842711366E+04
4.98600E+00        2.65320494155E+04
4.99200E+00        2.64799775795E+04
4.99800E+00        2.64280550747E+04
5.00400E+00        2.63762813500E+04
5.01000E+00        2.63246558563E+04
5.01600E+00        2.62731780472E+04
5.02200E+00        2.62218473786E+04
5.02800E+00        2.61706633088E+04
5.03400E+00        2.61196252985E+04
5.04000E+00        2.60687328106E+04
5.04600E+00        2.60179853106E+04
5.05200E+00        2.59673822661E+04
5.05800E+00        2.59169231472E+04
5.06400E+00        2.58666074262E+04
5.07000E+00        2.58164345779E+04
5.07600E+00        2.57664040791E+04
5.08200E+00        2.57165154090E+04
5.08800E+00        2.56667680493E+04
5.09400E+00        2.56171614836E+04
5.10000E+00        2.55676951980E+04
5.10600E+00        2.55183686806E+04
5.11200E+00        2.54691814221E+04
5.11800E+00        2.54201329151E+04
5.12400E+00        2.53712226544E+04
5.13000E+00        2.53224501372E+04
5.13600E+00        2.52738148627E+04
5.14200E+00        2.52253163325E+04
5.14800E+00        2.51769540501E+04
5.15400E+00        2.51287275212E+04
5.16000E+00        2.50806362539E+04
5.16600E+00        2.50326797581E+04
5.17200E+00        2.49848575460E+04
5.17800E+00        2.49371691318E+04
5.18400E+00        2.48896140321E+04
5.19000E+00        2.48421917651E+04
5.19600E+00        2.47949018514E+04
5.20200E+00        2.47477438138E+04
5.20800E+00        2.47007171768E+04
5.21400E+00        2.46538214672E+04
5.22000E+00        2.46070562137E+04
5.22600E+00        2.45604209471E+04
5.23200E+00        2.45139152003E+04
5.23800E+00        2.44675385081E+04
5.24400E+00        2.44212904073E+04
5.25000E+00        2.43751704368E+04
5.25600E+00        2.43291781372E+04
5.26200E+00        2.42833130516E+04
5.26800E+00        2.42375747244E+04
5.27400E+00        2.41919627026E+04
5.28000E+00        2.41464765346E+04
5.28600E+00        2.41011157710E+04
5.29200E+00        2.40558799645E+04
5.29800E+00        2.40107686693E+04
5.30400E+00        2.39657814417E+04
5.31000E+00        2.39209178401E+04
5.31600E+00        2.38761774245E+04
5.32200E+00        2.38315597569E+04
5.32800E+00        2.37870644011E+04
5.33400E+00        2.37426909229E+04
5.34000E+00        2.36984388898E+04
5.34600E+00        2.36543078712E+04
5.35200E+00        2.36102974384E+04
5.35800E+00        2.35664071645E+04
5.36400E+00        2.35226366242E+04
5.37000E+00        2.34789853944E+04
5.37600E+00        2.34354530536E+04
5.38200E+00        2.33920391819E+04
5.38800E+00        2.33487433614E+04
5.39400E+00        2.33055651761E+04
5.40000E+00        2.32625042115E+04
5.40600E+00        2.32195600549E+04
5.41200E+00        2.31767322955E+04
5.41800E+00        2.31340205242E+04
5.42400E+00        2.30914243334E+04
5.43000E+00        2.30489433175E+04
5.43600E+00        2.30065770725E+04
5.44200E+00        2.29643251962E+04
5.44800E+00        2.29221872879E+04
5.45400E+00        2.28801629487E+04
5.46000E+00        2.28382517815E+04
5.46600E+00        2.27964533907E+04
5.47200E+00        2.27547673825E+04
5.47800E+00        2.27131933646E+04
5.48400E+00        2.26717309464E+04
5.49000E+00        2.26303797391E+04
5.49600E+00        2.25891393554E+04
5.50200E+00        2.25480094096E+04
5.50800E+00        2.25069895176E+04
5.51400E+00        2.24660792971E+04
5.52000E+00        2.24252783671E+04
5.52600E+00        2.23845863486E+04
5.53200E+00        2.23440028637E+04
5.53800E+00        2.23035275365E+04
5.54400E+00        2.22631599925E+04
5.55000E+00        2.22228998588E+04
5.55600E+00        2.21827467639E+04
5.56200E+00        2.21427003380E+04
5.56800E+00        2.21027602130E+04
5.57400E+00        2.20629260220E+04
5.58000E+00        2.20231973998E+04
5.58600E+00        2.19835739828E+04
5.59200E+00        2.19440554087E+04
5.59800E+00        2.19046413169E+04
5.60400E+00        2.18653313482E+04
5.61000E+00        2.18261251450E+04
5.61600E+00        2.17870223510E+04
5.62200E+00        2.17480226116E+04
5.62800E+00        2.17091255734E+04
5.63400E+00        2.16703308848E+04
5.64000E+00        2.16316381953E+04
5.64600E+00        2.15930471561E+04
5.65200E+00        2.15545574199E+04
5.65800E+00        2.15161686405E+04
5.66400E+00        2.14778804734E+04
5.67000E+00        2.14396925755E+04
5.67600E+00        2.14016046051E+04
5.68200E+00        2.13636162218E+04
5.68800E+00        2.13257270867E+04
5.69400E+00        2.12879368624E+04
5.70000E+00        2.12502452126E+04
5.70600E+00        2.12126518027E+04
5.71200E+00        2.11751562993E+04
5.71800E+00        2.11377583703E+04
5.72400E+00        2.11004576852E+04
5.73000E+00        2.10632539147E+04
5.73600E+00        2.10261467308E+04
5.74200E+00        2.09891358070E+04
5.74800E+00        2.09522208181E+04
5.75400E+00        2.09154014400E+04
5.76000E+00        2.08786773502E+04
5.76600E+00        2.08420482276E+04
5.77200E+00        2.08055137520E+04
5.77800E+00        2.07690736049E+04
5.78400E+00        2.07327274689E+04
5.79000E+00        2.06964750280E+04
5.79600E+00        2.06603159674E+04
5.80200E+00        2.06242499736E+04
5.80800E+00        2.05882767344E+04
5.81400E+00        2.05523959390E+04
5.82000E+00        2.05166072775E+04
5.82600E+00        2.04809104417E+04
5.83200E+00        2.04453051243E+04
5.83800E+00        2.04097910195E+04
5.84400E+00        2.03743678225E+04
5.85000E+00        2.03390352300E+04
5.85600E+00        2.03037929398E+04
5.86200E+00        2.02686406508E+04
5.86800E+00        2.02335780633E+04
5.87400E+00        2.01986048787E+04
5.88000E+00        2.01637207998E+04
5.88600E+00        2.01289255303E+04
5.89200E+00        2.00942187754E+04
5.89800E+00        2.00596002412E+04
5.90400E+00        2.00250696352E+04
5.91000E+00        1.99906266661E+04
5.91600E+00        1.99562710435E+04
5.92200E+00        1.99220024784E+04
5.92800E+00        1.98878206830E+04
5.93400E+00        1.98537253705E+04
5.94000E+00        1.98197162553E+04
5.94600E+00        1.97857930530E+04
5.95200E+00        1.97519554803E+04
5.95800E+00        1.97182032551E+04
5.96400E+00        1.96845360963E+04
5.97000E+00        1.96509537241E+04
5.97600E+00        1.96174558595E+04
5.98200E+00        1.95840422251E+04
5.98800E+00        1.95507125442E+04
5.99400E+00        1.95174665413E+04
6.00000E+00        1.94843039422E+04
6.00600E+00        1.94512244735E+04
6.01200E+00        1.94182278631E+04
6.01800E+00        1.93853138400E+04
6.02400E+00        1.93524821340E+04
6.03000E+00        1.93197324763E+04
6.03600E+00        1.92870645991E+04
6.04200E+00        1.92544782355E+04
6.04800E+00        1.92219731197E+04
6.05400E+00        1.91895489872E+04
6.06000E+00        1.91572055743E+04
6.06600E+00        1.91249426183E+04
6.07200E+00        1.90927598578E+04
6.07800E+00        1.90606570322E+04
6.08400E+00        1.90286338821E+04
6.09000E+00        1.89966901490E+04
6.09600E+00        1.89648255755E+04
6.10200E+00        1.89330399052E+04
6.10800E+00        1.89013328826E+04
6.11400E+00        1.88697042533E+04
6.12000E+00        1.88381537641E+04
6.12600E+00        1.88066811624E+04
6.13200E+00        1.87752861969E+04
6.13800E+00        1.87439686171E+04
6.14400E+00        1.87127281737E+04
6.15000E+00        1.86815646182E+04
6.15600E+00        1.86504777031E+04
6.16200E+00        1.86194671820E+04
6.16800E+00        1.85885328092E+04
6.17400E+00        1.85576743402E+04
6.18000E+00        1.85268915314E+04
6.18600E+00        1.84961841402E+04
6.19200E+00        1.84655519249E+04
6.19800E+00        1.84349946446E+04
6.20400E+00        1.84045120595E+04
6.21000E+00        1.83741039308E+04
6.21600E+00        1.83437700205E+04
6.22200E+00        1.83135100916E+04
6.22800E+00        1.82833239080E+04
6.23400E+00        1.82532112344E+04
6.24000E+00        1.82231718367E+04
6.24600E+00        1.81932054814E+04
6.25200E+00        1.81633119362E+04
6.25800E+00        1.81334909694E+04
6.26400E+00        1.81037423504E+04
6.27000E+00        1.80740658495E+04
6.27600E+00        1.80444612379E+04
6.28200E+00        1.80149282874E+04
6.28800E+00        1.79854667711E+04
6.29400E+00        1.79560764627E+04
6.30000E+00        1.79267571368E+04
6.30600E+00        1.78975085691E+04
6.31200E+00        1.78683305359E+04
6.31800E+00        1.78392228145E+04
6.32400E+00        1.78101851830E+04
6.33000E+00        1.77812174204E+04
6.33600E+00        1.77523193064E+04
6.34200E+00        1.77234906219E+04
6.34800E+00        1.76947311482E+04
6.35400E+00        1.76660406678E+04
6.36000E+00        1.76374189639E+04
6.36600E+00        1.76088658205E+04
6.37200E+00        1.75803810224E+04
6.37800E+00        1.75519643553E+04
6.38400E+00        1.75236156058E+04
6.39000E+00        1.74953345612E+04
6.39600E+00        1.74671210095E+04
6.40200E+00        1.74389747398E+04
6.40800E+00        1.74108955418E+04
6.41400E+00        1.73828832061E+04
6.42000E+00        1.73549375239E+04
6.42600E+00        1.73270582876E+04
6.43200E+00        1.72992452900E+04
6.43800E+00        1.72714983248E+04
6.44400E+00        1.72438171866E+04
6.45000E+00        1.72162016707E+04
6.45600E+00        1.71886515732E+04
6.46200E+00        1.71611666909E+04
6.46800E+00        1.71337468215E+04
6.47400E+00        1.71063917633E+04
6.48000E+00        1.70791013156E+04
6.48600E+00        1.70518752782E+04
6.49200E+00        1.70247134518E+04
6.49800E+00        1.69976156379E+04
6.50400E+00        1.69705816387E+04
6.51000E+00        1.69436112570E+04
6.51600E+00        1.69167042966E+04
6.52200E+00        1.68898605620E+04
6.52800E+00        1.68630798582E+04
6.53400E+00        1.68363619912E+04
6.54000E+00        1.68097067676E+04
6.54600E+00        1.67831139947E+04
6.55200E+00        1.67565834807E+04
6.55800E+00        1.67301150343E+04
6.56400E+00        1.67037084651E+04
6.57000E+00        1.66773635833E+04
6.57600E+00        1.66510801999E+04
6.58200E+00        1.66248581265E+04
6.58800E+00        1.65986971756E+04
6.59400E+00        1.65725971601E+04
6.60000E+00        1.65465578938E+04
6.60600E+00        1.65205791913E+04
6.61200E+00        1.64946608677E+04
6.61800E+00        1.64688027388E+04
6.62400E+00        1.64430046212E+04
6.63000E+00        1.64172663321E+04
6.63600E+00        1.63915876894E+04
6.64200E+00        1.63659685118E+04
6.64800E+00        1.63404086185E+04
6.65400E+00        1.63149078294E+04
6.66000E+00        1.62894659652E+04
6.66600E+00        1.62640828470E+04
6.67200E+00        1.62387582970E+04
6.67800E+00        1.62134921376E+04
6.68400E+00        1.61882841921E+04
6.69000E+00        1.61631342846E+04
6.69600E+00        1.61380422394E+04
6.70200E+00        1.61130078819E+04
6.70800E+00        1.60880310379E+04
6.71400E+00        1.60631115339E+04
6.72000E+00        1.60382491971E+04
6.72600E+00        1.60134438554E+04
6.73200E+00        1.59886953370E+04
6.73800E+00        1.59640034711E+04
6.74400E+00        1.59393680874E+04
6.75000E+00        1.59147890162E+04
6.75600E+00        1.58902660885E+04
6.76200E+00        1.58657991358E+04
6.76800E+00        1.58413879903E+04
6.77400E+00        1.58170324848E+04
6.78000E+00        1.57927324528E+04
6.78600E+00        1.57684877282E+04
6.79200E+00        1.57442981458E+04
6.79800E+00        1.57201635408E+04
6.80400E+00        1.56960837490E+04
6.81000E+00        1.56720586068E+04
6.81600E+00        1.56480879515E+04
6.82200E+00        1.56241716205E+04
6.82800E+00        1.56003094522E+04
6.83400E+00        1.55765012854E+04
6.84000E+00        1.55527469595E+04
6.84600E+00        1.55290463145E+04
6.85200E+00        1.55053991910E+04
6.85800E+00        1.54818054302E+04
6.86400E+00        1.54582648739E+04
6.87000E+00        1.54347773643E+04
6.87600E+00        1.54113427444E+04
6.88200E+00        1.53879608577E+04
6.88800E+00        1.53646315482E+04
6.89400E+00        1.53413546606E+04
6.90000E+00        1.53181300399E+04
6.90600E+00        1.52949575319E+04
6.91200E+00        1.52718369830E+04
6.91800E+00        1.52487682400E+04
6.92400E+00        1.52257511502E+04
6.93000E+00        1.52027855617E+04
6.93600E+00        1.51798713230E+04
6.94200E+00        1.51570082831E+04
6.94800E+00        1.51341962916E+04
6.95400E+00        1.51114351987E+04
6.96000E+00        1.50887248550E+04
6.96600E+00        1.50660651118E+04
6.97200E+00        1.50434558209E+04
6.97800E+00        1.50208968344E+04
6.98400E+00        1.49983880054E+04
6.99000E+00        1.49759291870E+04
6.99600E+00        1.49535202332E+04
7.00200E+00        1.49311609984E+04
7.00800E+00        1.49088513376E+04
7.01400E+00        1.48865911061E+04
7.02000E+00        1.48643801599E+04
7.02600E+00        1.48422183556E+04
7.03200E+00        1.48201055501E+04
7.03800E+00        1.47980416009E+04
7.04400E+00        1.47760263661E+04
7.05000E+00        1.47540597041E+04
7.05600E+00        1.47321414740E+04
7.06200E+00        1.47102715354E+04
7.06800E+00        1.46884497482E+04
7.07400E+00        1.46666759730E+04
7.08000E+00        1.46449500709E+04
7.08600E+00        1.46232719032E+04
7.09200E+00        1.46016413322E+04
7.09800E+00        1.45800582202E+04
7.10400E+00        1.45585224303E+04
7.11000E+00        1.45370338260E+04
7.11600E+00        1.45155922711E+04
7.12200E+00        1.44941976303E+04
7.12800E+00        1.44728497683E+04
7.13400E+00        1.44515485506E+04
7.14000E+00        1.44302938431E+04
7.14600E+00        1.44090855122E+04
7.15200E+00        1.43879234246E+04
7.15800E+00        1.43668074477E+04
7.16400E+00        1.43457374493E+04
7.17000E+00        1.43247132975E+04
7.17600E+00        1.43037348611E+04
7.18200E+00        1.42828020093E+04
7.18800E+00        1.42619146116E+04
7.19400E+00        1.42410725382E+04
7.20000E+00        1.42202756596E+04
7.20600E+00        1.41995238468E+04
7.21200E+00        1.41788169712E+04
7.21800E+00        1.41581549048E+04
7.22400E+00        1.41375375198E+04
7.23000E+00        1.41169646891E+04
7.23600E+00        1.40964362860E+04
7.24200E+00        1.40759521841E+04
7.24800E+00        1.40555122575E+04
7.25400E+00        1.40351163808E+04
7.26000E+00        1.40147644290E+04
7.26600E+00        1.39944562777E+04
7.27200E+00        1.39741918025E+04
7.27800E+00        1.39539708799E+04
7.28400E+00        1.39337933866E+04
7.29000E+00        1.39136591998E+04
7.29600E+00        1.38935681970E+04
7.30200E+00        1.38735202564E+04
7.30800E+00        1.38535152562E+04
7.31400E+00        1.38335530755E+04
7.32000E+00        1.38136335936E+04
7.32600E+00        1.37937566900E+04
7.33200E+00        1.37739222450E+04
7.33800E+00        1.37541301391E+04
7.34400E+00        1.37343802533E+04
7.35000E+00        1.37146724689E+04
7.35600E+00        1.36950066677E+04
7.36200E+00        1.36753827319E+04
7.36800E+00        1.36558005442E+04
7.37400E+00        1.36362599874E+04
7.38000E+00        1.36167609451E+04
7.38600E+00        1.35973033010E+04
7.39200E+00        1.35778869394E+04
7.39800E+00        1.35585117448E+04
7.40400E+00        1.35391776022E+04
7.41000E+00        1.35198843971E+04
7.41600E+00        1.35006320153E+04
7.42200E+00        1.34814203430E+04
7.42800E+00        1.34622492667E+04
7.43400E+00        1.34431186733E+04
7.44000E+00        1.34240284504E+04
7.44600E+00        1.34049784855E+04
7.45200E+00        1.33859686669E+04
7.45800E+00        1.33669988830E+04
7.46400E+00        1.33480690228E+04
7.47000E+00        1.33291789755E+04
7.47600E+00        1.33103286308E+04
7.48200E+00        1.32915178786E+04
7.48800E+00        1.32727466095E+04
7.49400E+00        1.32540147141E+04
7.50000E+00        1.32353220837E+04
7.50600E+00        1.32166686097E+04
7.51200E+00        1.31980541841E+04
7.51800E+00        1.31794786991E+04
7.52400E+00        1.31609420473E+04
7.53000E+00        1.31424441218E+04
7.53600E+00        1.31239848158E+04
7.54200E+00        1.31055640231E+04
7.54800E+00        1.30871816378E+04
7.55400E+00        1.30688375543E+04
7.56000E+00        1.30505316674E+04
7.56600E+00        1.30322638723E+04
7.57200E+00        1.30140340644E+04
7.57800E+00        1.29958421397E+04
7.58400E+00        1.29776879943E+04
7.59000E+00        1.29595715248E+04
7.59600E+00        1.29414926281E+04
7.60200E+00        1.29234512014E+04
7.60800E+00        1.29054471424E+04
7.61400E+00        1.28874803491E+04
7.62000E+00        1.28695507197E+04
7.62600E+00        1.28516581528E+04
7.63200E+00        1.28338025475E+04
7.63800E+00        1.28159838030E+04
7.64400E+00        1.27982018190E+04
7.65000E+00        1.27804564955E+04
7.65600E+00        1.27627477328E+04
7.66200E+00        1.27450754317E+04
7.66800E+00        1.27274394930E+04
7.67400E+00        1.27098398181E+04
7.68000E+00        1.26922763088E+04
7.68600E+00        1.26747488668E+04
7.69200E+00        1.26572573947E+04
7.69800E+00        1.26398017950E+04
7.70400E+00        1.26223819706E+04
7.71000E+00        1.26049978249E+04
7.71600E+00        1.25876492615E+04
7.72200E+00        1.25703361844E+04
7.72800E+00        1.25530584977E+04
7.73400E+00        1.25358161060E+04
7.74000E+00        1.25186089143E+04
7.74600E+00        1.25014368278E+04
7.75200E+00        1.24842997519E+04
7.75800E+00        1.24671975925E+04
7.76400E+00        1.24501302558E+04
7.77000E+00        1.24330976481E+04
7.77600E+00        1.24160996764E+04
7.78200E+00        1.23991362476E+04
7.78800E+00        1.23822072692E+04
7.79400E+00        1.23653126488E+04
7.80000E+00        1.23484522945E+04
7.80600E+00        1.23316261145E+04
7.81200E+00        1.23148340174E+04
7.81800E+00        1.22980759122E+04
7.82400E+00        1.22813517081E+04
7.83000E+00        1.22646613145E+04
7.83600E+00        1.22480046413E+04
7.84200E+00        1.22313815986E+04
7.84800E+00        1.22147920968E+04
7.85400E+00        1.21982360466E+04
7.86000E+00        1.21817133589E+04
7.86600E+00        1.21652239450E+04
7.87200E+00        1.21487677166E+04
7.87800E+00        1.21323445854E+04
7.88400E+00        1.21159544636E+04
7.89000E+00        1.20995972637E+04
7.89600E+00        1.20832728984E+04
7.90200E+00        1.20669812807E+04
7.90800E+00        1.20507223239E+04
7.91400E+00        1.20344959415E+04
7.92000E+00        1.20183020475E+04
7.92600E+00        1.20021405559E+04
7.93200E+00        1.19860113813E+04
7.93800E+00        1.19699144382E+04
7.94400E+00        1.19538496417E+04
7.95000E+00        1.19378169070E+04
7.95600E+00        1.19218161498E+04
7.96200E+00        1.19058472856E+04
7.96800E+00        1.18899102308E+04
7.97400E+00        1.18740049015E+04
7.98000E+00        1.18581312145E+04
7.98600E+00        1.18422890867E+04
7.99200E+00        1.18264784351E+04
7.99800E+00        1.18106991773E+04
8.00400E+00        1.17949512309E+04
8.01000E+00        1.17792345139E+04
8.01600E+00        1.17635489446E+04
8.02200E+00        1.17478944414E+04
8.02800E+00        1.17322709231E+04
8.03400E+00        1.17166783087E+04
8.04000E+00        1.17011165176E+04
8.04600E+00        1.16855854692E+04
8.05200E+00        1.16700850835E+04
8.05800E+00        1.16546152803E+04
8.06400E+00        1.16391759801E+04
8.07000E+00        1.16237671035E+04
8.07600E+00        1.16083885712E+04
8.08200E+00        1.15930403044E+04
8.08800E+00        1.15777222244E+04
8.09400E+00        1.15624342528E+04
8.10000E+00        1.15471763115E+04
8.10600E+00        1.15319483225E+04
8.11200E+00        1.15167502082E+04
8.11800E+00        1.15015818913E+04
8.12400E+00        1.14864432944E+04
8.13000E+00        1.14713343408E+04
8.13600E+00        1.14562549538E+04
8.14200E+00        1.14412050569E+04
8.14800E+00        1.14261845740E+04
8.15400E+00        1.14111934292E+04
8.16000E+00        1.13962315467E+04
8.16600E+00        1.13812988511E+04
8.17200E+00        1.13663952673E+04
8.17800E+00        1.13515207202E+04
8.18400E+00        1.13366751351E+04
8.19000E+00        1.13218584375E+04
8.19600E+00        1.13070705533E+04
8.20200E+00        1.12923114082E+04
8.20800E+00        1.12775809287E+04
8.21400E+00        1.12628790411E+04
8.22000E+00        1.12482056721E+04
8.22600E+00        1.12335607487E+04
8.23200E+00        1.12189441979E+04
8.23800E+00        1.12043559472E+04
8.24400E+00        1.11897959242E+04
8.25000E+00        1.11752640567E+04
8.25600E+00        1.11607602728E+04
8.26200E+00        1.11462845008E+04
8.26800E+00        1.11318366692E+04
8.27400E+00        1.11174167067E+04
8.28000E+00        1.11030245424E+04
8.28600E+00        1.10886601053E+04
8.29200E+00        1.10743233250E+04
8.29800E+00        1.10600141311E+04
8.30400E+00        1.10457324534E+04
8.31000E+00        1.10314782221E+04
8.31600E+00        1.10172513673E+04
8.32200E+00        1.10030518197E+04
8.32800E+00        1.09888795100E+04
8.33400E+00        1.09747343692E+04
8.34000E+00        1.09606163283E+04
8.34600E+00        1.09465253189E+04
8.35200E+00        1.09324612724E+04
8.35800E+00        1.09184241208E+04
8.36400E+00        1.09044137960E+04
8.37000E+00        1.08904302304E+04
8.37600E+00        1.08764733563E+04
8.38200E+00        1.08625431064E+04
8.38800E+00        1.08486394137E+04
8.39400E+00        1.08347622111E+04
8.40000E+00        1.08209114320E+04
8.40600E+00        1.08070870099E+04
8.41200E+00        1.07932888784E+04
8.41800E+00        1.07795169716E+04
8.42400E+00        1.07657712235E+04
8.43000E+00        1.07520515685E+04
8.43600E+00        1.07383579411E+04
8.44200E+00        1.07246902759E+04
8.44800E+00        1.07110485081E+04
8.45400E+00        1.06974325726E+04
8.46000E+00        1.06838424049E+04
8.46600E+00        1.06702779404E+04
8.47200E+00        1.06567391150E+04
8.47800E+00        1.06432258645E+04
8.48400E+00        1.06297381250E+04
8.49000E+00        1.06162758330E+04
8.49600E+00        1.06028389250E+04
8.50200E+00        1.05894273376E+04
8.50800E+00        1.05760410078E+04
8.51400E+00        1.05626798727E+04
8.52000E+00        1.05493438696E+04
8.52600E+00        1.05360329361E+04
8.53200E+00        1.05227470097E+04
8.53800E+00        1.05094860285E+04
8.54400E+00        1.04962499304E+04
8.55000E+00        1.04830386538E+04
8.55600E+00        1.04698521371E+04
8.56200E+00        1.04566903189E+04
8.56800E+00        1.04435531381E+04
8.57400E+00        1.04304405337E+04
8.58000E+00        1.04173524450E+04
8.58600E+00        1.04042888112E+04
8.59200E+00        1.03912495720E+04
8.59800E+00        1.03782346672E+04
8.60400E+00        1.03652440366E+04
8.61000E+00        1.03522776205E+04
8.61600E+00        1.03393353591E+04
8.62200E+00        1.03264171930E+04
8.62800E+00        1.03135230628E+04
8.63400E+00        1.03006529094E+04
8.64000E+00        1.02878066738E+04
8.64600E+00        1.02749842973E+04
8.65200E+00        1.02621857212E+04
8.65800E+00        1.02494108871E+04
8.66400E+00        1.02366597368E+04
8.67000E+00        1.02239322121E+04
8.67600E+00        1.02112282553E+04
8.68200E+00        1.01985478086E+04
8.68800E+00        1.01858908144E+04
8.69400E+00        1.01732572155E+04
8.70000E+00        1.01606469545E+04
8.70600E+00        1.01480599744E+04
8.71200E+00        1.01354962185E+04
8.71800E+00        1.01229556300E+04
8.72400E+00        1.01104381525E+04
8.73000E+00        1.00979437296E+04
8.73600E+00        1.00854723051E+04
8.74200E+00        1.00730238231E+04
8.74800E+00        1.00605982276E+04
8.75400E+00        1.00481954632E+04
8.76000E+00        1.00358154742E+04
8.76600E+00        1.00234582053E+04
8.77200E+00        1.00111236015E+04
8.77800E+00        9.99881160764E+03
8.78400E+00        9.98652216897E+03
8.79000E+00        9.97425523081E+03
8.79600E+00        9.96201073867E+03
8.80200E+00        9.94978863822E+03
8.80800E+00        9.93758887528E+03
8.81400E+00        9.92541139586E+03
8.82000E+00        9.91325614609E+03
8.82600E+00        9.90112307230E+03
8.83200E+00        9.88901212096E+03
8.83800E+00        9.87692323870E+03
8.84400E+00        9.86485637233E+03
8.85000E+00        9.85281146880E+03
8.85600E+00        9.84078847522E+03
8.86200E+00        9.82878733886E+03
8.86800E+00        9.81680800714E+03
8.87400E+00        9.80485042766E+03
8.88000E+00        9.79291454814E+03
8.88600E+00        9.78100031650E+03
8.89200E+00        9.76910768077E+03
8.89800E+00        9.75723658917E+03
8.90400E+00        9.74538699004E+03
8.91000E+00        9.73355883192E+03
8.91600E+00        9.72175206345E+03
8.92200E+00        9.70996663346E+03
8.92800E+00        9.69820249092E+03
8.93400E+00        9.68645958494E+03
8.94000E+00        9.67473786481E+03
8.94600E+00        9.66303727994E+03
8.95200E+00        9.65135777989E+03
8.95800E+00        9.63969931440E+03
8.96400E+00        9.62806183334E+03
8.97000E+00        9.61644528671E+03
8.97600E+00        9.60484962468E+03
8.98200E+00        9.59327479756E+03
8.98800E+00        9.58172075582E+03
8.99400E+00        9.57018745005E+03
9.00000E+00        9.55867483101E+03
9.00600E+00        9.54718284959E+03
9.01200E+00        9.53571145682E+03
9.01800E+00        9.52426060390E+03
9.02400E+00        9.51283024214E+03
9.03000E+00        9.50142032302E+03
9.03600E+00        9.49003079815E+03
9.04200E+00        9.47866161928E+03
9.04800E+00        9.46731273830E+03
9.05400E+00        9.45598410726E+03
9.06000E+00        9.44467567833E+03
9.06600E+00        9.43338740383E+03
9.07200E+00        9.42211923621E+03
9.07800E+00        9.41087112807E+03
9.08400E+00        9.39964303213E+03
9.09000E+00        9.38843490128E+03
9.09600E+00        9.37724668853E+03
9.10200E+00        9.36607834701E+03
9.10800E+00        9.35492983001E+03
9.11400E+00        9.34380109095E+03
9.12000E+00        9.33269208339E+03
9.12600E+00        9.32160276102E+03
9.13200E+00        9.31053307765E+03
9.13800E+00        9.29948298726E+03
9.14400E+00        9.28845244392E+03
9.15000E+00        9.27744140188E+03
9.15600E+00        9.26644981549E+03
9.16200E+00        9.25547763923E+03
9.16800E+00        9.24452482774E+03
9.17400E+00        9.23359133576E+03
9.18000E+00        9.22267711819E+03
9.18600E+00        9.21178213004E+03
9.19200E+00        9.20090632646E+03
9.19800E+00        9.19004966273E+03
9.20400E+00        9.17921209424E+03
9.21000E+00        9.16839357654E+03
9.21600E+00        9.15759406529E+03
9.22200E+00        9.14681351628E+03
9.22800E+00        9.13605188543E+03
9.23400E+00        9.12530912878E+03
9.24000E+00        9.11458520250E+03
9.24600E+00        9.10388006290E+03
9.25200E+00        9.09319366641E+03
9.25800E+00        9.08252596955E+03
9.26400E+00        9.07187692903E+03
9.27000E+00        9.06124650162E+03
9.27600E+00        9.05063464426E+03
9.28200E+00        9.04004131399E+03
9.28800E+00        9.02946646799E+03
9.29400E+00        9.01891006354E+03
9.30000E+00        9.00837205805E+03
9.30600E+00        8.99785240908E+03
9.31200E+00        8.98735107427E+03
9.31800E+00        8.97686801140E+03
9.32400E+00        8.96640317839E+03
9.33000E+00        8.95595653323E+03
9.33600E+00        8.94552803409E+03
9.34200E+00        8.93511763921E+03
9.34800E+00        8.92472530697E+03
9.35400E+00        8.91435099588E+03
9.36000E+00        8.90399466455E+03
9.36600E+00        8.89365627172E+03
9.37200E+00        8.88333577622E+03
9.37800E+00        8.87303313705E+03
9.38400E+00        8.86274831327E+03
9.39000E+00        8.85248126410E+03
9.39600E+00        8.84223194884E+03
9.40200E+00        8.83200032693E+03
9.40800E+00        8.82178635792E+03
9.41400E+00        8.81159000148E+03
9.42000E+00        8.80141121737E+03
9.42600E+00        8.79124996550E+03
9.43200E+00        8.78110620586E+03
9.43800E+00        8.77097989857E+03
9.44400E+00        8.76087100386E+03
9.45000E+00        8.75077948209E+03
9.45600E+00        8.74070529369E+03
9.46200E+00        8.73064839924E+03
9.46800E+00        8.72060875942E+03
9.47400E+00        8.71058633501E+03
9.48000E+00        8.70058108692E+03
9.48600E+00        8.69059297615E+03
9.49200E+00        8.68062196383E+03
9.49800E+00        8.67066801118E+03
9.50400E+00        8.66073107954E+03
9.51000E+00        8.65081113036E+03
9.51600E+00        8.64090812519E+03
9.52200E+00        8.63102202570E+03
9.52800E+00        8.62115279365E+03
9.53400E+00        8.61130039093E+03
9.54000E+00        8.60146477952E+03
9.54600E+00        8.59164592151E+03
9.55200E+00        8.58184377910E+03
9.55800E+00        8.57205831459E+03
9.56400E+00        8.56228949039E+03
9.57000E+00        8.55253726901E+03
9.57600E+00        8.54280161308E+03
9.58200E+00        8.53308248532E+03
9.58800E+00        8.52337984855E+03
9.59400E+00        8.51369366571E+03
9.60000E+00        8.50402389983E+03
9.60600E+00        8.49437051404E+03
9.61200E+00        8.48473347159E+03
9.61800E+00        8.47511273583E+03
9.62400E+00        8.46550827019E+03
9.63000E+00        8.45592003822E+03
9.63600E+00        8.44634800357E+03
9.64200E+00        8.43679212998E+03
9.64800E+00        8.42725238132E+03
9.65400E+00        8.41772872153E+03
9.66000E+00        8.40822111465E+03
9.66600E+00        8.39872952483E+03
9.67200E+00        8.38925391634E+03
9.67800E+00        8.37979425351E+03
9.68400E+00        8.37035050079E+03
9.69000E+00        8.36092262272E+03
9.69600E+00        8.35151058395E+03
9.70200E+00        8.34211434923E+03
9.70800E+00        8.33273388338E+03
9.71400E+00        8.32336915134E+03
9.72000E+00        8.31402011815E+03
9.72600E+00        8.30468674893E+03
9.73200E+00        8.29536900891E+03
9.73800E+00        8.28606686342E+03
9.74400E+00        8.27678027785E+03
9.75000E+00        8.26750921773E+03
9.75600E+00        8.25825364867E+03
9.76200E+00        8.24901353636E+03
9.76800E+00        8.23978884660E+03
9.77400E+00        8.23057954527E+03
9.78000E+00        8.22138559837E+03
9.78600E+00        8.21220697196E+03
9.79200E+00        8.20304363222E+03
9.79800E+00        8.19389554541E+03
9.80400E+00        8.18476267787E+03
9.81000E+00        8.17564499606E+03
9.81600E+00        8.16654246652E+03
9.82200E+00        8.15745505588E+03
9.82800E+00        8.14838273085E+03
9.83400E+00        8.13932545825E+03
9.84000E+00        8.13028320498E+03
9.84600E+00        8.12125593804E+03
9.85200E+00        8.11224362450E+03
9.85800E+00        8.10324623154E+03
9.86400E+00        8.09426372642E+03
9.87000E+00        8.08529607649E+03
9.87600E+00        8.07634324920E+03
9.88200E+00        8.06740521207E+03
9.88800E+00        8.05848193272E+03
9.89400E+00        8.04957337885E+03
9.90000E+00        8.04067951826E+03
9.90600E+00        8.03180031883E+03
9.91200E+00        8.02293574852E+03
9.91800E+00        8.01408577539E+03
9.92400E+00        8.00525036759E+03
9.93000E+00        7.99642949333E+03
9.93600E+00        7.98762312093E+03
9.94200E+00        7.97883121879E+03
9.94800E+00        7.97005375540E+03
9.95400E+00        7.96129069932E+03
9.96000E+00        7.95254201922E+03
9.96600E+00        7.94380768382E+03
9.97200E+00        7.93508766196E+03
9.97800E+00        7.92638192254E+03
9.98400E+00        7.91769043456E+03
9.99000E+00        7.90901316708E+03
9.99600E+00        7.90035008927E+03
1.00020E+01        7.89170117038E+03
1.00080E+01        7.88306637972E+03
1.00140E+01        7.87444568670E+03
1.00200E+01        7.86583906082E+03
1.00260E+01        7.85724647164E+03
1.00320E+01        7.84866788881E+03
1.00380E+01        7.84010328208E+03
1.00440E+01        7.83155262126E+03
1.00500E+01        7.82301587624E+03
1.00560E+01        7.81449301700E+03
1.00620E+01        7.80598401361E+03
1.00680E+01        7.79748883620E+03
1.00740E+01        7.78900745498E+03
1.00800E+01        7.78053984026E+03
1.00860E+01        7.77208596241E+03
1.00920E+01        7.76364579189E+03
1.00980E+01        7.75521929923E+03
1.01040E+01        7.74680645506E+03
1.01100E+01        7.73840723005E+03
1.01160E+01        7.73002159499E+03
1.01220E+01        7.72164952071E+03
1.01280E+01        7.71329097816E+03
1.01340E+01        7.70494593832E+03
1.01400E+01        7.69661437228E+03
1.01460E+01        7.68829625121E+03
1.01520E+01        7.67999154632E+03
1.01580E+01        7.67170022894E+03
1.01640E+01        7.66342227045E+03
1.01700E+01        7.65515764232E+03
1.01760E+01        7.64690631608E+03
1.01820E+01        7.63866826334E+03
1.01880E+01        7.63044345580E+03
1.01940E+01        7.62223186522E+03
1.02000E+01        7.61403346345E+03
1.02060E+01        7.60584822238E+03
1.02120E+01        7.59767611402E+03
1.02180E+01        7.58951711042E+03
1.02240E+01        7.58137118373E+03
1.02300E+01        7.57323830614E+03
1.02360E+01        7.56511844995E+03
1.02420E+01        7.55701158750E+03
1.02480E+01        7.54891769123E+03
1.02540E+01        7.54083673365E+03
1.02600E+01        7.53276868731E+03
1.02660E+01        7.52471352488E+03
1.02720E+01        7.51667121906E+03
1.02780E+01        7.50864174265E+03
1.02840E+01        7.50062506851E+03
1.02900E+01        7.49262116958E+03
1.02960E+01        7.48463001885E+03
1.03020E+01        7.47665158940E+03
1.03080E+01        7.46868585438E+03
1.03140E+01        7.46073278700E+03
1.03200E+01        7.45279236055E+03
1.03260E+01        7.44486454839E+03
1.03320E+01        7.43694932394E+03
1.03380E+01        7.42904666070E+03
1.03440E+01        7.42115653223E+03
1.03500E+01        7.41327891216E+03
1.03560E+01        7.40541377421E+03
1.03620E+01        7.39756109213E+03
1.03680E+01        7.38972083977E+03
1.03740E+01        7.38189299105E+03
1.03800E+01        7.37407751992E+03
1.03860E+01        7.36627440045E+03
1.03920E+01        7.35848360674E+03
1.03980E+01        7.35070511297E+03
1.04040E+01        7.34293889338E+03
1.04100E+01        7.33518492230E+03
1.04160E+01        7.32744317409E+03
1.04220E+01        7.31971362322E+03
1.04280E+01        7.31199624418E+03
1.04340E+01        7.30429101156E+03
1.04400E+01        7.29659790001E+03
1.04460E+01        7.28891688424E+03
1.04520E+01        7.28124793901E+03
1.04580E+01        7.27359103919E+03
1.04640E+01        7.26594615966E+03
1.04700E+01        7.25831327541E+03
1.04760E+01        7.25069236148E+03
1.04820E+01        7.24308339295E+03
1.04880E+01        7.23548634500E+03
1.04940E+01        7.22790119286E+03
1.05000E+01        7.22032791183E+03
1.05060E+01        7.21276647725E+03
1.05120E+01        7.20521686456E+03
1.05180E+01        7.19767904923E+03
1.05240E+01        7.19015300682E+03
1.05300E+01        7.18263871293E+03
1.05360E+01        7.17513614325E+03
1.05420E+01        7.16764527349E+03
1.05480E+01        7.16016607947E+03
1.05540E+01        7.15269853705E+03
1.05600E+01        7.14524262214E+03
1.05660E+01        7.13779831073E+03
1.05720E+01        7.13036557887E+03
1.05780E+01        7.12294440267E+03
1.05840E+01        7.11553475829E+03
1.05900E+01        7.10813662197E+03
1.05960E+01        7.10074996999E+03
1.06020E+01        7.09337477872E+03
1.06080E+01        7.08601102455E+03
1.06140E+01        7.07865868397E+03
1.06200E+01        7.07131773350E+03
1.06260E+01        7.06398814974E+03
1.06320E+01        7.05666990934E+03
1.06380E+01        7.04936298901E+03
1.06440E+01        7.04206736553E+03
1.06500E+01        7.03478301572E+03
1.06560E+01        7.02750991648E+03
1.06620E+01        7.02024804476E+03
1.06680E+01        7.01299737755E+03
1.06740E+01        7.00575789194E+03
1.06800E+01        6.99852956503E+03
1.06860E+01        6.99131237402E+03
1.06920E+01        6.98410629614E+03
1.06980E+01        6.97691130870E+03
1.07040E+01        6.96972738905E+03
1.07100E+01        6.96255451459E+03
1.07160E+01        6.95539266282E+03
1.07220E+01        6.94824181124E+03
1.07280E+01        6.94110193745E+03
1.07340E+01        6.93397301908E+03
1.07400E+01        6.92685503385E+03
1.07460E+01        6.91974795949E+03
1.07520E+01        6.91265177382E+03
1.07580E+01        6.90556645471E+03
1.07640E+01        6.89849198009E+03
1.07700E+01        6.89142832792E+03
1.07760E+01        6.88437547625E+03
1.07820E+01        6.87733340316E+03
1.07880E+01        6.87030208680E+03
1.07940E+01        6.86328150536E+03
1.08000E+01        6.85627163711E+03
1.08060E+01        6.84927246036E+03
1.08120E+01        6.84228395346E+03
1.08180E+01        6.83530609484E+03
1.08240E+01        6.82833886297E+03
1.08300E+01        6.82138223637E+03
1.08360E+01        6.81443619363E+03
1.08420E+01        6.80750071339E+03
1.08480E+01        6.80057577432E+03
1.08540E+01        6.79366135518E+03
1.08600E+01        6.78675743476E+03
1.08660E+01        6.77986399190E+03
1.08720E+01        6.77298100551E+03
1.08780E+01        6.76610845454E+03
1.08840E+01        6.75924631800E+03
1.08900E+01        6.75239457494E+03
1.08960E+01        6.74555320449E+03
1.09020E+01        6.73872218580E+03
1.09080E+01        6.73190149809E+03
1.09140E+01        6.72509112063E+03
1.09200E+01        6.71829103273E+03
1.09260E+01        6.71150121377E+03
1.09320E+01        6.70472164318E+03
1.09380E+01        6.69795230041E+03
1.09440E+01        6.69119316501E+03
1.09500E+01        6.68444421654E+03
1.09560E+01        6.67770543463E+03
1.09620E+01        6.67097679896E+03
1.09680E+01        6.66425828926E+03
1.09740E+01        6.65754988530E+03
1.09800E+01        6.65085156691E+03
1.09860E+01        6.64416331398E+03
1.09920E+01        6.63748510643E+03
1.09980E+01        6.63081692424E+03
1.10040E+01        6.62415874743E+03
1.10100E+01        6.61751055609E+03
1.10160E+01        6.61087233033E+03
1.10220E+01        6.60424405035E+03
1.10280E+01        6.59762569635E+03
1.10340E+01        6.59101724862E+03
1.10400E+01        6.58441868748E+03
1.10460E+01        6.57782999329E+03
1.10520E+01        6.57125114648E+03
1.10580E+01        6.56468212752E+03
1.10640E+01        6.55812291692E+03
1.10700E+01        6.55157349525E+03
1.10760E+01        6.54503384311E+03
1.10820E+01        6.53850394117E+03
1.10880E+01        6.53198377014E+03
1.10940E+01        6.52547331076E+03
1.11000E+01        6.51897254385E+03
1.11060E+01        6.51248145025E+03
1.11120E+01        6.50600001086E+03
1.11180E+01        6.49952820662E+03
1.11240E+01        6.49306601851E+03
1.11300E+01        6.48661342759E+03
1.11360E+01        6.48017041493E+03
1.11420E+01        6.47373696166E+03
1.11480E+01        6.46731304895E+03
1.11540E+01        6.46089865804E+03
1.11600E+01        6.45449377018E+03
1.11660E+01        6.44809836669E+03
1.11720E+01        6.44171242893E+03
1.11780E+01        6.43533593830E+03
1.11840E+01        6.42896887626E+03
1.11900E+01        6.42261122431E+03
1.11960E+01        6.41626296397E+03
1.12020E+01        6.40992407684E+03
1.12080E+01        6.40359454455E+03
1.12140E+01        6.39727434878E+03
1.12200E+01        6.39096347123E+03
1.12260E+01        6.38466189369E+03
1.12320E+01        6.37836959796E+03
1.12380E+01        6.37208656589E+03
1.12440E+01        6.36581277938E+03
1.12500E+01        6.35954822037E+03
1.12560E+01        6.35329287084E+03
1.12620E+01        6.34704671284E+03
1.12680E+01        6.34080972842E+03
1.12740E+01        6.33458189970E+03
1.12800E+01        6.32836320885E+03
1.12860E+01        6.32215363807E+03
1.12920E+01        6.31595316960E+03
1.12980E+01        6.30976178573E+03
1.13040E+01        6.30357946880E+03
1.13100E+01        6.29740620118E+03
1.13160E+01        6.29124196528E+03
1.13220E+01        6.28508674357E+03
1.13280E+01        6.27894051854E+03
1.13340E+01        6.27280327275E+03
1.13400E+01        6.26667498878E+03
1.13460E+01        6.26055564925E+03
1.13520E+01        6.25444523684E+03
1.13580E+01        6.24834373426E+03
1.13640E+01        6.24225112427E+03
1.13700E+01        6.23616738965E+03
1.13760E+01        6.23009251325E+03
1.13820E+01        6.22402647794E+03
1.13880E+01        6.21796926665E+03
1.13940E+01        6.21192086232E+03
1.14000E+01        6.20588124797E+03
1.14060E+01        6.19985040664E+03
1.14120E+01        6.19382832140E+03
1.14180E+01        6.18781497539E+03
1.14240E+01        6.18181035176E+03
1.14300E+01        6.17581443372E+03
1.14360E+01        6.16982720452E+03
1.14420E+01        6.16384864743E+03
1.14480E+01        6.15787874579E+03
1.14540E+01        6.15191748295E+03
1.14600E+01        6.14596484233E+03
1.14660E+01        6.14002080736E+03
1.14720E+01        6.13408536152E+03
1.14780E+01        6.12815848835E+03
1.14840E+01        6.12224017140E+03
1.14900E+01        6.11633039428E+03
1.14960E+01        6.11042914062E+03
1.15020E+01        6.10453639410E+03
1.15080E+01        6.09865213845E+03
1.15140E+01        6.09277635741E+03
1.15200E+01        6.08690903479E+03
1.15260E+01        6.08105015442E+03
1.15320E+01        6.07519970017E+03
1.15380E+01        6.06935765596E+03
1.15440E+01        6.06352400572E+03
1.15500E+01        6.05769873346E+03
1.15560E+01        6.05188182319E+03
1.15620E+01        6.04607325897E+03
1.15680E+01        6.04027302492E+03
1.15740E+01        6.03448110516E+03
1.15800E+01        6.02869748388E+03
1.15860E+01        6.02292214529E+03
1.15920E+01        6.01715507363E+03
1.15980E+01        6.01139625320E+03
1.16040E+01        6.00564566832E+03
1.16100E+01        5.99990330336E+03
1.16160E+01        5.99416914272E+03
1.16220E+01        5.98844317082E+03
1.16280E+01        5.98272537215E+03
1.16340E+01        5.97701573121E+03
1.16400E+01        5.97131423256E+03
1.16460E+01        5.96562086076E+03
1.16520E+01        5.95993560045E+03
1.16580E+01        5.95425843627E+03
1.16640E+01        5.94858935293E+03
1.16700E+01        5.94292833514E+03
1.16760E+01        5.93727536767E+03
1.16820E+01        5.93163043531E+03
1.16880E+01        5.92599352291E+03
1.16940E+01        5.92036461533E+03
1.17000E+01        5.91474369749E+03
1.17060E+01        5.90913075431E+03
1.17120E+01        5.90352577078E+03
1.17180E+01        5.89792873191E+03
1.17240E+01        5.89233962275E+03
1.17300E+01        5.88675842837E+03
1.17360E+01        5.88118513390E+03
1.17420E+01        5.87561972449E+03
1.17480E+01        5.87006218532E+03
1.17540E+01        5.86451250161E+03
1.17600E+01        5.85897065863E+03
1.17660E+01        5.85343664165E+03
1.17720E+01        5.84791043602E+03
1.17780E+01        5.84239202707E+03
1.17840E+01        5.83688140021E+03
1.17900E+01        5.83137854087E+03
1.17960E+01        5.82588343450E+03
1.18020E+01        5.82039606660E+03
1.18080E+01        5.81491642269E+03
1.18140E+01        5.80944448835E+03
1.18200E+01        5.80398024916E+03
1.18260E+01        5.79852369076E+03
1.18320E+01        5.79307479880E+03
1.18380E+01        5.78763355899E+03
1.18440E+01        5.78219995705E+03
1.18500E+01        5.77677397875E+03
1.18560E+01        5.77135560987E+03
1.18620E+01        5.76594483626E+03
1.18680E+01        5.76054164376E+03
1.18740E+01        5.75514601828E+03
1.18800E+01        5.74975794574E+03
1.18860E+01        5.74437741209E+03
1.18920E+01        5.73900440334E+03
1.18980E+01        5.73363890551E+03
1.19040E+01        5.72828090464E+03
1.19100E+01        5.72293038684E+03
1.19160E+01        5.71758733821E+03
1.19220E+01        5.71225174492E+03
1.19280E+01        5.70692359314E+03
1.19340E+01        5.70160286910E+03
1.19400E+01        5.69628955905E+03
1.19460E+01        5.69098364925E+03
1.19520E+01        5.68568512603E+03
1.19580E+01        5.68039397573E+03
1.19640E+01        5.67511018471E+03
1.19700E+01        5.66983373940E+03
1.19760E+01        5.66456462622E+03
1.19820E+01        5.65930283164E+03
1.19880E+01        5.65404834217E+03
1.19940E+01        5.64880114432E+03
1.20000E+01        5.64356122467E+03
1.20060E+01        5.63832856981E+03
1.20120E+01        5.63310316636E+03
1.20180E+01        5.62788500097E+03
1.20240E+01        5.62267406032E+03
1.20300E+01        5.61747033113E+03
1.20360E+01        5.61227380016E+03
1.20420E+01        5.60708445416E+03
1.20480E+01        5.60190227995E+03
1.20540E+01        5.59672726436E+03
1.20600E+01        5.59155939426E+03
1.20660E+01        5.58639865654E+03
1.20720E+01        5.58124503813E+03
1.20780E+01        5.57609852599E+03
1.20840E+01        5.57095910710E+03
1.20900E+01        5.56582676847E+03
1.20960E+01        5.56070149716E+03
1.21020E+01        5.55558328022E+03
1.21080E+01        5.55047210478E+03
1.21140E+01        5.54536795795E+03
1.21200E+01        5.54027082691E+03
1.21260E+01        5.53518069884E+03
1.21320E+01        5.53009756096E+03
1.21380E+01        5.52502140053E+03
1.21440E+01        5.51995220482E+03
1.21500E+01        5.51488996114E+03
1.21560E+01        5.50983465682E+03
1.21620E+01        5.50478627923E+03
1.21680E+01        5.49974481576E+03
1.21740E+01        5.49471025384E+03
1.21800E+01        5.48968258092E+03
1.21860E+01        5.48466178447E+03
1.21920E+01        5.47964785200E+03
1.21980E+01        5.47464077105E+03
1.22040E+01        5.46964052917E+03
1.22100E+01        5.46464711397E+03
1.22160E+01        5.45966051306E+03
1.22220E+01        5.45468071409E+03
1.22280E+01        5.44970770474E+03
1.22340E+01        5.44474147270E+03
1.22400E+01        5.43978200571E+03
1.22460E+01        5.43482929154E+03
1.22520E+01        5.42988331795E+03
1.22580E+01        5.42494407277E+03
1.22640E+01        5.42001154385E+03
1.22700E+01        5.41508571904E+03
1.22760E+01        5.41016658624E+03
1.22820E+01        5.40525413338E+03
1.22880E+01        5.40034834841E+03
1.22940E+01        5.39544921930E+03
1.23000E+01        5.39055673406E+03
1.23060E+01        5.38567088072E+03
1.23120E+01        5.38079164734E+03
1.23180E+01        5.37591902200E+03
1.23240E+01        5.37105299282E+03
1.23300E+01        5.36619354792E+03
1.23360E+01        5.36134067549E+03
1.23420E+01        5.35649436370E+03
1.23480E+01        5.35165460077E+03
1.23540E+01        5.34682137496E+03
1.23600E+01        5.34199467452E+03
1.23660E+01        5.33717448776E+03
1.23720E+01        5.33236080300E+03
1.23780E+01        5.32755360859E+03
1.23840E+01        5.32275289290E+03
1.23900E+01        5.31795864432E+03
1.23960E+01        5.31317085130E+03
1.24020E+01        5.30838950228E+03
1.24080E+01        5.30361458574E+03
1.24140E+01        5.29884609017E+03
1.24200E+01        5.29408400412E+03
1.24260E+01        5.28932831614E+03
1.24320E+01        5.28457901480E+03
1.24380E+01        5.27983608871E+03
1.24440E+01        5.27509952650E+03
1.24500E+01        5.27036931683E+03
1.24560E+01        5.26564544838E+03
1.24620E+01        5.26092790986E+03
1.24680E+01        5.25621668999E+03
1.24740E+01        5.25151177753E+03
1.24800E+01        5.24681316127E+03
1.24860E+01        5.24212083001E+03
1.24920E+01        5.23743477258E+03
1.24980E+01        5.23275497783E+03
1.25040E+01        5.22808143466E+03
1.25100E+01        5.22341413195E+03
1.25160E+01        5.21875305865E+03
1.25220E+01        5.21409820369E+03
1.25280E+01        5.20944955608E+03
1.25340E+01        5.20480710479E+03
1.25400E+01        5.20017083887E+03
1.25460E+01        5.19554074737E+03
1.25520E+01        5.19091681935E+03
1.25580E+01        5.18629904391E+03
1.25640E+01        5.18168741019E+03
1.25700E+01        5.17708190732E+03
1.25760E+01        5.17248252449E+03
1.25820E+01        5.16788925087E+03
1.25880E+01        5.16330207570E+03
1.25940E+01        5.15872098821E+03
1.26000E+01        5.15414597767E+03
1.26060E+01        5.14957703337E+03
1.26120E+01        5.14501414462E+03
1.26180E+01        5.14045730077E+03
1.26240E+01        5.13590649115E+03
1.26300E+01        5.13136170517E+03
1.26360E+01        5.12682293223E+03
1.26420E+01        5.12229016176E+03
1.26480E+01        5.11776338320E+03
1.26540E+01        5.11324258604E+03
1.26600E+01        5.10872775978E+03
1.26660E+01        5.10421889393E+03
1.26720E+01        5.09971597804E+03
1.26780E+01        5.09521900168E+03
1.26840E+01        5.09072795444E+03
1.26900E+01        5.08624282593E+03
1.26960E+01        5.08176360578E+03
1.27020E+01        5.07729028367E+03
1.27080E+01        5.07282284925E+03
1.27140E+01        5.06836129225E+03
1.27200E+01        5.06390560238E+03
1.27260E+01        5.05945576940E+03
1.27320E+01        5.05501178307E+03
1.27380E+01        5.05057363319E+03
1.27440E+01        5.04614130956E+03
1.27500E+01        5.04171480204E+03
1.27560E+01        5.03729410047E+03
1.27620E+01        5.03287919474E+03
1.27680E+01        5.02847007475E+03
1.27740E+01        5.02406673043E+03
1.27800E+01        5.01966915172E+03
1.27860E+01        5.01527732859E+03
1.27920E+01        5.01089125103E+03
1.27980E+01        5.00651090906E+03
1.28040E+01        5.00213629270E+03
1.28100E+01        4.99776739201E+03
1.28160E+01        4.99340419708E+03
1.28220E+01        4.98904669799E+03
1.28280E+01        4.98469488487E+03
1.28340E+01        4.98034874785E+03
1.28400E+01        4.97600827710E+03
1.28460E+01        4.97167346281E+03
1.28520E+01        4.96734429518E+03
1.28580E+01        4.96302076443E+03
1.28640E+01        4.95870286080E+03
1.28700E+01        4.95439057458E+03
1.28760E+01        4.95008389604E+03
1.28820E+01        4.94578281550E+03
1.28880E+01        4.94148732329E+03
1.28940E+01        4.93719740975E+03
1.29000E+01        4.93291306527E+03
1.29060E+01        4.92863428022E+03
1.29120E+01        4.92436104504E+03
1.29180E+01        4.92009335014E+03
1.29240E+01        4.91583118599E+03
1.29300E+01        4.91157454306E+03
1.29360E+01        4.90732341184E+03
1.29420E+01        4.90307778286E+03
1.29480E+01        4.89883764664E+03
1.29540E+01        4.89460299375E+03
1.29600E+01        4.89037381475E+03
1.29660E+01        4.88615010026E+03
1.29720E+01        4.88193184088E+03
1.29780E+01        4.87771902725E+03
1.29840E+01        4.87351165003E+03
1.29900E+01        4.86930969989E+03
1.29960E+01        4.86511316754E+03
1.30020E+01        4.86092204368E+03
1.30080E+01        4.85673631906E+03
1.30140E+01        4.85255598443E+03
1.30200E+01        4.84838103057E+03
1.30260E+01        4.84421144828E+03
1.30320E+01        4.84004722836E+03
1.30380E+01        4.83588836166E+03
1.30440E+01        4.83173483902E+03
1.30500E+01        4.82758665133E+03
1.30560E+01        4.82344378947E+03
1.30620E+01        4.81930624436E+03
1.30680E+01        4.81517400693E+03
1.30740E+01        4.81104706813E+03
1.30800E+01        4.80692541893E+03
1.30860E+01        4.80280905033E+03
1.30920E+01        4.79869795332E+03
1.30980E+01        4.79459211894E+03
1.31040E+01        4.79049153824E+03
1.31100E+01        4.78639620227E+03
1.31160E+01        4.78230610213E+03
1.31220E+01        4.77822122892E+03
1.31280E+01        4.77414157376E+03
1.31340E+01        4.77006712780E+03
1.31400E+01        4.76599788218E+03
1.31460E+01        4.76193382810E+03
1.31520E+01        4.75787495674E+03
1.31580E+01        4.75382125933E+03
1.31640E+01        4.74977272709E+03
1.31700E+01        4.74572935129E+03
1.31760E+01        4.74169112319E+03
1.31820E+01        4.73765803408E+03
1.31880E+01        4.73363007527E+03
1.31940E+01        4.72960723808E+03
1.32000E+01        4.72558951387E+03
1.32060E+01        4.72157689400E+03
1.32120E+01        4.71756936983E+03
1.32180E+01        4.71356693279E+03
1.32240E+01        4.70956957427E+03
1.32300E+01        4.70557728572E+03
1.32360E+01        4.70159005860E+03
1.32420E+01        4.69760788436E+03
1.32480E+01        4.69363075450E+03
1.32540E+01        4.68965866054E+03
1.32600E+01        4.68569159398E+03
1.32660E+01        4.68172954638E+03
1.32720E+01        4.67777250930E+03
1.32780E+01        4.67382047431E+03
1.32840E+01        4.66987343301E+03
1.32900E+01        4.66593137701E+03
1.32960E+01        4.66199429795E+03
1.33020E+01        4.65806218747E+03
1.33080E+01        4.65413503723E+03
1.33140E+01        4.65021283893E+03
1.33200E+01        4.64629558426E+03
1.33260E+01        4.64238326493E+03
1.33320E+01        4.63847587269E+03
1.33380E+01        4.63457339929E+03
1.33440E+01        4.63067583650E+03
1.33500E+01        4.62678317609E+03
1.33560E+01        4.62289540988E+03
1.33620E+01        4.61901252970E+03
1.33680E+01        4.61513452736E+03
1.33740E+01        4.61126139474E+03
1.33800E+01        4.60739312370E+03
1.33860E+01        4.60352970613E+03
1.33920E+01        4.59967113394E+03
1.33980E+01        4.59581739905E+03
1.34040E+01        4.59196849339E+03
1.34100E+01        4.58812440894E+03
1.34160E+01        4.58428513764E+03
1.34220E+01        4.58045067151E+03
1.34280E+01        4.57662100254E+03
1.34340E+01        4.57279612275E+03
1.34400E+01        4.56897602419E+03
1.34460E+01        4.56516069891E+03
1.34520E+01        4.56135013898E+03
1.34580E+01        4.55754433649E+03
1.34640E+01        4.55374328354E+03
1.34700E+01        4.54994697226E+03
1.34760E+01        4.54615539478E+03
1.34820E+01        4.54236854326E+03
1.34880E+01        4.53858640987E+03
1.34940E+01        4.53480898679E+03
1.35000E+01        4.53103626622E+03
1.35060E+01        4.52726824039E+03
1.35120E+01        4.52350490153E+03
1.35180E+01        4.51974624188E+03
1.35240E+01        4.51599225371E+03
1.35300E+01        4.51224292931E+03
1.35360E+01        4.50849826098E+03
1.35420E+01        4.50475824102E+03
1.35480E+01        4.50102286176E+03
1.35540E+01        4.49729211557E+03
1.35600E+01        4.49356599478E+03
1.35660E+01        4.48984449178E+03
1.35720E+01        4.48612759897E+03
1.35780E+01        4.48241530875E+03
1.35840E+01        4.47870761354E+03
1.35900E+01        4.47500450579E+03
1.35960E+01        4.47130597795E+03
1.36020E+01        4.46761202248E+03
1.36080E+01        4.46392263188E+03
1.36140E+01        4.46023779865E+03
1.36200E+01        4.45655751529E+03
1.36260E+01        4.45288177435E+03
1.36320E+01        4.44921056837E+03
1.36380E+01        4.44554388992E+03
1.36440E+01        4.44188173156E+03
1.36500E+01        4.43822408590E+03
1.36560E+01        4.43457094553E+03
1.36620E+01        4.43092230309E+03
1.36680E+01        4.42727815121E+03
1.36740E+01        4.42363848255E+03
1.36800E+01        4.42000328976E+03
1.36860E+01        4.41637256554E+03
1.36920E+01        4.41274630258E+03
1.36980E+01        4.40912449359E+03
1.37040E+01        4.40550713131E+03
1.37100E+01        4.40189420847E+03
1.37160E+01        4.39828571783E+03
1.37220E+01        4.39468165216E+03
1.37280E+01        4.39108200425E+03
1.37340E+01        4.38748676691E+03
1.37400E+01        4.38389593293E+03
1.37460E+01        4.38030949516E+03
1.37520E+01        4.37672744644E+03
1.37580E+01        4.37314977963E+03
1.37640E+01        4.36957648761E+03
1.37700E+01        4.36600756325E+03
1.37760E+01        4.36244299947E+03
1.37820E+01        4.35888278918E+03
1.37880E+01        4.35532692531E+03
1.37940E+01        4.35177540081E+03
1.38000E+01        4.34822820863E+03
1.38060E+01        4.34468534176E+03
1.38120E+01        4.34114679317E+03
1.38180E+01        4.33761255588E+03
1.38240E+01        4.33408262290E+03
1.38300E+01        4.33055698725E+03
1.38360E+01        4.32703564199E+03
1.38420E+01        4.32351858018E+03
1.38480E+01        4.32000579487E+03
1.38540E+01        4.31649727917E+03
1.38600E+01        4.31299302617E+03
1.38660E+01        4.30949302899E+03
1.38720E+01        4.30599728076E+03
1.38780E+01        4.30250577461E+03
1.38840E+01        4.29901850371E+03
1.38900E+01        4.29553546122E+03
1.38960E+01        4.29205664032E+03
1.39020E+01        4.28858203422E+03
1.39080E+01        4.28511163613E+03
1.39140E+01        4.28164543927E+03
1.39200E+01        4.27818343687E+03
1.39260E+01        4.27472562219E+03
1.39320E+01        4.27127198850E+03
1.39380E+01        4.26782252906E+03
1.39440E+01        4.26437723719E+03
1.39500E+01        4.26093610617E+03
1.39560E+01        4.25749912934E+03
1.39620E+01        4.25406630001E+03
1.39680E+01        4.25063761155E+03
1.39740E+01        4.24721305730E+03
1.39800E+01        4.24379263063E+03
1.39860E+01        4.24037632495E+03
1.39920E+01        4.23696413363E+03
1.39980E+01        4.23355605010E+03
1.40040E+01        4.23015206778E+03
