# %ECSV 0.9
# ---
# datatype:
# - {name: wavelength, unit: micron, datatype: float64}
# - {name: flux, unit: microJansky, datatype: float64}
# schema: astropy-2.0
#
#
#  - - File generated by ExoNoodle - -
#         V1.0.0 - MML (CEA-Saclay)
#       2021-02-26 14:01:48.325215
wavelength flux 
3.00000E+00        5.69545815913E+04
3.00600E+00        5.68002753636E+04
3.01200E+00        5.66465286420E+04
3.01800E+00        5.64933393171E+04
3.02400E+00        5.63407052823E+04
3.03000E+00        5.61886244339E+04
3.03600E+00        5.60370946710E+04
3.04200E+00        5.58861138957E+04
3.04800E+00        5.57356800135E+04
3.05400E+00        5.55857909329E+04
3.06000E+00        5.54364445662E+04
3.06600E+00        5.52876388290E+04
3.07200E+00        5.51393716403E+04
3.07800E+00        5.49916409233E+04
3.08400E+00        5.48444446048E+04
3.09000E+00        5.46977806155E+04
3.09600E+00        5.45516468902E+04
3.10200E+00        5.44060413679E+04
3.10800E+00        5.42609619918E+04
3.11400E+00        5.41164067093E+04
3.12000E+00        5.39723734723E+04
3.12600E+00        5.38288602372E+04
3.13200E+00        5.36858649650E+04
3.13800E+00        5.35433856212E+04
3.14400E+00        5.34014201762E+04
3.15000E+00        5.32599666051E+04
3.15600E+00        5.31190228878E+04
3.16200E+00        5.29785870094E+04
3.16800E+00        5.28386569598E+04
3.17400E+00        5.26992307340E+04
3.18000E+00        5.25603063323E+04
3.18600E+00        5.24218817599E+04
3.19200E+00        5.22839550276E+04
3.19800E+00        5.21465241513E+04
3.20400E+00        5.20095871524E+04
3.21000E+00        5.18731420577E+04
3.21600E+00        5.17371868995E+04
3.22200E+00        5.16017197156E+04
3.22800E+00        5.14667385493E+04
3.23400E+00        5.13322414498E+04
3.24000E+00        5.11982264718E+04
3.24600E+00        5.10646916757E+04
3.25200E+00        5.09316351277E+04
3.25800E+00        5.07990549000E+04
3.26400E+00        5.06669490702E+04
3.27000E+00        5.05353157223E+04
3.27600E+00        5.04041529459E+04
3.28200E+00        5.02734588367E+04
3.28800E+00        5.01432314962E+04
3.29400E+00        5.00134690323E+04
3.30000E+00        4.98841695584E+04
3.30600E+00        4.97553311946E+04
3.31200E+00        4.96269520667E+04
3.31800E+00        4.94990303067E+04
3.32400E+00        4.93715640529E+04
3.33000E+00        4.92445514496E+04
3.33600E+00        4.91179906476E+04
3.34200E+00        4.89918798037E+04
3.34800E+00        4.88662170809E+04
3.35400E+00        4.87410006487E+04
3.36000E+00        4.86162286829E+04
3.36600E+00        4.84918993653E+04
3.37200E+00        4.83680108844E+04
3.37800E+00        4.82445614348E+04
3.38400E+00        4.81215492175E+04
3.39000E+00        4.79989724401E+04
3.39600E+00        4.78768293163E+04
3.40200E+00        4.77551180663E+04
3.40800E+00        4.76338369169E+04
3.41400E+00        4.75129841009E+04
3.42000E+00        4.73925578579E+04
3.42600E+00        4.72725564339E+04
3.43200E+00        4.71529780812E+04
3.43800E+00        4.70338210587E+04
3.44400E+00        4.69150836315E+04
3.45000E+00        4.67967640716E+04
3.45600E+00        4.66788606571E+04
3.46200E+00        4.65613716727E+04
3.46800E+00        4.64442954097E+04
3.47400E+00        4.63276301656E+04
3.48000E+00        4.62113742447E+04
3.48600E+00        4.60955259575E+04
3.49200E+00        4.59800836213E+04
3.49800E+00        4.58650455595E+04
3.50400E+00        4.57504101023E+04
3.51000E+00        4.56361755864E+04
3.51600E+00        4.55223403546E+04
3.52200E+00        4.54089027566E+04
3.52800E+00        4.52958611483E+04
3.53400E+00        4.51832138924E+04
3.54000E+00        4.50709593576E+04
3.54600E+00        4.49590959194E+04
3.55200E+00        4.48476219596E+04
3.55800E+00        4.47365358667E+04
3.56400E+00        4.46258360354E+04
3.57000E+00        4.45155208668E+04
3.57600E+00        4.44055887686E+04
3.58200E+00        4.42960381549E+04
3.58800E+00        4.41868674461E+04
3.59400E+00        4.40780750692E+04
3.60000E+00        4.39696594574E+04
3.60600E+00        4.38616190505E+04
3.61200E+00        4.37539522944E+04
3.61800E+00        4.36466576416E+04
3.62400E+00        4.35397335508E+04
3.63000E+00        4.34331784873E+04
3.63600E+00        4.33269909226E+04
3.64200E+00        4.32211693343E+04
3.64800E+00        4.31157122066E+04
3.65400E+00        4.30106180301E+04
3.66000E+00        4.29058853012E+04
3.66600E+00        4.28015125232E+04
3.67200E+00        4.26974982051E+04
3.67800E+00        4.25938408625E+04
3.68400E+00        4.24905390173E+04
3.69000E+00        4.23875911972E+04
3.69600E+00        4.22849959366E+04
3.70200E+00        4.21827517757E+04
3.70800E+00        4.20808572612E+04
3.71400E+00        4.19793109458E+04
3.72000E+00        4.18781113882E+04
3.72600E+00        4.17772571537E+04
3.73200E+00        4.16767468131E+04
3.73800E+00        4.15765789439E+04
3.74400E+00        4.14767521292E+04
3.75000E+00        4.13772649586E+04
3.75600E+00        4.12781160274E+04
3.76200E+00        4.11793039371E+04
3.76800E+00        4.10808272952E+04
3.77400E+00        4.09826847153E+04
3.78000E+00        4.08848748167E+04
3.78600E+00        4.07873962251E+04
3.79200E+00        4.06902475717E+04
3.79800E+00        4.05934274940E+04
3.80400E+00        4.04969346352E+04
3.81000E+00        4.04007676445E+04
3.81600E+00        4.03049251769E+04
3.82200E+00        4.02094058934E+04
3.82800E+00        4.01142084606E+04
3.83400E+00        4.00193315512E+04
3.84000E+00        3.99247738436E+04
3.84600E+00        3.98305340219E+04
3.85200E+00        3.97366107761E+04
3.85800E+00        3.96430028018E+04
3.86400E+00        3.95497088006E+04
3.87000E+00        3.94567274794E+04
3.87600E+00        3.93640575513E+04
3.88200E+00        3.92716977346E+04
3.88800E+00        3.91796467536E+04
3.89400E+00        3.90879033379E+04
3.90000E+00        3.89964662231E+04
3.90600E+00        3.89053341502E+04
3.91200E+00        3.88145058657E+04
3.91800E+00        3.87239801217E+04
3.92400E+00        3.86337556759E+04
3.93000E+00        3.85438312916E+04
3.93600E+00        3.84542057374E+04
3.94200E+00        3.83648777874E+04
3.94800E+00        3.82758462214E+04
3.95400E+00        3.81871098242E+04
3.96000E+00        3.80986673865E+04
3.96600E+00        3.80105177040E+04
3.97200E+00        3.79226595781E+04
3.97800E+00        3.78350918152E+04
3.98400E+00        3.77478132274E+04
3.99000E+00        3.76608226319E+04
3.99600E+00        3.75741188511E+04
4.00200E+00        3.74877007130E+04
4.00800E+00        3.74015670506E+04
4.01400E+00        3.73157167022E+04
4.02000E+00        3.72301485113E+04
4.02600E+00        3.71448613266E+04
4.03200E+00        3.70598540019E+04
4.03800E+00        3.69751253964E+04
4.04400E+00        3.68906743741E+04
4.05000E+00        3.68064998043E+04
4.05600E+00        3.67226005614E+04
4.06200E+00        3.66389755247E+04
4.06800E+00        3.65556235789E+04
4.07400E+00        3.64725436132E+04
4.08000E+00        3.63897345224E+04
4.08600E+00        3.63071952057E+04
4.09200E+00        3.62249245678E+04
4.09800E+00        3.61429215180E+04
4.10400E+00        3.60611849707E+04
4.11000E+00        3.59797138450E+04
4.11600E+00        3.58985070651E+04
4.12200E+00        3.58175635599E+04
4.12800E+00        3.57368822634E+04
4.13400E+00        3.56564621141E+04
4.14000E+00        3.55763020555E+04
4.14600E+00        3.54964010358E+04
4.15200E+00        3.54167580080E+04
4.15800E+00        3.53373719299E+04
4.16400E+00        3.52582417640E+04
4.17000E+00        3.51793664773E+04
4.17600E+00        3.51007450417E+04
4.18200E+00        3.50223764337E+04
4.18800E+00        3.49442596345E+04
4.19400E+00        3.48663936298E+04
4.20000E+00        3.47887774101E+04
4.20600E+00        3.47114099701E+04
4.21200E+00        3.46342903095E+04
4.21800E+00        3.45574174323E+04
4.22400E+00        3.44807903471E+04
4.23000E+00        3.44044080669E+04
4.23600E+00        3.43282696093E+04
4.24200E+00        3.42523739962E+04
4.24800E+00        3.41767202543E+04
4.25400E+00        3.41013074142E+04
4.26000E+00        3.40261345113E+04
4.26600E+00        3.39512005853E+04
4.27200E+00        3.38765046802E+04
4.27800E+00        3.38020458443E+04
4.28400E+00        3.37278231304E+04
4.29000E+00        3.36538355953E+04
4.29600E+00        3.35800823006E+04
4.30200E+00        3.35065623115E+04
4.30800E+00        3.34332746980E+04
4.31400E+00        3.33602185341E+04
4.32000E+00        3.32873928981E+04
4.32600E+00        3.32147968722E+04
4.33200E+00        3.31424295431E+04
4.33800E+00        3.30702900017E+04
4.34400E+00        3.29983773426E+04
4.35000E+00        3.29266906650E+04
4.35600E+00        3.28552290718E+04
4.36200E+00        3.27839916703E+04
4.36800E+00        3.27129775717E+04
4.37400E+00        3.26421858913E+04
4.38000E+00        3.25716157482E+04
4.38600E+00        3.25012662658E+04
4.39200E+00        3.24311365713E+04
4.39800E+00        3.23612257960E+04
4.40400E+00        3.22915330750E+04
4.41000E+00        3.22220575474E+04
4.41600E+00        3.21527983563E+04
4.42200E+00        3.20837546484E+04
4.42800E+00        3.20149255747E+04
4.43400E+00        3.19463102897E+04
4.44000E+00        3.18779079519E+04
4.44600E+00        3.18097177235E+04
4.45200E+00        3.17417387707E+04
4.45800E+00        3.16739702634E+04
4.46400E+00        3.16064113750E+04
4.47000E+00        3.15390612832E+04
4.47600E+00        3.14719191689E+04
4.48200E+00        3.14049842169E+04
4.48800E+00        3.13382556159E+04
4.49400E+00        3.12717325580E+04
4.50000E+00        3.12054142391E+04
4.50600E+00        3.11392998587E+04
4.51200E+00        3.10733886198E+04
4.51800E+00        3.10076797294E+04
4.52400E+00        3.09421723976E+04
4.53000E+00        3.08768658384E+04
4.53600E+00        3.08117592693E+04
4.54200E+00        3.07468519113E+04
4.54800E+00        3.06821429890E+04
4.55400E+00        3.06176317302E+04
4.56000E+00        3.05533173667E+04
4.56600E+00        3.04891991334E+04
4.57200E+00        3.04252762688E+04
4.57800E+00        3.03615480148E+04
4.58400E+00        3.02980136167E+04
4.59000E+00        3.02346723232E+04
4.59600E+00        3.01715233866E+04
4.60200E+00        3.01085660622E+04
4.60800E+00        3.00457996091E+04
4.61400E+00        2.99832232894E+04
4.62000E+00        2.99208363686E+04
4.62600E+00        2.98586381156E+04
4.63200E+00        2.97966278026E+04
4.63800E+00        2.97348047050E+04
4.64400E+00        2.96731681015E+04
4.65000E+00        2.96117172740E+04
4.65600E+00        2.95504515078E+04
4.66200E+00        2.94893700911E+04
4.66800E+00        2.94284723157E+04
4.67400E+00        2.93677574763E+04
4.68000E+00        2.93072248709E+04
4.68600E+00        2.92468738006E+04
4.69200E+00        2.91867035696E+04
4.69800E+00        2.91267134854E+04
4.70400E+00        2.90669028584E+04
4.71000E+00        2.90072710022E+04
4.71600E+00        2.89478172334E+04
4.72200E+00        2.88885408720E+04
4.72800E+00        2.88294412405E+04
4.73400E+00        2.87705176648E+04
4.74000E+00        2.87117694739E+04
4.74600E+00        2.86531959995E+04
4.75200E+00        2.85947965765E+04
4.75800E+00        2.85365705427E+04
4.76400E+00        2.84785172388E+04
4.77000E+00        2.84206360088E+04
4.77600E+00        2.83629261991E+04
4.78200E+00        2.83053871595E+04
4.78800E+00        2.82480182423E+04
4.79400E+00        2.81908188030E+04
4.80000E+00        2.81337881999E+04
4.80600E+00        2.80769257942E+04
4.81200E+00        2.80202309497E+04
4.81800E+00        2.79637030333E+04
4.82400E+00        2.79073414146E+04
4.83000E+00        2.78511454662E+04
4.83600E+00        2.77951145633E+04
4.84200E+00        2.77392480838E+04
4.84800E+00        2.76835454087E+04
4.85400E+00        2.76280059214E+04
4.86000E+00        2.75726290082E+04
4.86600E+00        2.75174140583E+04
4.87200E+00        2.74623604632E+04
4.87800E+00        2.74074676175E+04
4.88400E+00        2.73527349184E+04
4.89000E+00        2.72981617655E+04
4.89600E+00        2.72437475614E+04
4.90200E+00        2.71894917111E+04
4.90800E+00        2.71353936226E+04
4.91400E+00        2.70814527060E+04
4.92000E+00        2.70276683745E+04
4.92600E+00        2.69740400436E+04
4.93200E+00        2.69205671315E+04
4.93800E+00        2.68672490589E+04
4.94400E+00        2.68140852491E+04
4.95000E+00        2.67610751281E+04
4.95600E+00        2.67082181241E+04
4.96200E+00        2.66555136681E+04
4.96800E+00        2.66029611936E+04
4.97400E+00        2.65505601364E+04
4.98000E+00        2.64983099350E+04
4.98600E+00        2.64462100303E+04
4.99200E+00        2.63942598656E+04
4.99800E+00        2.63424588866E+04
5.00400E+00        2.62908065418E+04
5.01000E+00        2.62393022816E+04
5.01600E+00        2.61879455592E+04
5.02200E+00        2.61367358301E+04
5.02800E+00        2.60856725521E+04
5.03400E+00        2.60347551855E+04
5.04000E+00        2.59839831929E+04
5.04600E+00        2.59333560393E+04
5.05200E+00        2.58828731921E+04
5.05800E+00        2.58325341208E+04
5.06400E+00        2.57823382975E+04
5.07000E+00        2.57322851964E+04
5.07600E+00        2.56823742941E+04
5.08200E+00        2.56326050696E+04
5.08800E+00        2.55829770039E+04
5.09400E+00        2.55334895805E+04
5.10000E+00        2.54841422850E+04
5.10600E+00        2.54349346055E+04
5.11200E+00        2.53858660320E+04
5.11800E+00        2.53369360568E+04
5.12400E+00        2.52881441747E+04
5.13000E+00        2.52394898824E+04
5.13600E+00        2.51909726788E+04
5.14200E+00        2.51425920652E+04
5.14800E+00        2.50943475448E+04
5.15400E+00        2.50462386231E+04
5.16000E+00        2.49982648078E+04
5.16600E+00        2.49504256086E+04
5.17200E+00        2.49027205375E+04
5.17800E+00        2.48551491084E+04
5.18400E+00        2.48077108375E+04
5.19000E+00        2.47604052429E+04
5.19600E+00        2.47132318451E+04
5.20200E+00        2.46661901663E+04
5.20800E+00        2.46192797310E+04
5.21400E+00        2.45725000657E+04
5.22000E+00        2.45258506990E+04
5.22600E+00        2.44793311614E+04
5.23200E+00        2.44329409856E+04
5.23800E+00        2.43866797060E+04
5.24400E+00        2.43405468595E+04
5.25000E+00        2.42945419846E+04
5.25600E+00        2.42486646219E+04
5.26200E+00        2.42029143141E+04
5.26800E+00        2.41572906056E+04
5.27400E+00        2.41117930429E+04
5.28000E+00        2.40664211747E+04
5.28600E+00        2.40211745511E+04
5.29200E+00        2.39760527247E+04
5.29800E+00        2.39310552496E+04
5.30400E+00        2.38861816819E+04
5.31000E+00        2.38414315799E+04
5.31600E+00        2.37968045033E+04
5.32200E+00        2.37523000142E+04
5.32800E+00        2.37079176761E+04
5.33400E+00        2.36636570546E+04
5.34000E+00        2.36195177173E+04
5.34600E+00        2.35754992333E+04
5.35200E+00        2.35316011738E+04
5.35800E+00        2.34878231118E+04
5.36400E+00        2.34441646220E+04
5.37000E+00        2.34006252810E+04
5.37600E+00        2.33572046672E+04
5.38200E+00        2.33139023608E+04
5.38800E+00        2.32707179438E+04
5.39400E+00        2.32276509998E+04
5.40000E+00        2.31847011145E+04
5.40600E+00        2.31418678750E+04
5.41200E+00        2.30991508705E+04
5.41800E+00        2.30565496916E+04
5.42400E+00        2.30140639309E+04
5.43000E+00        2.29716931827E+04
5.43600E+00        2.29294370428E+04
5.44200E+00        2.28872951089E+04
5.44800E+00        2.28452669804E+04
5.45400E+00        2.28033522583E+04
5.46000E+00        2.27615505454E+04
5.46600E+00        2.27198614461E+04
5.47200E+00        2.26782845665E+04
5.47800E+00        2.26368195143E+04
5.48400E+00        2.25954658989E+04
5.49000E+00        2.25542233314E+04
5.49600E+00        2.25130914244E+04
5.50200E+00        2.24720697923E+04
5.50800E+00        2.24311580510E+04
5.51400E+00        2.23903558180E+04
5.52000E+00        2.23496627125E+04
5.52600E+00        2.23090783552E+04
5.53200E+00        2.22686023685E+04
5.53800E+00        2.22282343764E+04
5.54400E+00        2.21879740042E+04
5.55000E+00        2.21478208791E+04
5.55600E+00        2.21077746298E+04
5.56200E+00        2.20678348863E+04
5.56800E+00        2.20280012805E+04
5.57400E+00        2.19882734455E+04
5.58000E+00        2.19486510163E+04
5.58600E+00        2.19091336290E+04
5.59200E+00        2.18697209216E+04
5.59800E+00        2.18304125335E+04
5.60400E+00        2.17912081053E+04
5.61000E+00        2.17521072796E+04
5.61600E+00        2.17131097001E+04
5.62200E+00        2.16742150121E+04
5.62800E+00        2.16354228625E+04
5.63400E+00        2.15967328994E+04
5.64000E+00        2.15581447727E+04
5.64600E+00        2.15196581334E+04
5.65200E+00        2.14812726342E+04
5.65800E+00        2.14429879291E+04
5.66400E+00        2.14048036736E+04
5.67000E+00        2.13667195247E+04
5.67600E+00        2.13287351406E+04
5.68200E+00        2.12908501810E+04
5.68800E+00        2.12530643073E+04
5.69400E+00        2.12153771817E+04
5.70000E+00        2.11777884684E+04
5.70600E+00        2.11402978327E+04
5.71200E+00        2.11029049411E+04
5.71800E+00        2.10656094619E+04
5.72400E+00        2.10284110643E+04
5.73000E+00        2.09913094194E+04
5.73600E+00        2.09543041991E+04
5.74200E+00        2.09173950770E+04
5.74800E+00        2.08805817278E+04
5.75400E+00        2.08438638279E+04
5.76000E+00        2.08072410547E+04
5.76600E+00        2.07707130869E+04
5.77200E+00        2.07342796048E+04
5.77800E+00        2.06979402898E+04
5.78400E+00        2.06616948246E+04
5.79000E+00        2.06255428932E+04
5.79600E+00        2.05894841810E+04
5.80200E+00        2.05535183747E+04
5.80800E+00        2.05176451620E+04
5.81400E+00        2.04818642322E+04
5.82000E+00        2.04461752758E+04
5.82600E+00        2.04105779843E+04
5.83200E+00        2.03750720508E+04
5.83800E+00        2.03396571694E+04
5.84400E+00        2.03043330356E+04
5.85000E+00        2.02690993461E+04
5.85600E+00        2.02339557988E+04
5.86200E+00        2.01989020927E+04
5.86800E+00        2.01639379284E+04
5.87400E+00        2.01290630072E+04
5.88000E+00        2.00942770321E+04
5.88600E+00        2.00595797069E+04
5.89200E+00        2.00249707369E+04
5.89800E+00        1.99904498284E+04
5.90400E+00        1.99560166891E+04
5.91000E+00        1.99216710275E+04
5.91600E+00        1.98874125536E+04
5.92200E+00        1.98532409786E+04
5.92800E+00        1.98191560146E+04
5.93400E+00        1.97851573751E+04
5.94000E+00        1.97512447745E+04
5.94600E+00        1.97174179287E+04
5.95200E+00        1.96836765544E+04
5.95800E+00        1.96500203696E+04
5.96400E+00        1.96164490935E+04
5.97000E+00        1.95829624462E+04
5.97600E+00        1.95495601492E+04
5.98200E+00        1.95162419249E+04
5.98800E+00        1.94830074970E+04
5.99400E+00        1.94498565900E+04
6.00000E+00        1.94167889298E+04
6.00600E+00        1.93838042434E+04
6.01200E+00        1.93509022586E+04
6.01800E+00        1.93180827045E+04
6.02400E+00        1.92853453114E+04
6.03000E+00        1.92526898104E+04
6.03600E+00        1.92201159337E+04
6.04200E+00        1.91876234149E+04
6.04800E+00        1.91552119882E+04
6.05400E+00        1.91228813893E+04
6.06000E+00        1.90906313545E+04
6.06600E+00        1.90584616215E+04
6.07200E+00        1.90263719288E+04
6.07800E+00        1.89943620163E+04
6.08400E+00        1.89624316244E+04
6.09000E+00        1.89305804950E+04
6.09600E+00        1.88988083708E+04
6.10200E+00        1.88671149955E+04
6.10800E+00        1.88355001139E+04
6.11400E+00        1.88039634717E+04
6.12000E+00        1.87725048158E+04
6.12600E+00        1.87411238939E+04
6.13200E+00        1.87098204548E+04
6.13800E+00        1.86785942483E+04
6.14400E+00        1.86474450250E+04
6.15000E+00        1.86163725368E+04
6.15600E+00        1.85853765363E+04
6.16200E+00        1.85544567772E+04
6.16800E+00        1.85236130141E+04
6.17400E+00        1.84928450027E+04
6.18000E+00        1.84621524995E+04
6.18600E+00        1.84315352620E+04
6.19200E+00        1.84009930488E+04
6.19800E+00        1.83705256192E+04
6.20400E+00        1.83401327335E+04
6.21000E+00        1.83098141532E+04
6.21600E+00        1.82795696403E+04
6.22200E+00        1.82493989581E+04
6.22800E+00        1.82193018707E+04
6.23400E+00        1.81892781430E+04
6.24000E+00        1.81593275409E+04
6.24600E+00        1.81294498314E+04
6.25200E+00        1.80996447820E+04
6.25800E+00        1.80699121616E+04
6.26400E+00        1.80402517395E+04
6.27000E+00        1.80106632863E+04
6.27600E+00        1.79811465733E+04
6.28200E+00        1.79517013727E+04
6.28800E+00        1.79223274576E+04
6.29400E+00        1.78930246019E+04
6.30000E+00        1.78637925805E+04
6.30600E+00        1.78346311692E+04
6.31200E+00        1.78055401446E+04
6.31800E+00        1.77765192840E+04
6.32400E+00        1.77475683659E+04
6.33000E+00        1.77186871693E+04
6.33600E+00        1.76898754743E+04
6.34200E+00        1.76611330619E+04
6.34800E+00        1.76324597136E+04
6.35400E+00        1.76038552121E+04
6.36000E+00        1.75753193408E+04
6.36600E+00        1.75468518838E+04
6.37200E+00        1.75184526263E+04
6.37800E+00        1.74901213541E+04
6.38400E+00        1.74618578540E+04
6.39000E+00        1.74336619134E+04
6.39600E+00        1.74055333207E+04
6.40200E+00        1.73774718650E+04
6.40800E+00        1.73494773364E+04
6.41400E+00        1.73215495255E+04
6.42000E+00        1.72936882240E+04
6.42600E+00        1.72658932241E+04
6.43200E+00        1.72381643191E+04
6.43800E+00        1.72105013028E+04
6.44400E+00        1.71829039701E+04
6.45000E+00        1.71553721164E+04
6.45600E+00        1.71279055380E+04
6.46200E+00        1.71005040319E+04
6.46800E+00        1.70731673961E+04
6.47400E+00        1.70458954290E+04
6.48000E+00        1.70186879302E+04
6.48600E+00        1.69915446997E+04
6.49200E+00        1.69644655383E+04
6.49800E+00        1.69374502479E+04
6.50400E+00        1.69104986307E+04
6.51000E+00        1.68836104898E+04
6.51600E+00        1.68567856293E+04
6.52200E+00        1.68300238537E+04
6.52800E+00        1.68033249684E+04
6.53400E+00        1.67766887795E+04
6.54000E+00        1.67501150938E+04
6.54600E+00        1.67236037190E+04
6.55200E+00        1.66971544632E+04
6.55800E+00        1.66707671356E+04
6.56400E+00        1.66444415459E+04
6.57000E+00        1.66181775044E+04
6.57600E+00        1.65919748225E+04
6.58200E+00        1.65658333119E+04
6.58800E+00        1.65397527852E+04
6.59400E+00        1.65137330558E+04
6.60000E+00        1.64877739376E+04
6.60600E+00        1.64618752453E+04
6.61200E+00        1.64360367942E+04
6.61800E+00        1.64102584005E+04
6.62400E+00        1.63845398809E+04
6.63000E+00        1.63588810529E+04
6.63600E+00        1.63332817345E+04
6.64200E+00        1.63077417446E+04
6.64800E+00        1.62822609027E+04
6.65400E+00        1.62568390289E+04
6.66000E+00        1.62314759440E+04
6.66600E+00        1.62061714696E+04
6.67200E+00        1.61809254277E+04
6.67800E+00        1.61557376413E+04
6.68400E+00        1.61306079337E+04
6.69000E+00        1.61055361292E+04
6.69600E+00        1.60805220524E+04
6.70200E+00        1.60555655290E+04
6.70800E+00        1.60306663848E+04
6.71400E+00        1.60058244468E+04
6.72000E+00        1.59810395421E+04
6.72600E+00        1.59563114989E+04
6.73200E+00        1.59316401459E+04
6.73800E+00        1.59070253121E+04
6.74400E+00        1.58824668277E+04
6.75000E+00        1.58579645231E+04
6.75600E+00        1.58335182295E+04
6.76200E+00        1.58091277787E+04
6.76800E+00        1.57847930030E+04
6.77400E+00        1.57605137356E+04
6.78000E+00        1.57362898100E+04
6.78600E+00        1.57121210605E+04
6.79200E+00        1.56880073220E+04
6.79800E+00        1.56639484300E+04
6.80400E+00        1.56399442204E+04
6.81000E+00        1.56159945300E+04
6.81600E+00        1.55920991961E+04
6.82200E+00        1.55682580564E+04
6.82800E+00        1.55444709496E+04
6.83400E+00        1.55207377146E+04
6.84000E+00        1.54970581911E+04
6.84600E+00        1.54734322192E+04
6.85200E+00        1.54498596399E+04
6.85800E+00        1.54263402945E+04
6.86400E+00        1.54028740250E+04
6.87000E+00        1.53794606739E+04
6.87600E+00        1.53561000844E+04
6.88200E+00        1.53327921001E+04
6.88800E+00        1.53095365653E+04
6.89400E+00        1.52863333248E+04
6.90000E+00        1.52631822241E+04
6.90600E+00        1.52400831091E+04
6.91200E+00        1.52170358262E+04
6.91800E+00        1.51940402226E+04
6.92400E+00        1.51710961459E+04
6.93000E+00        1.51482034443E+04
6.93600E+00        1.51253619664E+04
6.94200E+00        1.51025715616E+04
6.94800E+00        1.50798320797E+04
6.95400E+00        1.50571433711E+04
6.96000E+00        1.50345052865E+04
6.96600E+00        1.50119176776E+04
6.97200E+00        1.49893803962E+04
6.97800E+00        1.49668932949E+04
6.98400E+00        1.49444562267E+04
6.99000E+00        1.49220690451E+04
6.99600E+00        1.48997316044E+04
7.00200E+00        1.48774437590E+04
7.00800E+00        1.48552053642E+04
7.01400E+00        1.48330162755E+04
7.02000E+00        1.48108763493E+04
7.02600E+00        1.47887854421E+04
7.03200E+00        1.47667434112E+04
7.03800E+00        1.47447501143E+04
7.04400E+00        1.47228054097E+04
7.05000E+00        1.47009091560E+04
7.05600E+00        1.46790612126E+04
7.06200E+00        1.46572614392E+04
7.06800E+00        1.46355096959E+04
7.07400E+00        1.46138058437E+04
7.08000E+00        1.45921497436E+04
7.08600E+00        1.45705412575E+04
7.09200E+00        1.45489802476E+04
7.09800E+00        1.45274665766E+04
7.10400E+00        1.45060001077E+04
7.11000E+00        1.44845807045E+04
7.11600E+00        1.44632082314E+04
7.12200E+00        1.44418825529E+04
7.12800E+00        1.44206035342E+04
7.13400E+00        1.43993710409E+04
7.14000E+00        1.43781849391E+04
7.14600E+00        1.43570450953E+04
7.15200E+00        1.43359513767E+04
7.15800E+00        1.43149036507E+04
7.16400E+00        1.42939017853E+04
7.17000E+00        1.42729456489E+04
7.17600E+00        1.42520351106E+04
7.18200E+00        1.42311700395E+04
7.18800E+00        1.42103503057E+04
7.19400E+00        1.41895757793E+04
7.20000E+00        1.41688463311E+04
7.20600E+00        1.41481618324E+04
7.21200E+00        1.41275221547E+04
7.21800E+00        1.41069271703E+04
7.22400E+00        1.40863767516E+04
7.23000E+00        1.40658707716E+04
7.23600E+00        1.40454091039E+04
7.24200E+00        1.40249916223E+04
7.24800E+00        1.40046182011E+04
7.25400E+00        1.39842887152E+04
7.26000E+00        1.39640030397E+04
7.26600E+00        1.39437610503E+04
7.27200E+00        1.39235626230E+04
7.27800E+00        1.39034076345E+04
7.28400E+00        1.38832959616E+04
7.29000E+00        1.38632274818E+04
7.29600E+00        1.38432020728E+04
7.30200E+00        1.38232196128E+04
7.30800E+00        1.38032799806E+04
7.31400E+00        1.37833830552E+04
7.32000E+00        1.37635287161E+04
7.32600E+00        1.37437168433E+04
7.33200E+00        1.37239473170E+04
7.33800E+00        1.37042200180E+04
7.34400E+00        1.36845348275E+04
7.35000E+00        1.36648916271E+04
7.35600E+00        1.36452902987E+04
7.36200E+00        1.36257307247E+04
7.36800E+00        1.36062127881E+04
7.37400E+00        1.35867363718E+04
7.38000E+00        1.35673013597E+04
7.38600E+00        1.35479076356E+04
7.39200E+00        1.35285550840E+04
7.39800E+00        1.35092435898E+04
7.40400E+00        1.34899730381E+04
7.41000E+00        1.34707433145E+04
7.41600E+00        1.34515543050E+04
7.42200E+00        1.34324058961E+04
7.42800E+00        1.34132979744E+04
7.43400E+00        1.33942304273E+04
7.44000E+00        1.33752031422E+04
7.44600E+00        1.33562160071E+04
7.45200E+00        1.33372689103E+04
7.45800E+00        1.33183617405E+04
7.46400E+00        1.32994943869E+04
7.47000E+00        1.32806667388E+04
7.47600E+00        1.32618786863E+04
7.48200E+00        1.32431301194E+04
7.48800E+00        1.32244209288E+04
7.49400E+00        1.32057510054E+04
7.50000E+00        1.31871202407E+04
7.50600E+00        1.31685285263E+04
7.51200E+00        1.31499757544E+04
7.51800E+00        1.31314618173E+04
7.52400E+00        1.31129866080E+04
7.53000E+00        1.30945500195E+04
7.53600E+00        1.30761519456E+04
7.54200E+00        1.30577922799E+04
7.54800E+00        1.30394709170E+04
7.55400E+00        1.30211877513E+04
7.56000E+00        1.30029426779E+04
7.56600E+00        1.29847355921E+04
7.57200E+00        1.29665663896E+04
7.57800E+00        1.29484349665E+04
7.58400E+00        1.29303412192E+04
7.59000E+00        1.29122850444E+04
7.59600E+00        1.28942663393E+04
7.60200E+00        1.28762850013E+04
7.60800E+00        1.28583409282E+04
7.61400E+00        1.28404340181E+04
7.62000E+00        1.28225641696E+04
7.62600E+00        1.28047312814E+04
7.63200E+00        1.27869352528E+04
7.63800E+00        1.27691759832E+04
7.64400E+00        1.27514533725E+04
7.65000E+00        1.27337673209E+04
7.65600E+00        1.27161177289E+04
7.66200E+00        1.26985044974E+04
7.66800E+00        1.26809275275E+04
7.67400E+00        1.26633867208E+04
7.68000E+00        1.26458819791E+04
7.68600E+00        1.26284132047E+04
7.69200E+00        1.26109802999E+04
7.69800E+00        1.25935831676E+04
7.70400E+00        1.25762217110E+04
7.71000E+00        1.25588958336E+04
7.71600E+00        1.25416054392E+04
7.72200E+00        1.25243504319E+04
7.72800E+00        1.25071307161E+04
7.73400E+00        1.24899461966E+04
7.74000E+00        1.24727967785E+04
7.74600E+00        1.24556823672E+04
7.75200E+00        1.24386028683E+04
7.75800E+00        1.24215581880E+04
7.76400E+00        1.24045482325E+04
7.77000E+00        1.23875729085E+04
7.77600E+00        1.23706321230E+04
7.78200E+00        1.23537257832E+04
7.78800E+00        1.23368537966E+04
7.79400E+00        1.23200160713E+04
7.80000E+00        1.23032125153E+04
7.80600E+00        1.22864430371E+04
7.81200E+00        1.22697075455E+04
7.81800E+00        1.22530059497E+04
7.82400E+00        1.22363381590E+04
7.83000E+00        1.22197040831E+04
7.83600E+00        1.22031036320E+04
7.84200E+00        1.21865367159E+04
7.84800E+00        1.21700032456E+04
7.85400E+00        1.21535031318E+04
7.86000E+00        1.21370362856E+04
7.86600E+00        1.21206026187E+04
7.87200E+00        1.21042020427E+04
7.87800E+00        1.20878344696E+04
7.88400E+00        1.20714998119E+04
7.89000E+00        1.20551979820E+04
7.89600E+00        1.20389288930E+04
7.90200E+00        1.20226924580E+04
7.90800E+00        1.20064885905E+04
7.91400E+00        1.19903172042E+04
7.92000E+00        1.19741782133E+04
7.92600E+00        1.19580715319E+04
7.93200E+00        1.19419970748E+04
7.93800E+00        1.19259547567E+04
7.94400E+00        1.19099444929E+04
7.95000E+00        1.18939661988E+04
7.95600E+00        1.18780197901E+04
7.96200E+00        1.18621051828E+04
7.96800E+00        1.18462222931E+04
7.97400E+00        1.18303710376E+04
7.98000E+00        1.18145513331E+04
7.98600E+00        1.17987630966E+04
7.99200E+00        1.17830062456E+04
7.99800E+00        1.17672806975E+04
8.00400E+00        1.17515863703E+04
8.01000E+00        1.17359231821E+04
8.01600E+00        1.17202910514E+04
8.02200E+00        1.17046898968E+04
8.02800E+00        1.16891196373E+04
8.03400E+00        1.16735801920E+04
8.04000E+00        1.16580714804E+04
8.04600E+00        1.16425934222E+04
8.05200E+00        1.16271459375E+04
8.05800E+00        1.16117289464E+04
8.06400E+00        1.15963423694E+04
8.07000E+00        1.15809861274E+04
8.07600E+00        1.15656601412E+04
8.08200E+00        1.15503643322E+04
8.08800E+00        1.15350986219E+04
8.09400E+00        1.15198629320E+04
8.10000E+00        1.15046571846E+04
8.10600E+00        1.14894813020E+04
8.11200E+00        1.14743352065E+04
8.11800E+00        1.14592188211E+04
8.12400E+00        1.14441320688E+04
8.13000E+00        1.14290748727E+04
8.13600E+00        1.14140471564E+04
8.14200E+00        1.13990488437E+04
8.14800E+00        1.13840798585E+04
8.15400E+00        1.13691401251E+04
8.16000E+00        1.13542295680E+04
8.16600E+00        1.13393481119E+04
8.17200E+00        1.13244956817E+04
8.17800E+00        1.13096722026E+04
8.18400E+00        1.12948776002E+04
8.19000E+00        1.12801118000E+04
8.19600E+00        1.12653747280E+04
8.20200E+00        1.12506663103E+04
8.20800E+00        1.12359864733E+04
8.21400E+00        1.12213351436E+04
8.22000E+00        1.12067122482E+04
8.22600E+00        1.11921177139E+04
8.23200E+00        1.11775514683E+04
8.23800E+00        1.11630134388E+04
8.24400E+00        1.11485035532E+04
8.25000E+00        1.11340217394E+04
8.25600E+00        1.11195679258E+04
8.26200E+00        1.11051420408E+04
8.26800E+00        1.10907440131E+04
8.27400E+00        1.10763737715E+04
8.28000E+00        1.10620312453E+04
8.28600E+00        1.10477163637E+04
8.29200E+00        1.10334290563E+04
8.29800E+00        1.10191692530E+04
8.30400E+00        1.10049368838E+04
8.31000E+00        1.09907318789E+04
8.31600E+00        1.09765541687E+04
8.32200E+00        1.09624036841E+04
8.32800E+00        1.09482803557E+04
8.33400E+00        1.09341841149E+04
8.34000E+00        1.09201148928E+04
8.34600E+00        1.09060726211E+04
8.35200E+00        1.08920572315E+04
8.35800E+00        1.08780686561E+04
8.36400E+00        1.08641068268E+04
8.37000E+00        1.08501716763E+04
8.37600E+00        1.08362631371E+04
8.38200E+00        1.08223811419E+04
8.38800E+00        1.08085256239E+04
8.39400E+00        1.07946965163E+04
8.40000E+00        1.07808937526E+04
8.40600E+00        1.07671172663E+04
8.41200E+00        1.07533669914E+04
8.41800E+00        1.07396428620E+04
8.42400E+00        1.07259448122E+04
8.43000E+00        1.07122727766E+04
8.43600E+00        1.06986266899E+04
8.44200E+00        1.06850064870E+04
8.44800E+00        1.06714121029E+04
8.45400E+00        1.06578434730E+04
8.46000E+00        1.06443005326E+04
8.46600E+00        1.06307832177E+04
8.47200E+00        1.06172914639E+04
8.47800E+00        1.06038252074E+04
8.48400E+00        1.05903843845E+04
8.49000E+00        1.05769689317E+04
8.49600E+00        1.05635787856E+04
8.50200E+00        1.05502138832E+04
8.50800E+00        1.05368741615E+04
8.51400E+00        1.05235595577E+04
8.52000E+00        1.05102700094E+04
8.52600E+00        1.04970054541E+04
8.53200E+00        1.04837658297E+04
8.53800E+00        1.04705510744E+04
8.54400E+00        1.04573611261E+04
8.55000E+00        1.04441959235E+04
8.55600E+00        1.04310554051E+04
8.56200E+00        1.04179395097E+04
8.56800E+00        1.04048481763E+04
8.57400E+00        1.03917813440E+04
8.58000E+00        1.03787389522E+04
8.58600E+00        1.03657209404E+04
8.59200E+00        1.03527272485E+04
8.59800E+00        1.03397578162E+04
8.60400E+00        1.03268125836E+04
8.61000E+00        1.03138914911E+04
8.61600E+00        1.03009944792E+04
8.62200E+00        1.02881214884E+04
8.62800E+00        1.02752724595E+04
8.63400E+00        1.02624473337E+04
8.64000E+00        1.02496460520E+04
8.64600E+00        1.02368685558E+04
8.65200E+00        1.02241147867E+04
8.65800E+00        1.02113846864E+04
8.66400E+00        1.01986781968E+04
8.67000E+00        1.01859952599E+04
8.67600E+00        1.01733358181E+04
8.68200E+00        1.01606998137E+04
8.68800E+00        1.01480871893E+04
8.69400E+00        1.01354978877E+04
8.70000E+00        1.01229318519E+04
8.70600E+00        1.01103890249E+04
8.71200E+00        1.00978693502E+04
8.71800E+00        1.00853727710E+04
8.72400E+00        1.00728992311E+04
8.73000E+00        1.00604486743E+04
8.73600E+00        1.00480210446E+04
8.74200E+00        1.00356162860E+04
8.74800E+00        1.00232343429E+04
8.75400E+00        1.00108751599E+04
8.76000E+00        9.99853868143E+03
8.76600E+00        9.98622485243E+03
8.77200E+00        9.97393361787E+03
8.77800E+00        9.96166492288E+03
8.78400E+00        9.94941871279E+03
8.79000E+00        9.93719493305E+03
8.79600E+00        9.92499352933E+03
8.80200E+00        9.91281444741E+03
8.80800E+00        9.90065763327E+03
8.81400E+00        9.88852303303E+03
8.82000E+00        9.87641059298E+03
8.82600E+00        9.86432025957E+03
8.83200E+00        9.85225197942E+03
8.83800E+00        9.84020569929E+03
8.84400E+00        9.82818136612E+03
8.85000E+00        9.81617892698E+03
8.85600E+00        9.80419832913E+03
8.86200E+00        9.79223951998E+03
8.86800E+00        9.78030244708E+03
8.87400E+00        9.76838705815E+03
8.88000E+00        9.75649330106E+03
8.88600E+00        9.74462112384E+03
8.89200E+00        9.73277047467E+03
8.89800E+00        9.72094130190E+03
8.90400E+00        9.70913355401E+03
8.91000E+00        9.69734717965E+03
8.91600E+00        9.68558212761E+03
8.92200E+00        9.67383834684E+03
8.92800E+00        9.66211578645E+03
8.93400E+00        9.65041439568E+03
8.94000E+00        9.63873412393E+03
8.94600E+00        9.62707492076E+03
8.95200E+00        9.61543673586E+03
8.95800E+00        9.60381951909E+03
8.96400E+00        9.59222322045E+03
8.97000E+00        9.58064779007E+03
8.97600E+00        9.56909317826E+03
8.98200E+00        9.55755933545E+03
8.98800E+00        9.54604621223E+03
8.99400E+00        9.53455375933E+03
9.00000E+00        9.52308192763E+03
9.00600E+00        9.51163066814E+03
9.01200E+00        9.50019993204E+03
9.01800E+00        9.48878967064E+03
9.02400E+00        9.47739983538E+03
9.03000E+00        9.46603037787E+03
9.03600E+00        9.45468124983E+03
9.04200E+00        9.44335240316E+03
9.04800E+00        9.43204378986E+03
9.05400E+00        9.42075536211E+03
9.06000E+00        9.40948707220E+03
9.06600E+00        9.39823887257E+03
9.07200E+00        9.38701071581E+03
9.07800E+00        9.37580255463E+03
9.08400E+00        9.36461434190E+03
9.09000E+00        9.35344603060E+03
9.09600E+00        9.34229757387E+03
9.10200E+00        9.33116892498E+03
9.10800E+00        9.32006003734E+03
9.11400E+00        9.30897086448E+03
9.12000E+00        9.29790136008E+03
9.12600E+00        9.28685147797E+03
9.13200E+00        9.27582117207E+03
9.13800E+00        9.26481039648E+03
9.14400E+00        9.25381910541E+03
9.15000E+00        9.24284725320E+03
9.15600E+00        9.23189479434E+03
9.16200E+00        9.22096168343E+03
9.16800E+00        9.21004787523E+03
9.17400E+00        9.19915332460E+03
9.18000E+00        9.18827798656E+03
9.18600E+00        9.17742181623E+03
9.19200E+00        9.16658476889E+03
9.19800E+00        9.15576679993E+03
9.20400E+00        9.14496786488E+03
9.21000E+00        9.13418791938E+03
9.21600E+00        9.12342691923E+03
9.22200E+00        9.11268482032E+03
9.22800E+00        9.10196157871E+03
9.23400E+00        9.09125715054E+03
9.24000E+00        9.08057149211E+03
9.24600E+00        9.06990455984E+03
9.25200E+00        9.05925631026E+03
9.25800E+00        9.04862670004E+03
9.26400E+00        9.03801568598E+03
9.27000E+00        9.02742322499E+03
9.27600E+00        9.01684927410E+03
9.28200E+00        9.00629379049E+03
9.28800E+00        8.99575673143E+03
9.29400E+00        8.98523805433E+03
9.30000E+00        8.97473771672E+03
9.30600E+00        8.96425567626E+03
9.31200E+00        8.95379189072E+03
9.31800E+00        8.94334631799E+03
9.32400E+00        8.93291891608E+03
9.33000E+00        8.92250964314E+03
9.33600E+00        8.91211845741E+03
9.34200E+00        8.90174531727E+03
9.34800E+00        8.89139018121E+03
9.35400E+00        8.88105300784E+03
9.36000E+00        8.87073375589E+03
9.36600E+00        8.86043238420E+03
9.37200E+00        8.85014885175E+03
9.37800E+00        8.83988311760E+03
9.38400E+00        8.82963514097E+03
9.39000E+00        8.81940488115E+03
9.39600E+00        8.80919229758E+03
9.40200E+00        8.79899734980E+03
9.40800E+00        8.78881999748E+03
9.41400E+00        8.77866020037E+03
9.42000E+00        8.76851791838E+03
9.42600E+00        8.75839311151E+03
9.43200E+00        8.74828573985E+03
9.43800E+00        8.73819576366E+03
9.44400E+00        8.72812314326E+03
9.45000E+00        8.71806783910E+03
9.45600E+00        8.70802981175E+03
9.46200E+00        8.69800902189E+03
9.46800E+00        8.68800543031E+03
9.47400E+00        8.67801899789E+03
9.48000E+00        8.66804968565E+03
9.48600E+00        8.65809745470E+03
9.49200E+00        8.64816226627E+03
9.49800E+00        8.63824408170E+03
9.50400E+00        8.62834286243E+03
9.51000E+00        8.61845857002E+03
9.51600E+00        8.60859116613E+03
9.52200E+00        8.59874061252E+03
9.52800E+00        8.58890687108E+03
9.53400E+00        8.57908990378E+03
9.54000E+00        8.56928967272E+03
9.54600E+00        8.55950614010E+03
9.55200E+00        8.54973926822E+03
9.55800E+00        8.53998901948E+03
9.56400E+00        8.53025535640E+03
9.57000E+00        8.52053824160E+03
9.57600E+00        8.51083763780E+03
9.58200E+00        8.50115350783E+03
9.58800E+00        8.49148581462E+03
9.59400E+00        8.48183452121E+03
9.60000E+00        8.47219959072E+03
9.60600E+00        8.46258098642E+03
9.61200E+00        8.45297867163E+03
9.61800E+00        8.44339260980E+03
9.62400E+00        8.43382276448E+03
9.63000E+00        8.42426909932E+03
9.63600E+00        8.41473157807E+03
9.64200E+00        8.40521016458E+03
9.64800E+00        8.39570482280E+03
9.65400E+00        8.38621551678E+03
9.66000E+00        8.37674221068E+03
9.66600E+00        8.36728486874E+03
9.67200E+00        8.35784345531E+03
9.67800E+00        8.34841793484E+03
9.68400E+00        8.33900827189E+03
9.69000E+00        8.32961443108E+03
9.69600E+00        8.32023637718E+03
9.70200E+00        8.31087407501E+03
9.70800E+00        8.30152748952E+03
9.71400E+00        8.29219658574E+03
9.72000E+00        8.28288132880E+03
9.72600E+00        8.27358168393E+03
9.73200E+00        8.26429761645E+03
9.73800E+00        8.25502909179E+03
9.74400E+00        8.24577607545E+03
9.75000E+00        8.23653853305E+03
9.75600E+00        8.22731643029E+03
9.76200E+00        8.21810973296E+03
9.76800E+00        8.20891840697E+03
9.77400E+00        8.19974241829E+03
9.78000E+00        8.19058173302E+03
9.78600E+00        8.18143631731E+03
9.79200E+00        8.17230613743E+03
9.79800E+00        8.16319115975E+03
9.80400E+00        8.15409135072E+03
9.81000E+00        8.14500667687E+03
9.81600E+00        8.13593710484E+03
9.82200E+00        8.12688260136E+03
9.82800E+00        8.11784313324E+03
9.83400E+00        8.10881866739E+03
9.84000E+00        8.09980917081E+03
9.84600E+00        8.09081461058E+03
9.85200E+00        8.08183495388E+03
9.85800E+00        8.07287016798E+03
9.86400E+00        8.06392022024E+03
9.87000E+00        8.05498507810E+03
9.87600E+00        8.04606470910E+03
9.88200E+00        8.03715908085E+03
9.88800E+00        8.02826816107E+03
9.89400E+00        8.01939191756E+03
9.90000E+00        8.01053031820E+03
9.90600E+00        8.00168333096E+03
9.91200E+00        7.99285092391E+03
9.91800E+00        7.98403306520E+03
9.92400E+00        7.97522972305E+03
9.93000E+00        7.96644086578E+03
9.93600E+00        7.95766646181E+03
9.94200E+00        7.94890647962E+03
9.94800E+00        7.94016088779E+03
9.95400E+00        7.93142965497E+03
9.96000E+00        7.92271274993E+03
9.96600E+00        7.91401014147E+03
9.97200E+00        7.90532179853E+03
9.97800E+00        7.89664769010E+03
9.98400E+00        7.88798778526E+03
9.99000E+00        7.87934205317E+03
9.99600E+00        7.87071046310E+03
1.00020E+01        7.86209298436E+03
1.00080E+01        7.85348958637E+03
1.00140E+01        7.84490023863E+03
1.00200E+01        7.83632491072E+03
1.00260E+01        7.82776357229E+03
1.00320E+01        7.81921619310E+03
1.00380E+01        7.81068274296E+03
1.00440E+01        7.80216319178E+03
1.00500E+01        7.79365750954E+03
1.00560E+01        7.78516566631E+03
1.00620E+01        7.77668763224E+03
1.00680E+01        7.76822337754E+03
1.00740E+01        7.75977287254E+03
1.00800E+01        7.75133608760E+03
1.00860E+01        7.74291299320E+03
1.00920E+01        7.73450355988E+03
1.00980E+01        7.72610775826E+03
1.01040E+01        7.71772555905E+03
1.01100E+01        7.70935693301E+03
1.01160E+01        7.70100185101E+03
1.01220E+01        7.69266028399E+03
1.01280E+01        7.68433220295E+03
1.01340E+01        7.67601757898E+03
1.01400E+01        7.66771638325E+03
1.01460E+01        7.65942858701E+03
1.01520E+01        7.65115416157E+03
1.01580E+01        7.64289307832E+03
1.01640E+01        7.63464530875E+03
1.01700E+01        7.62641082439E+03
1.01760E+01        7.61818959688E+03
1.01820E+01        7.60998159790E+03
1.01880E+01        7.60178679924E+03
1.01940E+01        7.59360517273E+03
1.02000E+01        7.58543669031E+03
1.02060E+01        7.57728132398E+03
1.02120E+01        7.56913904579E+03
1.02180E+01        7.56100982790E+03
1.02240E+01        7.55289364253E+03
1.02300E+01        7.54479046196E+03
1.02360E+01        7.53670025857E+03
1.02420E+01        7.52862300480E+03
1.02480E+01        7.52055867314E+03
1.02540E+01        7.51250723620E+03
1.02600E+01        7.50446866662E+03
1.02660E+01        7.49644293713E+03
1.02720E+01        7.48843002053E+03
1.02780E+01        7.48042988969E+03
1.02840E+01        7.47244251757E+03
1.02900E+01        7.46446787716E+03
1.02960E+01        7.45650594155E+03
1.03020E+01        7.44855668390E+03
1.03080E+01        7.44062007745E+03
1.03140E+01        7.43269609547E+03
1.03200E+01        7.42478471134E+03
1.03260E+01        7.41688589850E+03
1.03320E+01        7.40899963045E+03
1.03380E+01        7.40112588076E+03
1.03440E+01        7.39326462309E+03
1.03500E+01        7.38541583113E+03
1.03560E+01        7.37757947869E+03
1.03620E+01        7.36975553960E+03
1.03680E+01        7.36194398778E+03
1.03740E+01        7.35414479723E+03
1.03800E+01        7.34635794199E+03
1.03860E+01        7.33858339619E+03
1.03920E+01        7.33082113403E+03
1.03980E+01        7.32307112974E+03
1.04040E+01        7.31533335767E+03
1.04100E+01        7.30760779220E+03
1.04160E+01        7.29989440779E+03
1.04220E+01        7.29219317897E+03
1.04280E+01        7.28450408032E+03
1.04340E+01        7.27682708650E+03
1.04400E+01        7.26916217223E+03
1.04460E+01        7.26150931230E+03
1.04520E+01        7.25386848156E+03
1.04580E+01        7.24623965494E+03
1.04640E+01        7.23862280741E+03
1.04700E+01        7.23101791403E+03
1.04760E+01        7.22342494990E+03
1.04820E+01        7.21584389021E+03
1.04880E+01        7.20827471019E+03
1.04940E+01        7.20071738515E+03
1.05000E+01        7.19317189046E+03
1.05060E+01        7.18563820155E+03
1.05120E+01        7.17811629393E+03
1.05180E+01        7.17060614313E+03
1.05240E+01        7.16310772480E+03
1.05300E+01        7.15562101462E+03
1.05360E+01        7.14814598833E+03
1.05420E+01        7.14068262174E+03
1.05480E+01        7.13323089073E+03
1.05540E+01        7.12579077122E+03
1.05600E+01        7.11836223923E+03
1.05660E+01        7.11094527080E+03
1.05720E+01        7.10353984206E+03
1.05780E+01        7.09614592918E+03
1.05840E+01        7.08876350841E+03
1.05900E+01        7.08139255605E+03
1.05960E+01        7.07403304847E+03
1.06020E+01        7.06668496209E+03
1.06080E+01        7.05934827339E+03
1.06140E+01        7.05202295892E+03
1.06200E+01        7.04470899528E+03
1.06260E+01        7.03740635914E+03
1.06320E+01        7.03011502723E+03
1.06380E+01        7.02283497632E+03
1.06440E+01        7.01556618326E+03
1.06500E+01        7.00830862495E+03
1.06560E+01        7.00106227835E+03
1.06620E+01        6.99382712049E+03
1.06680E+01        6.98660312844E+03
1.06740E+01        6.97939027933E+03
1.06800E+01        6.97218855037E+03
1.06860E+01        6.96499791880E+03
1.06920E+01        6.95781836194E+03
1.06980E+01        6.95064985715E+03
1.07040E+01        6.94349238187E+03
1.07100E+01        6.93634591357E+03
1.07160E+01        6.92921042979E+03
1.07220E+01        6.92208590813E+03
1.07280E+01        6.91497232625E+03
1.07340E+01        6.90786966185E+03
1.07400E+01        6.90077789271E+03
1.07460E+01        6.89369699665E+03
1.07520E+01        6.88662695155E+03
1.07580E+01        6.87956773533E+03
1.07640E+01        6.87251932600E+03
1.07700E+01        6.86548170161E+03
1.07760E+01        6.85845484024E+03
1.07820E+01        6.85143872007E+03
1.07880E+01        6.84443331930E+03
1.07940E+01        6.83743861621E+03
1.08000E+01        6.83045458911E+03
1.08060E+01        6.82348121638E+03
1.08120E+01        6.81651847645E+03
1.08180E+01        6.80956634782E+03
1.08240E+01        6.80262480901E+03
1.08300E+01        6.79569383863E+03
1.08360E+01        6.78877341532E+03
1.08420E+01        6.78186351779E+03
1.08480E+01        6.77496412478E+03
1.08540E+01        6.76807521511E+03
1.08600E+01        6.76119676763E+03
1.08660E+01        6.75432876127E+03
1.08720E+01        6.74747117499E+03
1.08780E+01        6.74062398781E+03
1.08840E+01        6.73378717880E+03
1.08900E+01        6.72696072709E+03
1.08960E+01        6.72014461185E+03
1.09020E+01        6.71333881232E+03
1.09080E+01        6.70654330777E+03
1.09140E+01        6.69975807754E+03
1.09200E+01        6.69298310101E+03
1.09260E+01        6.68621835761E+03
1.09320E+01        6.67946382684E+03
1.09380E+01        6.67271948824E+03
1.09440E+01        6.66598532139E+03
1.09500E+01        6.65926130593E+03
1.09560E+01        6.65254742155E+03
1.09620E+01        6.64584364799E+03
1.09680E+01        6.63914996506E+03
1.09740E+01        6.63246635258E+03
1.09800E+01        6.62579279045E+03
1.09860E+01        6.61912925861E+03
1.09920E+01        6.61247573705E+03
1.09980E+01        6.60583220582E+03
1.10040E+01        6.59919864501E+03
1.10100E+01        6.59257503475E+03
1.10160E+01        6.58596135523E+03
1.10220E+01        6.57935758670E+03
1.10280E+01        6.57276370944E+03
1.10340E+01        6.56617970379E+03
1.10400E+01        6.55960555012E+03
1.10460E+01        6.55304122889E+03
1.10520E+01        6.54648672055E+03
1.10580E+01        6.53994200566E+03
1.10640E+01        6.53340706478E+03
1.10700E+01        6.52688187853E+03
1.10760E+01        6.52036642760E+03
1.10820E+01        6.51386069271E+03
1.10880E+01        6.50736465461E+03
1.10940E+01        6.50087829413E+03
1.11000E+01        6.49440159214E+03
1.11060E+01        6.48793452953E+03
1.11120E+01        6.48147708728E+03
1.11180E+01        6.47502924637E+03
1.11240E+01        6.46859098787E+03
1.11300E+01        6.46216229287E+03
1.11360E+01        6.45574314251E+03
1.11420E+01        6.44933351799E+03
1.11480E+01        6.44293340053E+03
1.11540E+01        6.43654277142E+03
1.11600E+01        6.43016161199E+03
1.11660E+01        6.42378990362E+03
1.11720E+01        6.41742762771E+03
1.11780E+01        6.41107476573E+03
1.11840E+01        6.40473129920E+03
1.11900E+01        6.39839720967E+03
1.11960E+01        6.39207247874E+03
1.12020E+01        6.38575708805E+03
1.12080E+01        6.37945101929E+03
1.12140E+01        6.37315425420E+03
1.12200E+01        6.36686677456E+03
1.12260E+01        6.36058856219E+03
1.12320E+01        6.35431959895E+03
1.12380E+01        6.34805986675E+03
1.12440E+01        6.34180934757E+03
1.12500E+01        6.33556802338E+03
1.12560E+01        6.32933587624E+03
1.12620E+01        6.32311288823E+03
1.12680E+01        6.31689904149E+03
1.12740E+01        6.31069431818E+03
1.12800E+01        6.30449870052E+03
1.12860E+01        6.29831217078E+03
1.12920E+01        6.29213471125E+03
1.12980E+01        6.28596630429E+03
1.13040E+01        6.27980693228E+03
1.13100E+01        6.27365657764E+03
1.13160E+01        6.26751522287E+03
1.13220E+01        6.26138285046E+03
1.13280E+01        6.25525944298E+03
1.13340E+01        6.24914498304E+03
1.13400E+01        6.24303945327E+03
1.13460E+01        6.23694283635E+03
1.13520E+01        6.23085511502E+03
1.13580E+01        6.22477627204E+03
1.13640E+01        6.21870629022E+03
1.13700E+01        6.21264515241E+03
1.13760E+01        6.20659284151E+03
1.13820E+01        6.20054934044E+03
1.13880E+01        6.19451463218E+03
1.13940E+01        6.18848869975E+03
1.14000E+01        6.18247152620E+03
1.14060E+01        6.17646309463E+03
1.14120E+01        6.17046338818E+03
1.14180E+01        6.16447239002E+03
1.14240E+01        6.15849008337E+03
1.14300E+01        6.15251645149E+03
1.14360E+01        6.14655147768E+03
1.14420E+01        6.14059514528E+03
1.14480E+01        6.13464743767E+03
1.14540E+01        6.12870833825E+03
1.14600E+01        6.12277783051E+03
1.14660E+01        6.11685589792E+03
1.14720E+01        6.11094252402E+03
1.14780E+01        6.10503769240E+03
1.14840E+01        6.09914138667E+03
1.14900E+01        6.09325359048E+03
1.14960E+01        6.08737428752E+03
1.15020E+01        6.08150346153E+03
1.15080E+01        6.07564109629E+03
1.15140E+01        6.06978717559E+03
1.15200E+01        6.06394168329E+03
1.15260E+01        6.05810460327E+03
1.15320E+01        6.05227591946E+03
1.15380E+01        6.04645561582E+03
1.15440E+01        6.04064367636E+03
1.15500E+01        6.03484008511E+03
1.15560E+01        6.02904482616E+03
1.15620E+01        6.02325788360E+03
1.15680E+01        6.01747924161E+03
1.15740E+01        6.01170888437E+03
1.15800E+01        6.00594679610E+03
1.15860E+01        6.00019296108E+03
1.15920E+01        5.99444736360E+03
1.15980E+01        5.98870998800E+03
1.16040E+01        5.98298081867E+03
1.16100E+01        5.97725984001E+03
1.16160E+01        5.97154703647E+03
1.16220E+01        5.96584239255E+03
1.16280E+01        5.96014589276E+03
1.16340E+01        5.95445752167E+03
1.16400E+01        5.94877726388E+03
1.16460E+01        5.94310510401E+03
1.16520E+01        5.93744102673E+03
1.16580E+01        5.93178501676E+03
1.16640E+01        5.92613705883E+03
1.16700E+01        5.92049713772E+03
1.16760E+01        5.91486523824E+03
1.16820E+01        5.90924134525E+03
1.16880E+01        5.90362544362E+03
1.16940E+01        5.89801751828E+03
1.17000E+01        5.89241755418E+03
1.17060E+01        5.88682553631E+03
1.17120E+01        5.88124144971E+03
1.17180E+01        5.87566527942E+03
1.17240E+01        5.87009701055E+03
1.17300E+01        5.86453662822E+03
1.17360E+01        5.85898411761E+03
1.17420E+01        5.85343946392E+03
1.17480E+01        5.84790265237E+03
1.17540E+01        5.84237366824E+03
1.17600E+01        5.83685249683E+03
1.17660E+01        5.83133912349E+03
1.17720E+01        5.82583353358E+03
1.17780E+01        5.82033571251E+03
1.17840E+01        5.81484564572E+03
1.17900E+01        5.80936331869E+03
1.17960E+01        5.80388871692E+03
1.18020E+01        5.79842182596E+03
1.18080E+01        5.79296263139E+03
1.18140E+01        5.78751111881E+03
1.18200E+01        5.78206727387E+03
1.18260E+01        5.77663108224E+03
1.18320E+01        5.77120252964E+03
1.18380E+01        5.76578160180E+03
1.18440E+01        5.76036828451E+03
1.18500E+01        5.75496256357E+03
1.18560E+01        5.74956442483E+03
1.18620E+01        5.74417385415E+03
1.18680E+01        5.73879083746E+03
1.18740E+01        5.73341536068E+03
1.18800E+01        5.72804740980E+03
1.18860E+01        5.72268697081E+03
1.18920E+01        5.71733402976E+03
1.18980E+01        5.71198857272E+03
1.19040E+01        5.70665058578E+03
1.19100E+01        5.70132005509E+03
1.19160E+01        5.69599696680E+03
1.19220E+01        5.69068130713E+03
1.19280E+01        5.68537306229E+03
1.19340E+01        5.68007221855E+03
1.19400E+01        5.67477876221E+03
1.19460E+01        5.66949267959E+03
1.19520E+01        5.66421395704E+03
1.19580E+01        5.65894258097E+03
1.19640E+01        5.65367853777E+03
1.19700E+01        5.64842181391E+03
1.19760E+01        5.64317239588E+03
1.19820E+01        5.63793027017E+03
1.19880E+01        5.63269542334E+03
1.19940E+01        5.62746784196E+03
1.20000E+01        5.62224751264E+03
1.20060E+01        5.61703442201E+03
1.20120E+01        5.61182855674E+03
1.20180E+01        5.60662990353E+03
1.20240E+01        5.60143844911E+03
1.20300E+01        5.59625418023E+03
1.20360E+01        5.59107708370E+03
1.20420E+01        5.58590714631E+03
1.20480E+01        5.58074435493E+03
1.20540E+01        5.57558869643E+03
1.20600E+01        5.57044015773E+03
1.20660E+01        5.56529872576E+03
1.20720E+01        5.56016438749E+03
1.20780E+01        5.55503712993E+03
1.20840E+01        5.54991694009E+03
1.20900E+01        5.54480380505E+03
1.20960E+01        5.53969771187E+03
1.21020E+01        5.53459864770E+03
1.21080E+01        5.52950659966E+03
1.21140E+01        5.52442155494E+03
1.21200E+01        5.51934350073E+03
1.21260E+01        5.51427242429E+03
1.21320E+01        5.50920831286E+03
1.21380E+01        5.50415115374E+03
1.21440E+01        5.49910093425E+03
1.21500E+01        5.49405764174E+03
1.21560E+01        5.48902126360E+03
1.21620E+01        5.48399178721E+03
1.21680E+01        5.47896920004E+03
1.21740E+01        5.47395348952E+03
1.21800E+01        5.46894464317E+03
1.21860E+01        5.46394264849E+03
1.21920E+01        5.45894749304E+03
1.21980E+01        5.45395916440E+03
1.22040E+01        5.44897765017E+03
1.22100E+01        5.44400293798E+03
1.22160E+01        5.43903501550E+03
1.22220E+01        5.43407387041E+03
1.22280E+01        5.42911949043E+03
1.22340E+01        5.42417186332E+03
1.22400E+01        5.41923097682E+03
1.22460E+01        5.41429681876E+03
1.22520E+01        5.40936937695E+03
1.22580E+01        5.40444863926E+03
1.22640E+01        5.39953459355E+03
1.22700E+01        5.39462722775E+03
1.22760E+01        5.38972652979E+03
1.22820E+01        5.38483248763E+03
1.22880E+01        5.37994508926E+03
1.22940E+01        5.37506432270E+03
1.23000E+01        5.37019017600E+03
1.23060E+01        5.36532263723E+03
1.23120E+01        5.36046169448E+03
1.23180E+01        5.35560733588E+03
1.23240E+01        5.35075954958E+03
1.23300E+01        5.34591832376E+03
1.23360E+01        5.34108364663E+03
1.23420E+01        5.33625550641E+03
1.23480E+01        5.33143389137E+03
1.23540E+01        5.32661878978E+03
1.23600E+01        5.32181018995E+03
1.23660E+01        5.31700808023E+03
1.23720E+01        5.31221244898E+03
1.23780E+01        5.30742328457E+03
1.23840E+01        5.30264057543E+03
1.23900E+01        5.29786431000E+03
1.23960E+01        5.29309447674E+03
1.24020E+01        5.28833106414E+03
1.24080E+01        5.28357406071E+03
1.24140E+01        5.27882345501E+03
1.24200E+01        5.27407923560E+03
1.24260E+01        5.26934139108E+03
1.24320E+01        5.26460991005E+03
1.24380E+01        5.25988478117E+03
1.24440E+01        5.25516599310E+03
1.24500E+01        5.25045353455E+03
1.24560E+01        5.24574739422E+03
1.24620E+01        5.24104756086E+03
1.24680E+01        5.23635402325E+03
1.24740E+01        5.23166677018E+03
1.24800E+01        5.22698579046E+03
1.24860E+01        5.22231107294E+03
1.24920E+01        5.21764260650E+03
1.24980E+01        5.21298038001E+03
1.25040E+01        5.20832438241E+03
1.25100E+01        5.20367460262E+03
1.25160E+01        5.19903102963E+03
1.25220E+01        5.19439365242E+03
1.25280E+01        5.18976246001E+03
1.25340E+01        5.18513744143E+03
1.25400E+01        5.18051858576E+03
1.25460E+01        5.17590588207E+03
1.25520E+01        5.17129931949E+03
1.25580E+01        5.16669888714E+03
1.25640E+01        5.16210457419E+03
1.25700E+01        5.15751636983E+03
1.25760E+01        5.15293426325E+03
1.25820E+01        5.14835824369E+03
1.25880E+01        5.14378830041E+03
1.25940E+01        5.13922442269E+03
1.26000E+01        5.13466659982E+03
1.26060E+01        5.13011482113E+03
1.26120E+01        5.12556907598E+03
1.26180E+01        5.12102935374E+03
1.26240E+01        5.11649564380E+03
1.26300E+01        5.11196793557E+03
1.26360E+01        5.10744621852E+03
1.26420E+01        5.10293048209E+03
1.26480E+01        5.09842071578E+03
1.26540E+01        5.09391690910E+03
1.26600E+01        5.08941905158E+03
1.26660E+01        5.08492713278E+03
1.26720E+01        5.08044114229E+03
1.26780E+01        5.07596106970E+03
1.26840E+01        5.07148690465E+03
1.26900E+01        5.06701863677E+03
1.26960E+01        5.06255625574E+03
1.27020E+01        5.05809975126E+03
1.27080E+01        5.05364911304E+03
1.27140E+01        5.04920433082E+03
1.27200E+01        5.04476539436E+03
1.27260E+01        5.04033229344E+03
1.27320E+01        5.03590501787E+03
1.27380E+01        5.03148355747E+03
1.27440E+01        5.02706790210E+03
1.27500E+01        5.02265804163E+03
1.27560E+01        5.01825396595E+03
1.27620E+01        5.01385566498E+03
1.27680E+01        5.00946312865E+03
1.27740E+01        5.00507634692E+03
1.27800E+01        5.00069530978E+03
1.27860E+01        4.99632000723E+03
1.27920E+01        4.99195042929E+03
1.27980E+01        4.98758656601E+03
1.28040E+01        4.98322840746E+03
1.28100E+01        4.97887594372E+03
1.28160E+01        4.97452916491E+03
1.28220E+01        4.97018806116E+03
1.28280E+01        4.96585262262E+03
1.28340E+01        4.96152283947E+03
1.28400E+01        4.95719870190E+03
1.28460E+01        4.95288020014E+03
1.28520E+01        4.94856732441E+03
1.28580E+01        4.94426006497E+03
1.28640E+01        4.93995841212E+03
1.28700E+01        4.93566235615E+03
1.28760E+01        4.93137188738E+03
1.28820E+01        4.92708699615E+03
1.28880E+01        4.92280767283E+03
1.28940E+01        4.91853390781E+03
1.29000E+01        4.91426569148E+03
1.29060E+01        4.91000301428E+03
1.29120E+01        4.90574586664E+03
1.29180E+01        4.90149423905E+03
1.29240E+01        4.89724812198E+03
1.29300E+01        4.89300750594E+03
1.29360E+01        4.88877238147E+03
1.29420E+01        4.88454273910E+03
1.29480E+01        4.88031856941E+03
1.29540E+01        4.87609986299E+03
1.29600E+01        4.87188661045E+03
1.29660E+01        4.86767880241E+03
1.29720E+01        4.86347642953E+03
1.29780E+01        4.85927948247E+03
1.29840E+01        4.85508795193E+03
1.29900E+01        4.85090182860E+03
1.29960E+01        4.84672110323E+03
1.30020E+01        4.84254576657E+03
1.30080E+01        4.83837580937E+03
1.30140E+01        4.83421122243E+03
1.30200E+01        4.83005199655E+03
1.30260E+01        4.82589812257E+03
1.30320E+01        4.82174959132E+03
1.30380E+01        4.81760639369E+03
1.30440E+01        4.81346852055E+03
1.30500E+01        4.80933596280E+03
1.30560E+01        4.80520871138E+03
1.30620E+01        4.80108675723E+03
1.30680E+01        4.79697009130E+03
1.30740E+01        4.79285870459E+03
1.30800E+01        4.78875258810E+03
1.30860E+01        4.78465173284E+03
1.30920E+01        4.78055612986E+03
1.30980E+01        4.77646577021E+03
1.31040E+01        4.77238064497E+03
1.31100E+01        4.76830074524E+03
1.31160E+01        4.76422606213E+03
1.31220E+01        4.76015658679E+03
1.31280E+01        4.75609231036E+03
1.31340E+01        4.75203322401E+03
1.31400E+01        4.74797931893E+03
1.31460E+01        4.74393058634E+03
1.31520E+01        4.73988701747E+03
1.31580E+01        4.73584860355E+03
1.31640E+01        4.73181533585E+03
1.31700E+01        4.72778720566E+03
1.31760E+01        4.72376420427E+03
1.31820E+01        4.71974632302E+03
1.31880E+01        4.71573355323E+03
1.31940E+01        4.71172588626E+03
1.32000E+01        4.70772331349E+03
1.32060E+01        4.70372582631E+03
1.32120E+01        4.69973341614E+03
1.32180E+01        4.69574607439E+03
1.32240E+01        4.69176379252E+03
1.32300E+01        4.68778656199E+03
1.32360E+01        4.68381437429E+03
1.32420E+01        4.67984722092E+03
1.32480E+01        4.67588509339E+03
1.32540E+01        4.67192798325E+03
1.32600E+01        4.66797588204E+03
1.32660E+01        4.66402878134E+03
1.32720E+01        4.66008667274E+03
1.32780E+01        4.65614954784E+03
1.32840E+01        4.65221739828E+03
1.32900E+01        4.64829021569E+03
1.32960E+01        4.64436799173E+03
1.33020E+01        4.64045071808E+03
1.33080E+01        4.63653838644E+03
1.33140E+01        4.63263098851E+03
1.33200E+01        4.62872851604E+03
1.33260E+01        4.62483096075E+03
1.33320E+01        4.62093831443E+03
1.33380E+01        4.61705056884E+03
1.33440E+01        4.61316771579E+03
1.33500E+01        4.60928974710E+03
1.33560E+01        4.60541665458E+03
1.33620E+01        4.60154843011E+03
1.33680E+01        4.59768506553E+03
1.33740E+01        4.59382655274E+03
1.33800E+01        4.58997288364E+03
1.33860E+01        4.58612405013E+03
1.33920E+01        4.58228004417E+03
1.33980E+01        4.57844085769E+03
1.34040E+01        4.57460648266E+03
1.34100E+01        4.57077691107E+03
1.34160E+01        4.56695213492E+03
1.34220E+01        4.56313214623E+03
1.34280E+01        4.55931693703E+03
1.34340E+01        4.55550649937E+03
1.34400E+01        4.55170082532E+03
1.34460E+01        4.54789990695E+03
1.34520E+01        4.54410373638E+03
1.34580E+01        4.54031230572E+03
1.34640E+01        4.53652560709E+03
1.34700E+01        4.53274363265E+03
1.34760E+01        4.52896637457E+03
1.34820E+01        4.52519382502E+03
1.34880E+01        4.52142597620E+03
1.34940E+01        4.51766282032E+03
1.35000E+01        4.51390434962E+03
1.35060E+01        4.51015055634E+03
1.35120E+01        4.50640143274E+03
1.35180E+01        4.50265697110E+03
1.35240E+01        4.49891716371E+03
1.35300E+01        4.49518200287E+03
1.35360E+01        4.49145148093E+03
1.35420E+01        4.48772559021E+03
1.35480E+01        4.48400432308E+03
1.35540E+01        4.48028767190E+03
1.35600E+01        4.47657562906E+03
1.35660E+01        4.47286818697E+03
1.35720E+01        4.46916533805E+03
1.35780E+01        4.46546707472E+03
1.35840E+01        4.46177338945E+03
1.35900E+01        4.45808427470E+03
1.35960E+01        4.45439972294E+03
1.36020E+01        4.45071972668E+03
1.36080E+01        4.44704427843E+03
1.36140E+01        4.44337337071E+03
1.36200E+01        4.43970699607E+03
1.36260E+01        4.43604514706E+03
1.36320E+01        4.43238781627E+03
1.36380E+01        4.42873499626E+03
1.36440E+01        4.42508667966E+03
1.36500E+01        4.42144285908E+03
1.36560E+01        4.41780352715E+03
1.36620E+01        4.41416867652E+03
1.36680E+01        4.41053829985E+03
1.36740E+01        4.40691238983E+03
1.36800E+01        4.40329093915E+03
1.36860E+01        4.39967394051E+03
1.36920E+01        4.39606138664E+03
1.36980E+01        4.39245327028E+03
1.37040E+01        4.38884958418E+03
1.37100E+01        4.38525032110E+03
1.37160E+01        4.38165547384E+03
1.37220E+01        4.37806503518E+03
1.37280E+01        4.37447899795E+03
1.37340E+01        4.37089735495E+03
1.37400E+01        4.36732009905E+03
1.37460E+01        4.36374722309E+03
1.37520E+01        4.36017871994E+03
1.37580E+01        4.35661458248E+03
1.37640E+01        4.35305480362E+03
1.37700E+01        4.34949937627E+03
1.37760E+01        4.34594829336E+03
1.37820E+01        4.34240154782E+03
1.37880E+01        4.33885913262E+03
1.37940E+01        4.33532104072E+03
1.38000E+01        4.33178726512E+03
1.38060E+01        4.32825779880E+03
1.38120E+01        4.32473263478E+03
1.38180E+01        4.32121176609E+03
1.38240E+01        4.31769518577E+03
1.38300E+01        4.31418288688E+03
1.38360E+01        4.31067486248E+03
1.38420E+01        4.30717110566E+03
1.38480E+01        4.30367160951E+03
1.38540E+01        4.30017636715E+03
1.38600E+01        4.29668537170E+03
1.38660E+01        4.29319861631E+03
1.38720E+01        4.28971609411E+03
1.38780E+01        4.28623779828E+03
1.38840E+01        4.28276372201E+03
1.38900E+01        4.27929385847E+03
1.38960E+01        4.27582820089E+03
1.39020E+01        4.27236674248E+03
1.39080E+01        4.26890947648E+03
1.39140E+01        4.26545639613E+03
1.39200E+01        4.26200749470E+03
1.39260E+01        4.25856276546E+03
1.39320E+01        4.25512220171E+03
1.39380E+01        4.25168579674E+03
1.39440E+01        4.24825354387E+03
1.39500E+01        4.24482543643E+03
1.39560E+01        4.24140146776E+03
1.39620E+01        4.23798163123E+03
1.39680E+01        4.23456592019E+03
1.39740E+01        4.23115432803E+03
1.39800E+01        4.22774684814E+03
1.39860E+01        4.22434347395E+03
1.39920E+01        4.22094419885E+03
1.39980E+01        4.21754901631E+03
1.40040E+01        4.21415791975E+03
