# %ECSV 0.9
# ---
# datatype:
# - {name: wavelength, unit: micron, datatype: float64}
# - {name: flux, unit: microJansky, datatype: float64}
# schema: astropy-2.0
#
#
#  - - File generated by ExoNoodle - -
#         V1.0.0 - MML (CEA-Saclay)
#       2021-02-26 14:01:48.325215
wavelength flux 
3.00000E+00        5.71205894494E+04
3.00600E+00        5.69662294629E+04
3.01200E+00        5.68124273298E+04
3.01800E+00        5.66591809565E+04
3.02400E+00        5.65064882522E+04
3.03000E+00        5.63543471289E+04
3.03600E+00        5.62027555012E+04
3.04200E+00        5.60517112867E+04
3.04800E+00        5.59012124063E+04
3.05400E+00        5.57512567839E+04
3.06000E+00        5.56018423467E+04
3.06600E+00        5.54529670254E+04
3.07200E+00        5.53046287543E+04
3.07800E+00        5.51568254712E+04
3.08400E+00        5.50095551176E+04
3.09000E+00        5.48628156391E+04
3.09600E+00        5.47166049851E+04
3.10200E+00        5.45709211090E+04
3.10800E+00        5.44257619683E+04
3.11400E+00        5.42811255248E+04
3.12000E+00        5.41370097447E+04
3.12600E+00        5.39934125984E+04
3.13200E+00        5.38503320608E+04
3.13800E+00        5.37077661115E+04
3.14400E+00        5.35657127346E+04
3.15000E+00        5.34241699191E+04
3.15600E+00        5.32831356584E+04
3.16200E+00        5.31426079510E+04
3.16800E+00        5.30025848005E+04
3.17400E+00        5.28630642151E+04
3.18000E+00        5.27240442084E+04
3.18600E+00        5.25855227988E+04
3.19200E+00        5.24474980101E+04
3.19800E+00        5.23099678712E+04
3.20400E+00        5.21729304164E+04
3.21000E+00        5.20363836853E+04
3.21600E+00        5.19003257228E+04
3.22200E+00        5.17647545794E+04
3.22800E+00        5.16296683111E+04
3.23400E+00        5.14950649793E+04
3.24000E+00        5.13609426510E+04
3.24600E+00        5.12272993990E+04
3.25200E+00        5.10941333017E+04
3.25800E+00        5.09614424432E+04
3.26400E+00        5.08292249133E+04
3.27000E+00        5.06974788077E+04
3.27600E+00        5.05662022279E+04
3.28200E+00        5.04353932813E+04
3.28800E+00        5.03050500811E+04
3.29400E+00        5.01751707466E+04
3.30000E+00        5.00457534030E+04
3.30600E+00        4.99167961814E+04
3.31200E+00        4.97882972190E+04
3.31800E+00        4.96602546591E+04
3.32400E+00        4.95326666512E+04
3.33000E+00        4.94055313505E+04
3.33600E+00        4.92788469187E+04
3.34200E+00        4.91526115235E+04
3.34800E+00        4.90268233389E+04
3.35400E+00        4.89014805450E+04
3.36000E+00        4.87765813280E+04
3.36600E+00        4.86521238806E+04
3.37200E+00        4.85281064016E+04
3.37800E+00        4.84045270959E+04
3.38400E+00        4.82813841751E+04
3.39000E+00        4.81586758567E+04
3.39600E+00        4.80364003646E+04
3.40200E+00        4.79145559293E+04
3.40800E+00        4.77931407872E+04
3.41400E+00        4.76721531815E+04
3.42000E+00        4.75515913613E+04
3.42600E+00        4.74314535823E+04
3.43200E+00        4.73117381067E+04
3.43800E+00        4.71924432029E+04
3.44400E+00        4.70735671456E+04
3.45000E+00        4.69551082161E+04
3.45600E+00        4.68370647020E+04
3.46200E+00        4.67194348973E+04
3.46800E+00        4.66022171025E+04
3.47400E+00        4.64854096242E+04
3.48000E+00        4.63690107759E+04
3.48600E+00        4.62530188771E+04
3.49200E+00        4.61374322538E+04
3.49800E+00        4.60222492386E+04
3.50400E+00        4.59074681703E+04
3.51000E+00        4.57930873943E+04
3.51600E+00        4.56791052622E+04
3.52200E+00        4.55655201321E+04
3.52800E+00        4.54523303686E+04
3.53400E+00        4.53395343425E+04
3.54000E+00        4.52271304313E+04
3.54600E+00        4.51151170186E+04
3.55200E+00        4.50034924945E+04
3.55800E+00        4.48922552555E+04
3.56400E+00        4.47814037045E+04
3.57000E+00        4.46709362507E+04
3.57600E+00        4.45608513097E+04
3.58200E+00        4.44511473036E+04
3.58800E+00        4.43418226605E+04
3.59400E+00        4.42328758151E+04
3.60000E+00        4.41243052085E+04
3.60600E+00        4.40161092880E+04
3.61200E+00        4.39082865072E+04
3.61800E+00        4.38008353261E+04
3.62400E+00        4.36937542108E+04
3.63000E+00        4.35870416339E+04
3.63600E+00        4.34806960742E+04
3.64200E+00        4.33747160169E+04
3.64800E+00        4.32690999531E+04
3.65400E+00        4.31638463805E+04
3.66000E+00        4.30589538028E+04
3.66600E+00        4.29544207301E+04
3.67200E+00        4.28502456786E+04
3.67800E+00        4.27464271706E+04
3.68400E+00        4.26429637349E+04
3.69000E+00        4.25398539060E+04
3.69600E+00        4.24370962250E+04
3.70200E+00        4.23346892388E+04
3.70800E+00        4.22326315007E+04
3.71400E+00        4.21309215698E+04
3.72000E+00        4.20295580117E+04
3.72600E+00        4.19285393976E+04
3.73200E+00        4.18278643051E+04
3.73800E+00        4.17275313178E+04
3.74400E+00        4.16275390252E+04
3.75000E+00        4.15278860230E+04
3.75600E+00        4.14285709128E+04
3.76200E+00        4.13295923021E+04
3.76800E+00        4.12309488045E+04
3.77400E+00        4.11326390395E+04
3.78000E+00        4.10346616326E+04
3.78600E+00        4.09370152151E+04
3.79200E+00        4.08396984243E+04
3.79800E+00        4.07427099033E+04
3.80400E+00        4.06460483011E+04
3.81000E+00        4.05497122726E+04
3.81600E+00        4.04537004784E+04
3.82200E+00        4.03580115852E+04
3.82800E+00        4.02626442651E+04
3.83400E+00        4.01675971962E+04
3.84000E+00        4.00728690623E+04
3.84600E+00        3.99784585531E+04
3.85200E+00        3.98843643638E+04
3.85800E+00        3.97905851954E+04
3.86400E+00        3.96971197545E+04
3.87000E+00        3.96039667536E+04
3.87600E+00        3.95111249105E+04
3.88200E+00        3.94185929489E+04
3.88800E+00        3.93263695981E+04
3.89400E+00        3.92344535928E+04
3.90000E+00        3.91428436733E+04
3.90600E+00        3.90515385857E+04
3.91200E+00        3.89605370814E+04
3.91800E+00        3.88698379174E+04
3.92400E+00        3.87794398560E+04
3.93000E+00        3.86893416653E+04
3.93600E+00        3.85995421186E+04
3.94200E+00        3.85100399948E+04
3.94800E+00        3.84208340781E+04
3.95400E+00        3.83319231580E+04
3.96000E+00        3.82433060297E+04
3.96600E+00        3.81549814934E+04
3.97200E+00        3.80669483549E+04
3.97800E+00        3.79792054251E+04
3.98400E+00        3.78917515203E+04
3.99000E+00        3.78045854621E+04
3.99600E+00        3.77177060773E+04
4.00200E+00        3.76311121980E+04
4.00800E+00        3.75448026614E+04
4.01400E+00        3.74587763100E+04
4.02000E+00        3.73730319914E+04
4.02600E+00        3.72875685584E+04
4.03200E+00        3.72023848689E+04
4.03800E+00        3.71174797860E+04
4.04400E+00        3.70328521777E+04
4.05000E+00        3.69485009173E+04
4.05600E+00        3.68644248830E+04
4.06200E+00        3.67806229580E+04
4.06800E+00        3.66970940308E+04
4.07400E+00        3.66138369945E+04
4.08000E+00        3.65308507473E+04
4.08600E+00        3.64481341926E+04
4.09200E+00        3.63656862384E+04
4.09800E+00        3.62835057978E+04
4.10400E+00        3.62015917886E+04
4.11000E+00        3.61199431338E+04
4.11600E+00        3.60385587609E+04
4.12200E+00        3.59574376024E+04
4.12800E+00        3.58765785957E+04
4.13400E+00        3.57959806827E+04
4.14000E+00        3.57156428104E+04
4.14600E+00        3.56355639303E+04
4.15200E+00        3.55557429987E+04
4.15800E+00        3.54761789768E+04
4.16400E+00        3.53968708302E+04
4.17000E+00        3.53178175293E+04
4.17600E+00        3.52390180492E+04
4.18200E+00        3.51604713694E+04
4.18800E+00        3.50821764744E+04
4.19400E+00        3.50041323530E+04
4.20000E+00        3.49263379986E+04
4.20600E+00        3.48487924092E+04
4.21200E+00        3.47714945873E+04
4.21800E+00        3.46944435400E+04
4.22400E+00        3.46176382788E+04
4.23000E+00        3.45410778196E+04
4.23600E+00        3.44647611829E+04
4.24200E+00        3.43886873937E+04
4.24800E+00        3.43128554811E+04
4.25400E+00        3.42372644789E+04
4.26000E+00        3.41619134251E+04
4.26600E+00        3.40868013621E+04
4.27200E+00        3.40119273367E+04
4.27800E+00        3.39372903999E+04
4.28400E+00        3.38628896072E+04
4.29000E+00        3.37887240180E+04
4.29600E+00        3.37147926964E+04
4.30200E+00        3.36410947104E+04
4.30800E+00        3.35676291324E+04
4.31400E+00        3.34943950390E+04
4.32000E+00        3.34213915108E+04
4.32600E+00        3.33486176329E+04
4.33200E+00        3.32760724941E+04
4.33800E+00        3.32037551878E+04
4.34400E+00        3.31316648111E+04
4.35000E+00        3.30598004655E+04
4.35600E+00        3.29881612563E+04
4.36200E+00        3.29167462931E+04
4.36800E+00        3.28455546894E+04
4.37400E+00        3.27745855626E+04
4.38000E+00        3.27038380344E+04
4.38600E+00        3.26333112302E+04
4.39200E+00        3.25630042795E+04
4.39800E+00        3.24929163157E+04
4.40400E+00        3.24230464761E+04
4.41000E+00        3.23533939019E+04
4.41600E+00        3.22839577384E+04
4.42200E+00        3.22147371343E+04
4.42800E+00        3.21457312427E+04
4.43400E+00        3.20769392201E+04
4.44000E+00        3.20083602271E+04
4.44600E+00        3.19399934279E+04
4.45200E+00        3.18718379906E+04
4.45800E+00        3.18038930871E+04
4.46400E+00        3.17361578928E+04
4.47000E+00        3.16686315871E+04
4.47600E+00        3.16013133529E+04
4.48200E+00        3.15342023771E+04
4.48800E+00        3.14672978499E+04
4.49400E+00        3.14005989654E+04
4.50000E+00        3.13341049213E+04
4.50600E+00        3.12678149188E+04
4.51200E+00        3.12017281629E+04
4.51800E+00        3.11358438621E+04
4.52400E+00        3.10701612283E+04
4.53000E+00        3.10046794773E+04
4.53600E+00        3.09393978282E+04
4.54200E+00        3.08743155036E+04
4.54800E+00        3.08094317298E+04
4.55400E+00        3.07447457364E+04
4.56000E+00        3.06802567567E+04
4.56600E+00        3.06159640270E+04
4.57200E+00        3.05518667877E+04
4.57800E+00        3.04879642820E+04
4.58400E+00        3.04242557568E+04
4.59000E+00        3.03607404626E+04
4.59600E+00        3.02974176527E+04
4.60200E+00        3.02342865844E+04
4.60800E+00        3.01713465178E+04
4.61400E+00        3.01085967168E+04
4.62000E+00        3.00460364481E+04
4.62600E+00        2.99836649823E+04
4.63200E+00        2.99214815926E+04
4.63800E+00        2.98594855561E+04
4.64400E+00        2.97976761528E+04
4.65000E+00        2.97360526659E+04
4.65600E+00        2.96746143820E+04
4.66200E+00        2.96133605907E+04
4.66800E+00        2.95522905851E+04
4.67400E+00        2.94914036611E+04
4.68000E+00        2.94306991180E+04
4.68600E+00        2.93701762582E+04
4.69200E+00        2.93098343871E+04
4.69800E+00        2.92496728134E+04
4.70400E+00        2.91896908487E+04
4.71000E+00        2.91298878079E+04
4.71600E+00        2.90702630088E+04
4.72200E+00        2.90108157723E+04
4.72800E+00        2.89515454223E+04
4.73400E+00        2.88924512857E+04
4.74000E+00        2.88335326927E+04
4.74600E+00        2.87747889760E+04
4.75200E+00        2.87162194717E+04
4.75800E+00        2.86578235186E+04
4.76400E+00        2.85996004586E+04
4.77000E+00        2.85415496365E+04
4.77600E+00        2.84836703999E+04
4.78200E+00        2.84259620996E+04
4.78800E+00        2.83684240890E+04
4.79400E+00        2.83110557244E+04
4.80000E+00        2.82538563652E+04
4.80600E+00        2.81968253734E+04
4.81200E+00        2.81399621140E+04
4.81800E+00        2.80832659548E+04
4.82400E+00        2.80267362663E+04
4.83000E+00        2.79703724218E+04
4.83600E+00        2.79141737976E+04
4.84200E+00        2.78581397726E+04
4.84800E+00        2.78022697284E+04
4.85400E+00        2.77465630495E+04
4.86000E+00        2.76910191230E+04
4.86600E+00        2.76356373388E+04
4.87200E+00        2.75804170895E+04
4.87800E+00        2.75253577702E+04
4.88400E+00        2.74704587791E+04
4.89000E+00        2.74157195166E+04
4.89600E+00        2.73611393860E+04
4.90200E+00        2.73067177932E+04
4.90800E+00        2.72524541467E+04
4.91400E+00        2.71983478577E+04
4.92000E+00        2.71443983398E+04
4.92600E+00        2.70906050095E+04
4.93200E+00        2.70369672855E+04
4.93800E+00        2.69834845894E+04
4.94400E+00        2.69301563451E+04
4.95000E+00        2.68769819792E+04
4.95600E+00        2.68239609208E+04
4.96200E+00        2.67710926014E+04
4.96800E+00        2.67183764551E+04
4.97400E+00        2.66658119185E+04
4.98000E+00        2.66133984307E+04
4.98600E+00        2.65611354330E+04
4.99200E+00        2.65090223696E+04
4.99800E+00        2.64570586868E+04
5.00400E+00        2.64052438334E+04
5.01000E+00        2.63535772607E+04
5.01600E+00        2.63020584223E+04
5.02200E+00        2.62506867743E+04
5.02800E+00        2.61994617751E+04
5.03400E+00        2.61483828856E+04
5.04000E+00        2.60974495688E+04
5.04600E+00        2.60466612903E+04
5.05200E+00        2.59960175179E+04
5.05800E+00        2.59455177217E+04
5.06400E+00        2.58951613744E+04
5.07000E+00        2.58449479506E+04
5.07600E+00        2.57948769274E+04
5.08200E+00        2.57449477842E+04
5.08800E+00        2.56951600026E+04
5.09400E+00        2.56455130664E+04
5.10000E+00        2.55960064619E+04
5.10600E+00        2.55466396773E+04
5.11200E+00        2.54974122033E+04
5.11800E+00        2.54483235326E+04
5.12400E+00        2.53993731603E+04
5.13000E+00        2.53505605835E+04
5.13600E+00        2.53018853016E+04
5.14200E+00        2.52533468162E+04
5.14800E+00        2.52049446311E+04
5.15400E+00        2.51566782519E+04
5.16000E+00        2.51085471869E+04
5.16600E+00        2.50605509460E+04
5.17200E+00        2.50126890416E+04
5.17800E+00        2.49649609879E+04
5.18400E+00        2.49173663016E+04
5.19000E+00        2.48699045010E+04
5.19600E+00        2.48225751069E+04
5.20200E+00        2.47753776420E+04
5.20800E+00        2.47283116309E+04
5.21400E+00        2.46813766005E+04
5.22000E+00        2.46345720797E+04
5.22600E+00        2.45878975993E+04
5.23200E+00        2.45413526921E+04
5.23800E+00        2.44949368932E+04
5.24400E+00        2.44486497394E+04
5.25000E+00        2.44024907696E+04
5.25600E+00        2.43564595246E+04
5.26200E+00        2.43105555473E+04
5.26800E+00        2.42647783826E+04
5.27400E+00        2.42191275771E+04
5.28000E+00        2.41736026795E+04
5.28600E+00        2.41282032405E+04
5.29200E+00        2.40829288126E+04
5.29800E+00        2.40377789504E+04
5.30400E+00        2.39927532101E+04
5.31000E+00        2.39478511500E+04
5.31600E+00        2.39030723303E+04
5.32200E+00        2.38584163130E+04
5.32800E+00        2.38138826621E+04
5.33400E+00        2.37694709432E+04
5.34000E+00        2.37251807240E+04
5.34600E+00        2.36810115739E+04
5.35200E+00        2.36369630643E+04
5.35800E+00        2.35930347682E+04
5.36400E+00        2.35492262606E+04
5.37000E+00        2.35055371181E+04
5.37600E+00        2.34619669193E+04
5.38200E+00        2.34185152446E+04
5.38800E+00        2.33751816760E+04
5.39400E+00        2.33319657974E+04
5.40000E+00        2.32888671944E+04
5.40600E+00        2.32458854544E+04
5.41200E+00        2.32030201666E+04
5.41800E+00        2.31602709218E+04
5.42400E+00        2.31176373126E+04
5.43000E+00        2.30751189334E+04
5.43600E+00        2.30327153802E+04
5.44200E+00        2.29904262507E+04
5.44800E+00        2.29482511443E+04
5.45400E+00        2.29061896623E+04
5.46000E+00        2.28642414073E+04
5.46600E+00        2.28224059839E+04
5.47200E+00        2.27806829983E+04
5.47800E+00        2.27390720582E+04
5.48400E+00        2.26975727731E+04
5.49000E+00        2.26561847540E+04
5.49600E+00        2.26149076138E+04
5.50200E+00        2.25737409667E+04
5.50800E+00        2.25326844287E+04
5.51400E+00        2.24917376174E+04
5.52000E+00        2.24509001520E+04
5.52600E+00        2.24101716532E+04
5.53200E+00        2.23695517434E+04
5.53800E+00        2.23290400466E+04
5.54400E+00        2.22886361882E+04
5.55000E+00        2.22483397954E+04
5.55600E+00        2.22081504967E+04
5.56200E+00        2.21680679224E+04
5.56800E+00        2.21280917041E+04
5.57400E+00        2.20882214751E+04
5.58000E+00        2.20484568703E+04
5.58600E+00        2.20087975259E+04
5.59200E+00        2.19692430797E+04
5.59800E+00        2.19297931710E+04
5.60400E+00        2.18904474408E+04
5.61000E+00        2.18512055312E+04
5.61600E+00        2.18120670861E+04
5.62200E+00        2.17730317508E+04
5.62800E+00        2.17340991719E+04
5.63400E+00        2.16952689978E+04
5.64000E+00        2.16565408781E+04
5.64600E+00        2.16179144638E+04
5.65200E+00        2.15793894076E+04
5.65800E+00        2.15409653634E+04
5.66400E+00        2.15026419867E+04
5.67000E+00        2.14644189343E+04
5.67600E+00        2.14262958644E+04
5.68200E+00        2.13882724368E+04
5.68800E+00        2.13503483124E+04
5.69400E+00        2.13125231539E+04
5.70000E+00        2.12747966249E+04
5.70600E+00        2.12371683907E+04
5.71200E+00        2.11996381181E+04
5.71800E+00        2.11622054748E+04
5.72400E+00        2.11248701304E+04
5.73000E+00        2.10876317554E+04
5.73600E+00        2.10504900219E+04
5.74200E+00        2.10134446034E+04
5.74800E+00        2.09764951745E+04
5.75400E+00        2.09396414114E+04
5.76000E+00        2.09028829913E+04
5.76600E+00        2.08662195930E+04
5.77200E+00        2.08296508966E+04
5.77800E+00        2.07931765833E+04
5.78400E+00        2.07567963358E+04
5.79000E+00        2.07205098380E+04
5.79600E+00        2.06843167751E+04
5.80200E+00        2.06482168336E+04
5.80800E+00        2.06122097012E+04
5.81400E+00        2.05762950670E+04
5.82000E+00        2.05404726213E+04
5.82600E+00        2.05047420556E+04
5.83200E+00        2.04691030628E+04
5.83800E+00        2.04335553369E+04
5.84400E+00        2.03980985731E+04
5.85000E+00        2.03627324681E+04
5.85600E+00        2.03274567195E+04
5.86200E+00        2.02922710265E+04
5.86800E+00        2.02571750891E+04
5.87400E+00        2.02221686087E+04
5.88000E+00        2.01872512881E+04
5.88600E+00        2.01524228309E+04
5.89200E+00        2.01176829423E+04
5.89800E+00        2.00830313284E+04
5.90400E+00        2.00484676966E+04
5.91000E+00        2.00139917555E+04
5.91600E+00        1.99796032148E+04
5.92200E+00        1.99453017854E+04
5.92800E+00        1.99110871794E+04
5.93400E+00        1.98769591100E+04
5.94000E+00        1.98429172916E+04
5.94600E+00        1.98089614397E+04
5.95200E+00        1.97750912709E+04
5.95800E+00        1.97413065031E+04
5.96400E+00        1.97076068552E+04
5.97000E+00        1.96739920473E+04
5.97600E+00        1.96404618004E+04
5.98200E+00        1.96070158370E+04
5.98800E+00        1.95736538803E+04
5.99400E+00        1.95403756549E+04
6.00000E+00        1.95071808864E+04
6.00600E+00        1.94740693016E+04
6.01200E+00        1.94410406280E+04
6.01800E+00        1.94080945947E+04
6.02400E+00        1.93752309316E+04
6.03000E+00        1.93424493697E+04
6.03600E+00        1.93097496410E+04
6.04200E+00        1.92771314788E+04
6.04800E+00        1.92445946173E+04
6.05400E+00        1.92121387916E+04
6.06000E+00        1.91797637382E+04
6.06600E+00        1.91474691944E+04
6.07200E+00        1.91152548985E+04
6.07800E+00        1.90831205901E+04
6.08400E+00        1.90510660096E+04
6.09000E+00        1.90190908984E+04
6.09600E+00        1.89871949992E+04
6.10200E+00        1.89553780554E+04
6.10800E+00        1.89236398115E+04
6.11400E+00        1.88919800131E+04
6.12000E+00        1.88603984069E+04
6.12600E+00        1.88288947402E+04
6.13200E+00        1.87974687616E+04
6.13800E+00        1.87661202208E+04
6.14400E+00        1.87348488681E+04
6.15000E+00        1.87036544552E+04
6.15600E+00        1.86725367344E+04
6.16200E+00        1.86414954592E+04
6.16800E+00        1.86105303840E+04
6.17400E+00        1.85796412642E+04
6.18000E+00        1.85488278561E+04
6.18600E+00        1.85180899169E+04
6.19200E+00        1.84874272050E+04
6.19800E+00        1.84568394795E+04
6.20400E+00        1.84263265005E+04
6.21000E+00        1.83958880290E+04
6.21600E+00        1.83655238271E+04
6.22200E+00        1.83352336576E+04
6.22800E+00        1.83050172844E+04
6.23400E+00        1.82748744723E+04
6.24000E+00        1.82448049868E+04
6.24600E+00        1.82148085946E+04
6.25200E+00        1.81848850632E+04
6.25800E+00        1.81550341610E+04
6.26400E+00        1.81252556572E+04
6.27000E+00        1.80955493220E+04
6.27600E+00        1.80659149265E+04
6.28200E+00        1.80363522427E+04
6.28800E+00        1.80068610434E+04
6.29400E+00        1.79774411023E+04
6.30000E+00        1.79480921940E+04
6.30600E+00        1.79188140940E+04
6.31200E+00        1.78896065786E+04
6.31800E+00        1.78604694251E+04
6.32400E+00        1.78314024114E+04
6.33000E+00        1.78024053165E+04
6.33600E+00        1.77734779202E+04
6.34200E+00        1.77446200030E+04
6.34800E+00        1.77158313464E+04
6.35400E+00        1.76871117327E+04
6.36000E+00        1.76584609451E+04
6.36600E+00        1.76298787675E+04
6.37200E+00        1.76013649846E+04
6.37800E+00        1.75729193822E+04
6.38400E+00        1.75445417465E+04
6.39000E+00        1.75162318650E+04
6.39600E+00        1.74879895257E+04
6.40200E+00        1.74598145174E+04
6.40800E+00        1.74317066298E+04
6.41400E+00        1.74036656535E+04
6.42000E+00        1.73756913796E+04
6.42600E+00        1.73477836004E+04
6.43200E+00        1.73199421086E+04
6.43800E+00        1.72921666980E+04
6.44400E+00        1.72644571630E+04
6.45000E+00        1.72368132989E+04
6.45600E+00        1.72092349015E+04
6.46200E+00        1.71817217678E+04
6.46800E+00        1.71542736953E+04
6.47400E+00        1.71268904824E+04
6.48000E+00        1.70995719280E+04
6.48600E+00        1.70723178321E+04
6.49200E+00        1.70451279953E+04
6.49800E+00        1.70180022190E+04
6.50400E+00        1.69909403052E+04
6.51000E+00        1.69639420569E+04
6.51600E+00        1.69370072777E+04
6.52200E+00        1.69101357718E+04
6.52800E+00        1.68833273445E+04
6.53400E+00        1.68565818015E+04
6.54000E+00        1.68298989493E+04
6.54600E+00        1.68032785954E+04
6.55200E+00        1.67767205476E+04
6.55800E+00        1.67502246148E+04
6.56400E+00        1.67237906063E+04
6.57000E+00        1.66974183324E+04
6.57600E+00        1.66711076039E+04
6.58200E+00        1.66448582324E+04
6.58800E+00        1.66186700303E+04
6.59400E+00        1.65925428105E+04
6.60000E+00        1.65664763867E+04
6.60600E+00        1.65404705733E+04
6.61200E+00        1.65145251855E+04
6.61800E+00        1.64886400389E+04
6.62400E+00        1.64628149501E+04
6.63000E+00        1.64370497363E+04
6.63600E+00        1.64113442152E+04
6.64200E+00        1.63856982055E+04
6.64800E+00        1.63601115262E+04
6.65400E+00        1.63345839973E+04
6.66000E+00        1.63091154392E+04
6.66600E+00        1.62837056733E+04
6.67200E+00        1.62583545213E+04
6.67800E+00        1.62330618059E+04
6.68400E+00        1.62078273501E+04
6.69000E+00        1.61826509779E+04
6.69600E+00        1.61575325137E+04
6.70200E+00        1.61324717827E+04
6.70800E+00        1.61074686107E+04
6.71400E+00        1.60825228242E+04
6.72000E+00        1.60576342501E+04
6.72600E+00        1.60328027163E+04
6.73200E+00        1.60080280511E+04
6.73800E+00        1.59833100834E+04
6.74400E+00        1.59586486430E+04
6.75000E+00        1.59340435600E+04
6.75600E+00        1.59094946654E+04
6.76200E+00        1.58850017906E+04
6.76800E+00        1.58605647678E+04
6.77400E+00        1.58361834296E+04
6.78000E+00        1.58118576095E+04
6.78600E+00        1.57875871414E+04
6.79200E+00        1.57633718598E+04
6.79800E+00        1.57392116000E+04
6.80400E+00        1.57151061978E+04
6.81000E+00        1.56910554894E+04
6.81600E+00        1.56670593120E+04
6.82200E+00        1.56431175030E+04
6.82800E+00        1.56192299007E+04
6.83400E+00        1.55953963438E+04
6.84000E+00        1.55716166717E+04
6.84600E+00        1.55478907243E+04
6.85200E+00        1.55242183421E+04
6.85800E+00        1.55005993662E+04
6.86400E+00        1.54770336383E+04
6.87000E+00        1.54535210007E+04
6.87600E+00        1.54300612963E+04
6.88200E+00        1.54066543683E+04
6.88800E+00        1.53833000608E+04
6.89400E+00        1.53599982183E+04
6.90000E+00        1.53367486860E+04
6.90600E+00        1.53135513094E+04
6.91200E+00        1.52904059348E+04
6.91800E+00        1.52673124091E+04
6.92400E+00        1.52442705794E+04
6.93000E+00        1.52212802938E+04
6.93600E+00        1.51983414006E+04
6.94200E+00        1.51754537488E+04
6.94800E+00        1.51526171880E+04
6.95400E+00        1.51298315682E+04
6.96000E+00        1.51070967401E+04
6.96600E+00        1.50844125548E+04
6.97200E+00        1.50617788639E+04
6.97800E+00        1.50391955198E+04
6.98400E+00        1.50166623751E+04
6.99000E+00        1.49941792831E+04
6.99600E+00        1.49717460977E+04
7.00200E+00        1.49493626732E+04
7.00800E+00        1.49270288644E+04
7.01400E+00        1.49047445267E+04
7.02000E+00        1.48825095160E+04
7.02600E+00        1.48603236887E+04
7.03200E+00        1.48381869017E+04
7.03800E+00        1.48160990126E+04
7.04400E+00        1.47940598791E+04
7.05000E+00        1.47720693598E+04
7.05600E+00        1.47501273136E+04
7.06200E+00        1.47282336001E+04
7.06800E+00        1.47063880790E+04
7.07400E+00        1.46845906110E+04
7.08000E+00        1.46628410569E+04
7.08600E+00        1.46411392783E+04
7.09200E+00        1.46194851370E+04
7.09800E+00        1.45978784955E+04
7.10400E+00        1.45763192167E+04
7.11000E+00        1.45548071640E+04
7.11600E+00        1.45333422014E+04
7.12200E+00        1.45119241931E+04
7.12800E+00        1.44905530041E+04
7.13400E+00        1.44692284997E+04
7.14000E+00        1.44479505457E+04
7.14600E+00        1.44267190084E+04
7.15200E+00        1.44055337546E+04
7.15800E+00        1.43843946514E+04
7.16400E+00        1.43633015666E+04
7.17000E+00        1.43422543683E+04
7.17600E+00        1.43212529252E+04
7.18200E+00        1.43002971064E+04
7.18800E+00        1.42793867813E+04
7.19400E+00        1.42585218201E+04
7.20000E+00        1.42377020932E+04
7.20600E+00        1.42169274716E+04
7.21200E+00        1.41961978265E+04
7.21800E+00        1.41755130298E+04
7.22400E+00        1.41548729539E+04
7.23000E+00        1.41342774713E+04
7.23600E+00        1.41137264554E+04
7.24200E+00        1.40932197797E+04
7.24800E+00        1.40727573183E+04
7.25400E+00        1.40523389456E+04
7.26000E+00        1.40319645366E+04
7.26600E+00        1.40116339668E+04
7.27200E+00        1.39913471118E+04
7.27800E+00        1.39711038479E+04
7.28400E+00        1.39509040519E+04
7.29000E+00        1.39307476008E+04
7.29600E+00        1.39106343721E+04
7.30200E+00        1.38905642438E+04
7.30800E+00        1.38705370942E+04
7.31400E+00        1.38505528023E+04
7.32000E+00        1.38306112471E+04
7.32600E+00        1.38107123084E+04
7.33200E+00        1.37908558662E+04
7.33800E+00        1.37710418010E+04
7.34400E+00        1.37512699936E+04
7.35000E+00        1.37315403255E+04
7.35600E+00        1.37118526782E+04
7.36200E+00        1.36922069339E+04
7.36800E+00        1.36726029751E+04
7.37400E+00        1.36530406849E+04
7.38000E+00        1.36335199464E+04
7.38600E+00        1.36140406435E+04
7.39200E+00        1.35946026603E+04
7.39800E+00        1.35752058813E+04
7.40400E+00        1.35558501915E+04
7.41000E+00        1.35365354762E+04
7.41600E+00        1.35172616212E+04
7.42200E+00        1.34980285125E+04
7.42800E+00        1.34788360367E+04
7.43400E+00        1.34596840807E+04
7.44000E+00        1.34405725317E+04
7.44600E+00        1.34215012775E+04
7.45200E+00        1.34024702061E+04
7.45800E+00        1.33834792059E+04
7.46400E+00        1.33645281658E+04
7.47000E+00        1.33456169750E+04
7.47600E+00        1.33267455230E+04
7.48200E+00        1.33079136999E+04
7.48800E+00        1.32891213959E+04
7.49400E+00        1.32703685018E+04
7.50000E+00        1.32516549086E+04
7.50600E+00        1.32329805079E+04
7.51200E+00        1.32143451914E+04
7.51800E+00        1.31957488513E+04
7.52400E+00        1.31771913803E+04
7.53000E+00        1.31586726711E+04
7.53600E+00        1.31401926171E+04
7.54200E+00        1.31217511120E+04
7.54800E+00        1.31033480498E+04
7.55400E+00        1.30849833247E+04
7.56000E+00        1.30666568317E+04
7.56600E+00        1.30483684656E+04
7.57200E+00        1.30301181221E+04
7.57800E+00        1.30119056968E+04
7.58400E+00        1.29937310860E+04
7.59000E+00        1.29755941861E+04
7.59600E+00        1.29574948939E+04
7.60200E+00        1.29394331067E+04
7.60800E+00        1.29214087220E+04
7.61400E+00        1.29034216376E+04
7.62000E+00        1.28854717519E+04
7.62600E+00        1.28675589634E+04
7.63200E+00        1.28496831709E+04
7.63800E+00        1.28318442738E+04
7.64400E+00        1.28140421716E+04
7.65000E+00        1.27962767643E+04
7.65600E+00        1.27785479522E+04
7.66200E+00        1.27608556357E+04
7.66800E+00        1.27431997159E+04
7.67400E+00        1.27255800940E+04
7.68000E+00        1.27079966716E+04
7.68600E+00        1.26904493507E+04
7.69200E+00        1.26729380335E+04
7.69800E+00        1.26554626225E+04
7.70400E+00        1.26380230206E+04
7.71000E+00        1.26206191312E+04
7.71600E+00        1.26032508577E+04
7.72200E+00        1.25859181040E+04
7.72800E+00        1.25686207743E+04
7.73400E+00        1.25513587732E+04
7.74000E+00        1.25341320053E+04
7.74600E+00        1.25169403759E+04
7.75200E+00        1.24997837905E+04
7.75800E+00        1.24826621548E+04
7.76400E+00        1.24655753748E+04
7.77000E+00        1.24485233571E+04
7.77600E+00        1.24315060083E+04
7.78200E+00        1.24145232353E+04
7.78800E+00        1.23975749456E+04
7.79400E+00        1.23806610468E+04
7.80000E+00        1.23637814468E+04
7.80600E+00        1.23469360538E+04
7.81200E+00        1.23301247764E+04
7.81800E+00        1.23133475235E+04
7.82400E+00        1.22966042041E+04
7.83000E+00        1.22798947277E+04
7.83600E+00        1.22632190041E+04
7.84200E+00        1.22465769433E+04
7.84800E+00        1.22299684557E+04
7.85400E+00        1.22133934518E+04
7.86000E+00        1.21968518426E+04
7.86600E+00        1.21803435393E+04
7.87200E+00        1.21638684535E+04
7.87800E+00        1.21474264969E+04
7.88400E+00        1.21310175816E+04
7.89000E+00        1.21146416199E+04
7.89600E+00        1.20982985247E+04
7.90200E+00        1.20819882087E+04
7.90800E+00        1.20657105853E+04
7.91400E+00        1.20494655679E+04
7.92000E+00        1.20332530704E+04
7.92600E+00        1.20170730068E+04
7.93200E+00        1.20009252915E+04
7.93800E+00        1.19848098392E+04
7.94400E+00        1.19687265647E+04
7.95000E+00        1.19526753833E+04
7.95600E+00        1.19366562104E+04
7.96200E+00        1.19206689618E+04
7.96800E+00        1.19047135535E+04
7.97400E+00        1.18887899018E+04
7.98000E+00        1.18728979232E+04
7.98600E+00        1.18570375347E+04
7.99200E+00        1.18412086532E+04
7.99800E+00        1.18254111963E+04
8.00400E+00        1.18096450814E+04
8.01000E+00        1.17939102266E+04
8.01600E+00        1.17782065500E+04
8.02200E+00        1.17625339700E+04
8.02800E+00        1.17468924055E+04
8.03400E+00        1.17312817752E+04
8.04000E+00        1.17157019985E+04
8.04600E+00        1.17001529948E+04
8.05200E+00        1.16846346839E+04
8.05800E+00        1.16691469858E+04
8.06400E+00        1.16536898207E+04
8.07000E+00        1.16382631092E+04
8.07600E+00        1.16228667721E+04
8.08200E+00        1.16075007304E+04
8.08800E+00        1.15921649053E+04
8.09400E+00        1.15768592185E+04
8.10000E+00        1.15615835916E+04
8.10600E+00        1.15463379468E+04
8.11200E+00        1.15311222064E+04
8.11800E+00        1.15159362928E+04
8.12400E+00        1.15007801288E+04
8.13000E+00        1.14856536376E+04
8.13600E+00        1.14705567423E+04
8.14200E+00        1.14554893665E+04
8.14800E+00        1.14404514340E+04
8.15400E+00        1.14254428688E+04
8.16000E+00        1.14104635951E+04
8.16600E+00        1.13955135375E+04
8.17200E+00        1.13805926206E+04
8.17800E+00        1.13657007695E+04
8.18400E+00        1.13508379093E+04
8.19000E+00        1.13360039656E+04
8.19600E+00        1.13211988640E+04
8.20200E+00        1.13064225304E+04
8.20800E+00        1.12916748910E+04
8.21400E+00        1.12769558723E+04
8.22000E+00        1.12622654007E+04
8.22600E+00        1.12476034033E+04
8.23200E+00        1.12329698070E+04
8.23800E+00        1.12183645393E+04
8.24400E+00        1.12037875276E+04
8.25000E+00        1.11892386998E+04
8.25600E+00        1.11747179838E+04
8.26200E+00        1.11602253079E+04
8.26800E+00        1.11457606007E+04
8.27400E+00        1.11313237906E+04
8.28000E+00        1.11169148068E+04
8.28600E+00        1.11025335783E+04
8.29200E+00        1.10881800345E+04
8.29800E+00        1.10738541049E+04
8.30400E+00        1.10595557194E+04
8.31000E+00        1.10452848080E+04
8.31600E+00        1.10310413010E+04
8.32200E+00        1.10168251288E+04
8.32800E+00        1.10026362222E+04
8.33400E+00        1.09884745119E+04
8.34000E+00        1.09743399292E+04
8.34600E+00        1.09602324053E+04
8.35200E+00        1.09461518719E+04
8.35800E+00        1.09320982606E+04
8.36400E+00        1.09180715035E+04
8.37000E+00        1.09040715328E+04
8.37600E+00        1.08900982808E+04
8.38200E+00        1.08761516802E+04
8.38800E+00        1.08622316638E+04
8.39400E+00        1.08483381646E+04
8.40000E+00        1.08344711158E+04
8.40600E+00        1.08206304510E+04
8.41200E+00        1.08068161038E+04
8.41800E+00        1.07930280080E+04
8.42400E+00        1.07792660977E+04
8.43000E+00        1.07655303071E+04
8.43600E+00        1.07518205709E+04
8.44200E+00        1.07381368236E+04
8.44800E+00        1.07244790001E+04
8.45400E+00        1.07108470355E+04
8.46000E+00        1.06972408651E+04
8.46600E+00        1.06836604244E+04
8.47200E+00        1.06701056491E+04
8.47800E+00        1.06565764750E+04
8.48400E+00        1.06430728383E+04
8.49000E+00        1.06295946752E+04
8.49600E+00        1.06161419222E+04
8.50200E+00        1.06027145159E+04
8.50800E+00        1.05893123934E+04
8.51400E+00        1.05759354915E+04
8.52000E+00        1.05625837476E+04
8.52600E+00        1.05492570991E+04
8.53200E+00        1.05359554837E+04
8.53800E+00        1.05226788392E+04
8.54400E+00        1.05094271036E+04
8.55000E+00        1.04962002152E+04
8.55600E+00        1.04829981123E+04
8.56200E+00        1.04698207335E+04
8.56800E+00        1.04566680177E+04
8.57400E+00        1.04435399038E+04
8.58000E+00        1.04304363309E+04
8.58600E+00        1.04173572385E+04
8.59200E+00        1.04043025660E+04
8.59800E+00        1.03912722531E+04
8.60400E+00        1.03782662398E+04
8.61000E+00        1.03652844661E+04
8.61600E+00        1.03523268724E+04
8.62200E+00        1.03393933989E+04
8.62800E+00        1.03264839865E+04
8.63400E+00        1.03135985758E+04
8.64000E+00        1.03007371080E+04
8.64600E+00        1.02878995240E+04
8.65200E+00        1.02750857654E+04
8.65800E+00        1.02622957736E+04
8.66400E+00        1.02495294904E+04
8.67000E+00        1.02367868575E+04
8.67600E+00        1.02240678172E+04
8.68200E+00        1.02113723115E+04
8.68800E+00        1.01987002830E+04
8.69400E+00        1.01860516742E+04
8.70000E+00        1.01734264278E+04
8.70600E+00        1.01608244868E+04
8.71200E+00        1.01482457944E+04
8.71800E+00        1.01356902937E+04
8.72400E+00        1.01231579282E+04
8.73000E+00        1.01106486416E+04
8.73600E+00        1.00981623776E+04
8.74200E+00        1.00856990802E+04
8.74800E+00        1.00732586935E+04
8.75400E+00        1.00608411618E+04
8.76000E+00        1.00484464296E+04
8.76600E+00        1.00360744415E+04
8.77200E+00        1.00237251423E+04
8.77800E+00        1.00113984770E+04
8.78400E+00        9.99909439062E+03
8.79000E+00        9.98681282856E+03
8.79600E+00        9.97455373625E+03
8.80200E+00        9.96231705929E+03
8.80800E+00        9.95010274349E+03
8.81400E+00        9.93791073477E+03
8.82000E+00        9.92574097926E+03
8.82600E+00        9.91359342322E+03
8.83200E+00        9.90146801307E+03
8.83800E+00        9.88936469542E+03
8.84400E+00        9.87728341700E+03
8.85000E+00        9.86522412474E+03
8.85600E+00        9.85318676568E+03
8.86200E+00        9.84117128707E+03
8.86800E+00        9.82917763628E+03
8.87400E+00        9.81720576085E+03
8.88000E+00        9.80525560848E+03
8.88600E+00        9.79332712701E+03
8.89200E+00        9.78142026446E+03
8.89800E+00        9.76953496898E+03
8.90400E+00        9.75767118888E+03
8.91000E+00        9.74582887265E+03
8.91600E+00        9.73400796889E+03
8.92200E+00        9.72220842638E+03
8.92800E+00        9.71043019405E+03
8.93400E+00        9.69867322097E+03
8.94000E+00        9.68693745636E+03
8.94600E+00        9.67522284962E+03
8.95200E+00        9.66352935026E+03
8.95800E+00        9.65185690795E+03
8.96400E+00        9.64020547254E+03
8.97000E+00        9.62857499398E+03
8.97600E+00        9.61696542240E+03
8.98200E+00        9.60537670807E+03
8.98800E+00        9.59380880140E+03
8.99400E+00        9.58226165295E+03
9.00000E+00        9.57073521343E+03
9.00600E+00        9.55922943369E+03
9.01200E+00        9.54774426472E+03
9.01800E+00        9.53627965767E+03
9.02400E+00        9.52483556382E+03
9.03000E+00        9.51341193460E+03
9.03600E+00        9.50200872157E+03
9.04200E+00        9.49062587644E+03
9.04800E+00        9.47926335108E+03
9.05400E+00        9.46792109746E+03
9.06000E+00        9.45659906773E+03
9.06600E+00        9.44529721416E+03
9.07200E+00        9.43401548917E+03
9.07800E+00        9.42275384530E+03
9.08400E+00        9.41151223525E+03
9.09000E+00        9.40029061185E+03
9.09600E+00        9.38908892807E+03
9.10200E+00        9.37790713701E+03
9.10800E+00        9.36674519191E+03
9.11400E+00        9.35560304615E+03
9.12000E+00        9.34448065324E+03
9.12600E+00        9.33337796684E+03
9.13200E+00        9.32229494072E+03
9.13800E+00        9.31123152881E+03
9.14400E+00        9.30018768515E+03
9.15000E+00        9.28916336393E+03
9.15600E+00        9.27815851947E+03
9.16200E+00        9.26717310622E+03
9.16800E+00        9.25620707876E+03
9.17400E+00        9.24526039181E+03
9.18000E+00        9.23433300021E+03
9.18600E+00        9.22342485894E+03
9.19200E+00        9.21253592310E+03
9.19800E+00        9.20166614794E+03
9.20400E+00        9.19081548881E+03
9.21000E+00        9.17998390121E+03
9.21600E+00        9.16917134077E+03
9.22200E+00        9.15837776324E+03
9.22800E+00        9.14760312448E+03
9.23400E+00        9.13684738052E+03
9.24000E+00        9.12611048748E+03
9.24600E+00        9.11539240163E+03
9.25200E+00        9.10469307934E+03
9.25800E+00        9.09401247712E+03
9.26400E+00        9.08335055162E+03
9.27000E+00        9.07270725958E+03
9.27600E+00        9.06208255791E+03
9.28200E+00        9.05147640359E+03
9.28800E+00        9.04088875377E+03
9.29400E+00        9.03031956569E+03
9.30000E+00        9.01976879674E+03
9.30600E+00        9.00923640441E+03
9.31200E+00        8.99872234632E+03
9.31800E+00        8.98822658021E+03
9.32400E+00        8.97774906394E+03
9.33000E+00        8.96728975550E+03
9.33600E+00        8.95684861299E+03
9.34200E+00        8.94642559463E+03
9.34800E+00        8.93602065875E+03
9.35400E+00        8.92563376383E+03
9.36000E+00        8.91526486844E+03
9.36600E+00        8.90491393127E+03
9.37200E+00        8.89458091114E+03
9.37800E+00        8.88426576697E+03
9.38400E+00        8.87396845783E+03
9.39000E+00        8.86368894286E+03
9.39600E+00        8.85342718135E+03
9.40200E+00        8.84318313270E+03
9.40800E+00        8.83295675641E+03
9.41400E+00        8.82274801211E+03
9.42000E+00        8.81255685954E+03
9.42600E+00        8.80238325856E+03
9.43200E+00        8.79222716912E+03
9.43800E+00        8.78208855133E+03
9.44400E+00        8.77196736535E+03
9.45000E+00        8.76186357151E+03
9.45600E+00        8.75177713022E+03
9.46200E+00        8.74170800201E+03
9.46800E+00        8.73165614752E+03
9.47400E+00        8.72162152750E+03
9.48000E+00        8.71160410282E+03
9.48600E+00        8.70160383445E+03
9.49200E+00        8.69162068348E+03
9.49800E+00        8.68165461109E+03
9.50400E+00        8.67170557858E+03
9.51000E+00        8.66177354738E+03
9.51600E+00        8.65185847899E+03
9.52200E+00        8.64196033505E+03
9.52800E+00        8.63207907729E+03
9.53400E+00        8.62221466754E+03
9.54000E+00        8.61236706777E+03
9.54600E+00        8.60253624002E+03
9.55200E+00        8.59272214646E+03
9.55800E+00        8.58292474936E+03
9.56400E+00        8.57314401108E+03
9.57000E+00        8.56337989412E+03
9.57600E+00        8.55363236104E+03
9.58200E+00        8.54390137454E+03
9.58800E+00        8.53418689742E+03
9.59400E+00        8.52448889256E+03
9.60000E+00        8.51480732297E+03
9.60600E+00        8.50514215174E+03
9.61200E+00        8.49549334210E+03
9.61800E+00        8.48586085733E+03
9.62400E+00        8.47624466086E+03
9.63000E+00        8.46664471619E+03
9.63600E+00        8.45706098694E+03
9.64200E+00        8.44749343682E+03
9.64800E+00        8.43794202965E+03
9.65400E+00        8.42840672934E+03
9.66000E+00        8.41888749991E+03
9.66600E+00        8.40938430547E+03
9.67200E+00        8.39989711023E+03
9.67800E+00        8.39042587852E+03
9.68400E+00        8.38097057475E+03
9.69000E+00        8.37153116342E+03
9.69600E+00        8.36210760914E+03
9.70200E+00        8.35269987662E+03
9.70800E+00        8.34330793067E+03
9.71400E+00        8.33393173619E+03
9.72000E+00        8.32457125818E+03
9.72600E+00        8.31522646173E+03
9.73200E+00        8.30589731202E+03
9.73800E+00        8.29658377436E+03
9.74400E+00        8.28728581412E+03
9.75000E+00        8.27800339679E+03
9.75600E+00        8.26873648792E+03
9.76200E+00        8.25948505320E+03
9.76800E+00        8.25024905838E+03
9.77400E+00        8.24102846932E+03
9.78000E+00        8.23182325197E+03
9.78600E+00        8.22263337237E+03
9.79200E+00        8.21345879666E+03
9.79800E+00        8.20429949107E+03
9.80400E+00        8.19515542192E+03
9.81000E+00        8.18602655562E+03
9.81600E+00        8.17691285868E+03
9.82200E+00        8.16781429769E+03
9.82800E+00        8.15873083935E+03
9.83400E+00        8.14966245044E+03
9.84000E+00        8.14060909782E+03
9.84600E+00        8.13157074845E+03
9.85200E+00        8.12254736939E+03
9.85800E+00        8.11353892778E+03
9.86400E+00        8.10454539084E+03
9.87000E+00        8.09556672590E+03
9.87600E+00        8.08660290037E+03
9.88200E+00        8.07765388174E+03
9.88800E+00        8.06871963759E+03
9.89400E+00        8.05980013561E+03
9.90000E+00        8.05089534355E+03
9.90600E+00        8.04200522926E+03
9.91200E+00        8.03312976068E+03
9.91800E+00        8.02426890583E+03
9.92400E+00        8.01542263282E+03
9.93000E+00        8.00659090985E+03
9.93600E+00        7.99777370519E+03
9.94200E+00        7.98897098723E+03
9.94800E+00        7.98018272440E+03
9.95400E+00        7.97140888526E+03
9.96000E+00        7.96264943842E+03
9.96600E+00        7.95390435259E+03
9.97200E+00        7.94517359657E+03
9.97800E+00        7.93645713923E+03
9.98400E+00        7.92775494954E+03
9.99000E+00        7.91906699654E+03
9.99600E+00        7.91039324936E+03
1.00020E+01        7.90173367721E+03
1.00080E+01        7.89308824938E+03
1.00140E+01        7.88445693525E+03
1.00200E+01        7.87583970429E+03
1.00260E+01        7.86723652603E+03
1.00320E+01        7.85864737010E+03
1.00380E+01        7.85007220619E+03
1.00440E+01        7.84151100411E+03
1.00500E+01        7.83296373370E+03
1.00560E+01        7.82443036493E+03
1.00620E+01        7.81591086782E+03
1.00680E+01        7.80740521248E+03
1.00740E+01        7.79891336910E+03
1.00800E+01        7.79043530794E+03
1.00860E+01        7.78197099935E+03
1.00920E+01        7.77352041377E+03
1.00980E+01        7.76508352169E+03
1.01040E+01        7.75666029370E+03
1.01100E+01        7.74825070047E+03
1.01160E+01        7.73985471274E+03
1.01220E+01        7.73147230132E+03
1.01280E+01        7.72310343711E+03
1.01340E+01        7.71474809109E+03
1.01400E+01        7.70640623430E+03
1.01460E+01        7.69807783789E+03
1.01520E+01        7.68976287305E+03
1.01580E+01        7.68146131106E+03
1.01640E+01        7.67317312329E+03
1.01700E+01        7.66489828117E+03
1.01760E+01        7.65663675620E+03
1.01820E+01        7.64838851998E+03
1.01880E+01        7.64015354417E+03
1.01940E+01        7.63193180049E+03
1.02000E+01        7.62372326077E+03
1.02060E+01        7.61552789688E+03
1.02120E+01        7.60734568080E+03
1.02180E+01        7.59917658454E+03
1.02240E+01        7.59102058022E+03
1.02300E+01        7.58287764003E+03
1.02360E+01        7.57474773621E+03
1.02420E+01        7.56663084109E+03
1.02480E+01        7.55852692708E+03
1.02540E+01        7.55043596665E+03
1.02600E+01        7.54235793234E+03
1.02660E+01        7.53429279678E+03
1.02720E+01        7.52624053265E+03
1.02780E+01        7.51820111272E+03
1.02840E+01        7.51017450982E+03
1.02900E+01        7.50216069686E+03
1.02960E+01        7.49415964681E+03
1.03020E+01        7.48617133272E+03
1.03080E+01        7.47819572771E+03
1.03140E+01        7.47023280497E+03
1.03200E+01        7.46228253775E+03
1.03260E+01        7.45434489940E+03
1.03320E+01        7.44641986329E+03
1.03380E+01        7.43850740291E+03
1.03440E+01        7.43060749179E+03
1.03500E+01        7.42272010354E+03
1.03560E+01        7.41484521184E+03
1.03620E+01        7.40698279042E+03
1.03680E+01        7.39913281310E+03
1.03740E+01        7.39129525377E+03
1.03800E+01        7.38347008638E+03
1.03860E+01        7.37565728493E+03
1.03920E+01        7.36785682353E+03
1.03980E+01        7.36006867631E+03
1.04040E+01        7.35229281750E+03
1.04100E+01        7.34452922139E+03
1.04160E+01        7.33677786233E+03
1.04220E+01        7.32903871475E+03
1.04280E+01        7.32131175312E+03
1.04340E+01        7.31359695200E+03
1.04400E+01        7.30589428602E+03
1.04460E+01        7.29820372985E+03
1.04520E+01        7.29052525825E+03
1.04580E+01        7.28285884604E+03
1.04640E+01        7.27520446808E+03
1.04700E+01        7.26756209934E+03
1.04760E+01        7.25993171483E+03
1.04820E+01        7.25231328961E+03
1.04880E+01        7.24470679883E+03
1.04940E+01        7.23711221769E+03
1.05000E+01        7.22952952146E+03
1.05060E+01        7.22195868548E+03
1.05120E+01        7.21439968514E+03
1.05180E+01        7.20685249590E+03
1.05240E+01        7.19931709328E+03
1.05300E+01        7.19179345286E+03
1.05360E+01        7.18428155031E+03
1.05420E+01        7.17678136132E+03
1.05480E+01        7.16929286167E+03
1.05540E+01        7.16181602719E+03
1.05600E+01        7.15435083379E+03
1.05660E+01        7.14689725743E+03
1.05720E+01        7.13945527412E+03
1.05780E+01        7.13202485995E+03
1.05840E+01        7.12460599106E+03
1.05900E+01        7.11719864366E+03
1.05960E+01        7.10980279401E+03
1.06020E+01        7.10241841845E+03
1.06080E+01        7.09504549336E+03
1.06140E+01        7.08768399518E+03
1.06200E+01        7.08033390043E+03
1.06260E+01        7.07299518568E+03
1.06320E+01        7.06566782754E+03
1.06380E+01        7.05835180272E+03
1.06440E+01        7.05104708796E+03
1.06500E+01        7.04375366006E+03
1.06560E+01        7.03647149589E+03
1.06620E+01        7.02920057238E+03
1.06680E+01        7.02194086650E+03
1.06740E+01        7.01469235530E+03
1.06800E+01        7.00745501589E+03
1.06860E+01        7.00022882541E+03
1.06920E+01        6.99301376110E+03
1.06980E+01        6.98580980021E+03
1.07040E+01        6.97861692008E+03
1.07100E+01        6.97143509811E+03
1.07160E+01        6.96426431174E+03
1.07220E+01        6.95710453847E+03
1.07280E+01        6.94995575587E+03
1.07340E+01        6.94281794155E+03
1.07400E+01        6.93569107318E+03
1.07460E+01        6.92857512851E+03
1.07520E+01        6.92147008532E+03
1.07580E+01        6.91437592144E+03
1.07640E+01        6.90729261479E+03
1.07700E+01        6.90022014331E+03
1.07760E+01        6.89315848502E+03
1.07820E+01        6.88610761798E+03
1.07880E+01        6.87906752032E+03
1.07940E+01        6.87203817021E+03
1.08000E+01        6.86501954589E+03
1.08060E+01        6.85801162564E+03
1.08120E+01        6.85101438780E+03
1.08180E+01        6.84402781077E+03
1.08240E+01        6.83705187300E+03
1.08300E+01        6.83008655299E+03
1.08360E+01        6.82313182931E+03
1.08420E+01        6.81618768056E+03
1.08480E+01        6.80925408540E+03
1.08540E+01        6.80233102257E+03
1.08600E+01        6.79541847083E+03
1.08660E+01        6.78851640901E+03
1.08720E+01        6.78162481599E+03
1.08780E+01        6.77474367070E+03
1.08840E+01        6.76787295212E+03
1.08900E+01        6.76101263929E+03
1.08960E+01        6.75416271130E+03
1.09020E+01        6.74732314729E+03
1.09080E+01        6.74049392646E+03
1.09140E+01        6.73367502805E+03
1.09200E+01        6.72686643136E+03
1.09260E+01        6.72006811574E+03
1.09320E+01        6.71328006059E+03
1.09380E+01        6.70650224536E+03
1.09440E+01        6.69973464955E+03
1.09500E+01        6.69297725272E+03
1.09560E+01        6.68623003447E+03
1.09620E+01        6.67949297447E+03
1.09680E+01        6.67276605240E+03
1.09740E+01        6.66604924804E+03
1.09800E+01        6.65934254119E+03
1.09860E+01        6.65264591171E+03
1.09920E+01        6.64595933950E+03
1.09980E+01        6.63928280451E+03
1.10040E+01        6.63261628676E+03
1.10100E+01        6.62595976631E+03
1.10160E+01        6.61931322325E+03
1.10220E+01        6.61267663775E+03
1.10280E+01        6.60604999000E+03
1.10340E+01        6.59943326026E+03
1.10400E+01        6.59282642882E+03
1.10460E+01        6.58622947605E+03
1.10520E+01        6.57964238234E+03
1.10580E+01        6.57306512813E+03
1.10640E+01        6.56649769392E+03
1.10700E+01        6.55994006026E+03
1.10760E+01        6.55339220773E+03
1.10820E+01        6.54685411697E+03
1.10880E+01        6.54032576868E+03
1.10940E+01        6.53380714358E+03
1.11000E+01        6.52729822245E+03
1.11060E+01        6.52079898613E+03
1.11120E+01        6.51430941549E+03
1.11180E+01        6.50782949146E+03
1.11240E+01        6.50135919500E+03
1.11300E+01        6.49489850712E+03
1.11360E+01        6.48844740890E+03
1.11420E+01        6.48200588144E+03
1.11480E+01        6.47557390590E+03
1.11540E+01        6.46915146348E+03
1.11600E+01        6.46273853542E+03
1.11660E+01        6.45633510303E+03
1.11720E+01        6.44994114763E+03
1.11780E+01        6.44355665062E+03
1.11840E+01        6.43718159342E+03
1.11900E+01        6.43081595752E+03
1.11960E+01        6.42445972442E+03
1.12020E+01        6.41811287570E+03
1.12080E+01        6.41177539297E+03
1.12140E+01        6.40544725789E+03
1.12200E+01        6.39912845215E+03
1.12260E+01        6.39281895750E+03
1.12320E+01        6.38651875573E+03
1.12380E+01        6.38022782868E+03
1.12440E+01        6.37394615821E+03
1.12500E+01        6.36767372626E+03
1.12560E+01        6.36141051479E+03
1.12620E+01        6.35515650580E+03
1.12680E+01        6.34891168136E+03
1.12740E+01        6.34267602355E+03
1.12800E+01        6.33644951453E+03
1.12860E+01        6.33023213647E+03
1.12920E+01        6.32402387159E+03
1.12980E+01        6.31782470218E+03
1.13040E+01        6.31163461054E+03
1.13100E+01        6.30545357902E+03
1.13160E+01        6.29928159003E+03
1.13220E+01        6.29311862601E+03
1.13280E+01        6.28696466943E+03
1.13340E+01        6.28081970283E+03
1.13400E+01        6.27468370877E+03
1.13460E+01        6.26855666986E+03
1.13520E+01        6.26243856876E+03
1.13580E+01        6.25632938815E+03
1.13640E+01        6.25022911077E+03
1.13700E+01        6.24413771939E+03
1.13760E+01        6.23805519685E+03
1.13820E+01        6.23198152598E+03
1.13880E+01        6.22591668971E+03
1.13940E+01        6.21986067095E+03
1.14000E+01        6.21381345271E+03
1.14060E+01        6.20777501800E+03
1.14120E+01        6.20174534989E+03
1.14180E+01        6.19572443148E+03
1.14240E+01        6.18971224591E+03
1.14300E+01        6.18370877638E+03
1.14360E+01        6.17771400610E+03
1.14420E+01        6.17172791835E+03
1.14480E+01        6.16575049643E+03
1.14540E+01        6.15978172369E+03
1.14600E+01        6.15382158351E+03
1.14660E+01        6.14787005931E+03
1.14720E+01        6.14192713457E+03
1.14780E+01        6.13599279279E+03
1.14840E+01        6.13006701751E+03
1.14900E+01        6.12414979232E+03
1.14960E+01        6.11824110083E+03
1.15020E+01        6.11234092671E+03
1.15080E+01        6.10644925366E+03
1.15140E+01        6.10056606541E+03
1.15200E+01        6.09469134576E+03
1.15260E+01        6.08882507850E+03
1.15320E+01        6.08296724751E+03
1.15380E+01        6.07711783666E+03
1.15440E+01        6.07127682990E+03
1.15500E+01        6.06544421119E+03
1.15560E+01        6.05961996454E+03
1.15620E+01        6.05380407399E+03
1.15680E+01        6.04799652363E+03
1.15740E+01        6.04219729758E+03
1.15800E+01        6.03640638000E+03
1.15860E+01        6.03062375509E+03
1.15920E+01        6.02484940707E+03
1.15980E+01        6.01908332023E+03
1.16040E+01        6.01332547886E+03
1.16100E+01        6.00757586731E+03
1.16160E+01        6.00183446997E+03
1.16220E+01        5.99610127126E+03
1.16280E+01        5.99037625562E+03
1.16340E+01        5.98465940756E+03
1.16400E+01        5.97895071160E+03
1.16460E+01        5.97325015231E+03
1.16520E+01        5.96755771429E+03
1.16580E+01        5.96187338217E+03
1.16640E+01        5.95619714064E+03
1.16700E+01        5.95052897440E+03
1.16760E+01        5.94486886820E+03
1.16820E+01        5.93921680682E+03
1.16880E+01        5.93357277508E+03
1.16940E+01        5.92793675784E+03
1.17000E+01        5.92230873997E+03
1.17060E+01        5.91668870641E+03
1.17120E+01        5.91107664212E+03
1.17180E+01        5.90547253209E+03
1.17240E+01        5.89987636135E+03
1.17300E+01        5.89428811497E+03
1.17360E+01        5.88870777805E+03
1.17420E+01        5.88313533572E+03
1.17480E+01        5.87757077316E+03
1.17540E+01        5.87201407556E+03
1.17600E+01        5.86646522817E+03
1.17660E+01        5.86092421626E+03
1.17720E+01        5.85539102514E+03
1.17780E+01        5.84986564015E+03
1.17840E+01        5.84434804667E+03
1.17900E+01        5.83883823011E+03
1.17960E+01        5.83333617591E+03
1.18020E+01        5.82784186956E+03
1.18080E+01        5.82235529656E+03
1.18140E+01        5.81687644245E+03
1.18200E+01        5.81140529283E+03
1.18260E+01        5.80594183330E+03
1.18320E+01        5.80048604951E+03
1.18380E+01        5.79503792714E+03
1.18440E+01        5.78959745191E+03
1.18500E+01        5.78416460955E+03
1.18560E+01        5.77873938585E+03
1.18620E+01        5.77332176662E+03
1.18680E+01        5.76791173771E+03
1.18740E+01        5.76250928500E+03
1.18800E+01        5.75711439438E+03
1.18860E+01        5.75172705182E+03
1.18920E+01        5.74634724328E+03
1.18980E+01        5.74097495478E+03
1.19040E+01        5.73561017235E+03
1.19100E+01        5.73025288206E+03
1.19160E+01        5.72490307003E+03
1.19220E+01        5.71956072238E+03
1.19280E+01        5.71422582530E+03
1.19340E+01        5.70889836497E+03
1.19400E+01        5.70357832763E+03
1.19460E+01        5.69826569955E+03
1.19520E+01        5.69296046702E+03
1.19580E+01        5.68766261637E+03
1.19640E+01        5.68237213396E+03
1.19700E+01        5.67708900618E+03
1.19760E+01        5.67181321945E+03
1.19820E+01        5.66654476023E+03
1.19880E+01        5.66128361500E+03
1.19940E+01        5.65602977027E+03
1.20000E+01        5.65078321259E+03
1.20060E+01        5.64554392853E+03
1.20120E+01        5.64031190471E+03
1.20180E+01        5.63508712777E+03
1.20240E+01        5.62986958436E+03
1.20300E+01        5.62465926120E+03
1.20360E+01        5.61945614501E+03
1.20420E+01        5.61426022255E+03
1.20480E+01        5.60907148062E+03
1.20540E+01        5.60388990603E+03
1.20600E+01        5.59871548563E+03
1.20660E+01        5.59354820631E+03
1.20720E+01        5.58838805497E+03
1.20780E+01        5.58323501857E+03
1.20840E+01        5.57808908406E+03
1.20900E+01        5.57295023844E+03
1.20960E+01        5.56781846876E+03
1.21020E+01        5.56269376206E+03
1.21080E+01        5.55757610544E+03
1.21140E+01        5.55246548602E+03
1.21200E+01        5.54736189093E+03
1.21260E+01        5.54226530736E+03
1.21320E+01        5.53717572252E+03
1.21380E+01        5.53209312364E+03
1.21440E+01        5.52701749798E+03
1.21500E+01        5.52194883284E+03
1.21560E+01        5.51688711553E+03
1.21620E+01        5.51183233342E+03
1.21680E+01        5.50678447387E+03
1.21740E+01        5.50174352429E+03
1.21800E+01        5.49670947213E+03
1.21860E+01        5.49168230484E+03
1.21920E+01        5.48666200992E+03
1.21980E+01        5.48164857489E+03
1.22040E+01        5.47664198730E+03
1.22100E+01        5.47164223473E+03
1.22160E+01        5.46664930478E+03
1.22220E+01        5.46166318508E+03
1.22280E+01        5.45668386330E+03
1.22340E+01        5.45171132713E+03
1.22400E+01        5.44674556429E+03
1.22460E+01        5.44178656251E+03
1.22520E+01        5.43683430958E+03
1.22580E+01        5.43188879328E+03
1.22640E+01        5.42695000146E+03
1.22700E+01        5.42201792195E+03
1.22760E+01        5.41709254266E+03
1.22820E+01        5.41217385147E+03
1.22880E+01        5.40726183634E+03
1.22940E+01        5.40235648522E+03
1.23000E+01        5.39745778611E+03
1.23060E+01        5.39256572702E+03
1.23120E+01        5.38768029600E+03
1.23180E+01        5.38280148112E+03
1.23240E+01        5.37792927047E+03
1.23300E+01        5.37306365218E+03
1.23360E+01        5.36820461440E+03
1.23420E+01        5.36335214532E+03
1.23480E+01        5.35850623312E+03
1.23540E+01        5.35366686605E+03
1.23600E+01        5.34883403236E+03
1.23660E+01        5.34400772034E+03
1.23720E+01        5.33918791829E+03
1.23780E+01        5.33437461454E+03
1.23840E+01        5.32956779747E+03
1.23900E+01        5.32476745545E+03
1.23960E+01        5.31997357690E+03
1.24020E+01        5.31518615026E+03
1.24080E+01        5.31040516399E+03
1.24140E+01        5.30563060658E+03
1.24200E+01        5.30086246656E+03
1.24260E+01        5.29610073245E+03
1.24320E+01        5.29134539284E+03
1.24380E+01        5.28659643630E+03
1.24440E+01        5.28185385146E+03
1.24500E+01        5.27711762696E+03
1.24560E+01        5.27238775148E+03
1.24620E+01        5.26766421369E+03
1.24680E+01        5.26294700232E+03
1.24740E+01        5.25823610612E+03
1.24800E+01        5.25353151385E+03
1.24860E+01        5.24883321431E+03
1.24920E+01        5.24414119631E+03
1.24980E+01        5.23945544869E+03
1.25040E+01        5.23477596033E+03
1.25100E+01        5.23010272012E+03
1.25160E+01        5.22543571697E+03
1.25220E+01        5.22077493982E+03
1.25280E+01        5.21612037764E+03
1.25340E+01        5.21147201942E+03
1.25400E+01        5.20682985417E+03
1.25460E+01        5.20219387093E+03
1.25520E+01        5.19756405876E+03
1.25580E+01        5.19294040676E+03
1.25640E+01        5.18832290402E+03
1.25700E+01        5.18371153970E+03
1.25760E+01        5.17910630293E+03
1.25820E+01        5.17450718291E+03
1.25880E+01        5.16991416884E+03
1.25940E+01        5.16532724996E+03
1.26000E+01        5.16074641551E+03
1.26060E+01        5.15617165477E+03
1.26120E+01        5.15160295705E+03
1.26180E+01        5.14704031166E+03
1.26240E+01        5.14248370796E+03
1.26300E+01        5.13793313531E+03
1.26360E+01        5.13338858311E+03
1.26420E+01        5.12885004078E+03
1.26480E+01        5.12431749776E+03
1.26540E+01        5.11979094350E+03
1.26600E+01        5.11527036751E+03
1.26660E+01        5.11075575928E+03
1.26720E+01        5.10624710835E+03
1.26780E+01        5.10174440428E+03
1.26840E+01        5.09724763663E+03
1.26900E+01        5.09275679503E+03
1.26960E+01        5.08827186908E+03
1.27020E+01        5.08379284843E+03
1.27080E+01        5.07931972276E+03
1.27140E+01        5.07485248175E+03
1.27200E+01        5.07039111513E+03
1.27260E+01        5.06593561261E+03
1.27320E+01        5.06148596397E+03
1.27380E+01        5.05704215898E+03
1.27440E+01        5.05260418744E+03
1.27500E+01        5.04817203919E+03
1.27560E+01        5.04374570407E+03
1.27620E+01        5.03932517195E+03
1.27680E+01        5.03491043271E+03
1.27740E+01        5.03050147628E+03
1.27800E+01        5.02609829258E+03
1.27860E+01        5.02170087158E+03
1.27920E+01        5.01730920326E+03
1.27980E+01        5.01292327760E+03
1.28040E+01        5.00854308464E+03
1.28100E+01        5.00416861443E+03
1.28160E+01        4.99979985701E+03
1.28220E+01        4.99543680249E+03
1.28280E+01        4.99107944096E+03
1.28340E+01        4.98672776257E+03
1.28400E+01        4.98238175745E+03
1.28460E+01        4.97804141578E+03
1.28520E+01        4.97370672776E+03
1.28580E+01        4.96937768359E+03
1.28640E+01        4.96505427352E+03
1.28700E+01        4.96073648780E+03
1.28760E+01        4.95642431671E+03
1.28820E+01        4.95211775055E+03
1.28880E+01        4.94781677963E+03
1.28940E+01        4.94352139429E+03
1.29000E+01        4.93923158490E+03
1.29060E+01        4.93494734184E+03
1.29120E+01        4.93066865551E+03
1.29180E+01        4.92639551633E+03
1.29240E+01        4.92212791475E+03
1.29300E+01        4.91786584123E+03
1.29360E+01        4.91360928625E+03
1.29420E+01        4.90935824033E+03
1.29480E+01        4.90511269397E+03
1.29540E+01        4.90087263774E+03
1.29600E+01        4.89663806219E+03
1.29660E+01        4.89240895792E+03
1.29720E+01        4.88818531552E+03
1.29780E+01        4.88396712562E+03
1.29840E+01        4.87975437887E+03
1.29900E+01        4.87554706594E+03
1.29960E+01        4.87134517751E+03
1.30020E+01        4.86714870429E+03
1.30080E+01        4.86295763700E+03
1.30140E+01        4.85877196639E+03
1.30200E+01        4.85459168322E+03
1.30260E+01        4.85041677828E+03
1.30320E+01        4.84624724238E+03
1.30380E+01        4.84208306633E+03
1.30440E+01        4.83792424099E+03
1.30500E+01        4.83377075720E+03
1.30560E+01        4.82962260587E+03
1.30620E+01        4.82547977788E+03
1.30680E+01        4.82134226417E+03
1.30740E+01        4.81721005566E+03
1.30800E+01        4.81308314333E+03
1.30860E+01        4.80896151814E+03
1.30920E+01        4.80484517111E+03
1.30980E+01        4.80073409323E+03
1.31040E+01        4.79662827556E+03
1.31100E+01        4.79252770915E+03
1.31160E+01        4.78843238507E+03
1.31220E+01        4.78434229441E+03
1.31280E+01        4.78025742828E+03
1.31340E+01        4.77617777783E+03
1.31400E+01        4.77210333419E+03
1.31460E+01        4.76803408853E+03
1.31520E+01        4.76397003205E+03
1.31580E+01        4.75991115594E+03
1.31640E+01        4.75585745143E+03
1.31700E+01        4.75180890977E+03
1.31760E+01        4.74776552221E+03
1.31820E+01        4.74372728004E+03
1.31880E+01        4.73969417455E+03
1.31940E+01        4.73566619705E+03
1.32000E+01        4.73164333889E+03
1.32060E+01        4.72762559142E+03
1.32120E+01        4.72361294600E+03
1.32180E+01        4.71960539402E+03
1.32240E+01        4.71560292690E+03
1.32300E+01        4.71160553606E+03
1.32360E+01        4.70761321293E+03
1.32420E+01        4.70362594899E+03
1.32480E+01        4.69964373572E+03
1.32540E+01        4.69566656460E+03
1.32600E+01        4.69169442715E+03
1.32660E+01        4.68772731491E+03
1.32720E+01        4.68376521942E+03
1.32780E+01        4.67980813226E+03
1.32840E+01        4.67585604501E+03
1.32900E+01        4.67190894928E+03
1.32960E+01        4.66796683667E+03
1.33020E+01        4.66402969884E+03
1.33080E+01        4.66009752744E+03
1.33140E+01        4.65617031414E+03
1.33200E+01        4.65224805064E+03
1.33260E+01        4.64833072863E+03
1.33320E+01        4.64441833985E+03
1.33380E+01        4.64051087604E+03
1.33440E+01        4.63660832896E+03
1.33500E+01        4.63271069038E+03
1.33560E+01        4.62881795211E+03
1.33620E+01        4.62493010594E+03
1.33680E+01        4.62104714372E+03
1.33740E+01        4.61716905728E+03
1.33800E+01        4.61329583848E+03
1.33860E+01        4.60942747922E+03
1.33920E+01        4.60556397137E+03
1.33980E+01        4.60170530686E+03
1.34040E+01        4.59785147762E+03
1.34100E+01        4.59400247558E+03
1.34160E+01        4.59015829272E+03
1.34220E+01        4.58631892102E+03
1.34280E+01        4.58248435247E+03
1.34340E+01        4.57865457908E+03
1.34400E+01        4.57482959288E+03
1.34460E+01        4.57100938592E+03
1.34520E+01        4.56719395027E+03
1.34580E+01        4.56338327799E+03
1.34640E+01        4.55957736120E+03
1.34700E+01        4.55577619199E+03
1.34760E+01        4.55197976249E+03
1.34820E+01        4.54818806486E+03
1.34880E+01        4.54440109125E+03
1.34940E+01        4.54061883384E+03
1.35000E+01        4.53684128481E+03
1.35060E+01        4.53306843639E+03
1.35120E+01        4.52930028079E+03
1.35180E+01        4.52553681026E+03
1.35240E+01        4.52177801704E+03
1.35300E+01        4.51802389343E+03
1.35360E+01        4.51427443170E+03
1.35420E+01        4.51052962415E+03
1.35480E+01        4.50678946312E+03
1.35540E+01        4.50305394093E+03
1.35600E+01        4.49932304994E+03
1.35660E+01        4.49559678251E+03
1.35720E+01        4.49187513104E+03
1.35780E+01        4.48815808791E+03
1.35840E+01        4.48444564554E+03
1.35900E+01        4.48073779637E+03
1.35960E+01        4.47703453283E+03
1.36020E+01        4.47333584740E+03
1.36080E+01        4.46964173254E+03
1.36140E+01        4.46595218075E+03
1.36200E+01        4.46226718454E+03
1.36260E+01        4.45858673642E+03
1.36320E+01        4.45491082895E+03
1.36380E+01        4.45123945466E+03
1.36440E+01        4.44757260613E+03
1.36500E+01        4.44391027594E+03
1.36560E+01        4.44025245670E+03
1.36620E+01        4.43659914101E+03
1.36680E+01        4.43295032150E+03
1.36740E+01        4.42930599082E+03
1.36800E+01        4.42566614163E+03
1.36860E+01        4.42203076660E+03
1.36920E+01        4.41839985842E+03
1.36980E+01        4.41477340979E+03
1.37040E+01        4.41115141344E+03
1.37100E+01        4.40753386209E+03
1.37160E+01        4.40392074850E+03
1.37220E+01        4.40031206543E+03
1.37280E+01        4.39670780565E+03
1.37340E+01        4.39310796195E+03
1.37400E+01        4.38951252715E+03
1.37460E+01        4.38592149407E+03
1.37520E+01        4.38233485554E+03
1.37580E+01        4.37875260441E+03
1.37640E+01        4.37517473355E+03
1.37700E+01        4.37160123584E+03
1.37760E+01        4.36803210417E+03
1.37820E+01        4.36446733145E+03
1.37880E+01        4.36090691060E+03
1.37940E+01        4.35735083457E+03
1.38000E+01        4.35379909629E+03
1.38060E+01        4.35025168874E+03
1.38120E+01        4.34670860490E+03
1.38180E+01        4.34316983776E+03
1.38240E+01        4.33963538033E+03
1.38300E+01        4.33610522563E+03
1.38360E+01        4.33257936669E+03
1.38420E+01        4.32905779658E+03
1.38480E+01        4.32554050835E+03
1.38540E+01        4.32202749508E+03
1.38600E+01        4.31851874986E+03
1.38660E+01        4.31501426580E+03
1.38720E+01        4.31151403603E+03
1.38780E+01        4.30801805366E+03
1.38840E+01        4.30452631186E+03
1.38900E+01        4.30103880378E+03
1.38960E+01        4.29755552260E+03
1.39020E+01        4.29407646151E+03
1.39080E+01        4.29060161371E+03
1.39140E+01        4.28713097241E+03
1.39200E+01        4.28366453085E+03
1.39260E+01        4.28020228227E+03
1.39320E+01        4.27674421993E+03
1.39380E+01        4.27329033709E+03
1.39440E+01        4.26984062705E+03
1.39500E+01        4.26639508309E+03
1.39560E+01        4.26295369854E+03
1.39620E+01        4.25951646671E+03
1.39680E+01        4.25608338094E+03
1.39740E+01        4.25265443458E+03
1.39800E+01        4.24922962101E+03
1.39860E+01        4.24580893358E+03
1.39920E+01        4.24239236570E+03
1.39980E+01        4.23897991078E+03
1.40040E+01        4.23557156221E+03
