# %ECSV 0.9
# ---
# datatype:
# - {name: wavelength, unit: micron, datatype: float64}
# - {name: flux, unit: microJansky, datatype: float64}
# schema: astropy-2.0
#
#
#  - - File generated by ExoNoodle - -
#         V1.0.0 - MML (CEA-Saclay)
#       2021-02-26 14:01:48.325215
wavelength flux 
3.00000E+00        5.70438767687E+04
3.00600E+00        5.68895416243E+04
3.01200E+00        5.67357650969E+04
3.01800E+00        5.65825450858E+04
3.02400E+00        5.64298794929E+04
3.03000E+00        5.62777662227E+04
3.03600E+00        5.61262031829E+04
3.04200E+00        5.59751882839E+04
3.04800E+00        5.58247194393E+04
3.05400E+00        5.56747945661E+04
3.06000E+00        5.55254115845E+04
3.06600E+00        5.53765684181E+04
3.07200E+00        5.52282629944E+04
3.07800E+00        5.50804932443E+04
3.08400E+00        5.49332571025E+04
3.09000E+00        5.47865525078E+04
3.09600E+00        5.46403774028E+04
3.10200E+00        5.44947297341E+04
3.10800E+00        5.43496074529E+04
3.11400E+00        5.42050085141E+04
3.12000E+00        5.40609308774E+04
3.12600E+00        5.39173725067E+04
3.13200E+00        5.37743313705E+04
3.13800E+00        5.36318054418E+04
3.14400E+00        5.34897926985E+04
3.15000E+00        5.33482911230E+04
3.15600E+00        5.32072987027E+04
3.16200E+00        5.30668134297E+04
3.16800E+00        5.29268333014E+04
3.17400E+00        5.27873563199E+04
3.18000E+00        5.26483804924E+04
3.18600E+00        5.25099038316E+04
3.19200E+00        5.23719243550E+04
3.19800E+00        5.22344400856E+04
3.20400E+00        5.20974490518E+04
3.21000E+00        5.19609492871E+04
3.21600E+00        5.18249388308E+04
3.22200E+00        5.16894157273E+04
3.22800E+00        5.15543780270E+04
3.23400E+00        5.14198237854E+04
3.24000E+00        5.12857510640E+04
3.24600E+00        5.11521579297E+04
3.25200E+00        5.10190424555E+04
3.25800E+00        5.08864027197E+04
3.26400E+00        5.07542368068E+04
3.27000E+00        5.06225428068E+04
3.27600E+00        5.04913188159E+04
3.28200E+00        5.03605629359E+04
3.28800E+00        5.02302732749E+04
3.29400E+00        5.01004479465E+04
3.30000E+00        4.99710850709E+04
3.30600E+00        4.98421827737E+04
3.31200E+00        4.97137391872E+04
3.31800E+00        4.95857524493E+04
3.32400E+00        4.94582207042E+04
3.33000E+00        4.93311421024E+04
3.33600E+00        4.92045148002E+04
3.34200E+00        4.90783369605E+04
3.34800E+00        4.89526067522E+04
3.35400E+00        4.88273223504E+04
3.36000E+00        4.87024819365E+04
3.36600E+00        4.85780836982E+04
3.37200E+00        4.84541258295E+04
3.37800E+00        4.83306065307E+04
3.38400E+00        4.82075240084E+04
3.39000E+00        4.80848764754E+04
3.39600E+00        4.79626621511E+04
3.40200E+00        4.78408792611E+04
3.40800E+00        4.77195260373E+04
3.41400E+00        4.75986007183E+04
3.42000E+00        4.74781015487E+04
3.42600E+00        4.73580267798E+04
3.43200E+00        4.72383746690E+04
3.43800E+00        4.71191434805E+04
3.44400E+00        4.70003314846E+04
3.45000E+00        4.68819369581E+04
3.45600E+00        4.67639581844E+04
3.46200E+00        4.66463934532E+04
3.46800E+00        4.65292410606E+04
3.47400E+00        4.64124993091E+04
3.48000E+00        4.62961665079E+04
3.48600E+00        4.61802409724E+04
3.49200E+00        4.60647210246E+04
3.49800E+00        4.59496049928E+04
3.50400E+00        4.58348912118E+04
3.51000E+00        4.57205780229E+04
3.51600E+00        4.56066637739E+04
3.52200E+00        4.54931468187E+04
3.52800E+00        4.53800255182E+04
3.53400E+00        4.52672982392E+04
3.54000E+00        4.51549633552E+04
3.54600E+00        4.50430192461E+04
3.55200E+00        4.49314642982E+04
3.55800E+00        4.48202969043E+04
3.56400E+00        4.47095154633E+04
3.57000E+00        4.45991183809E+04
3.57600E+00        4.44891040690E+04
3.58200E+00        4.43794709459E+04
3.58800E+00        4.42702174363E+04
3.59400E+00        4.41613419712E+04
3.60000E+00        4.40528429882E+04
3.60600E+00        4.39447189309E+04
3.61200E+00        4.38369682495E+04
3.61800E+00        4.37295894005E+04
3.62400E+00        4.36225808467E+04
3.63000E+00        4.35159410572E+04
3.63600E+00        4.34096685074E+04
3.64200E+00        4.33037616790E+04
3.64800E+00        4.31982190601E+04
3.65400E+00        4.30930391448E+04
3.66000E+00        4.29882204337E+04
3.66600E+00        4.28837614336E+04
3.67200E+00        4.27796606574E+04
3.67800E+00        4.26759166245E+04
3.68400E+00        4.25725278601E+04
3.69000E+00        4.24694928960E+04
3.69600E+00        4.23668102698E+04
3.70200E+00        4.22644785257E+04
3.70800E+00        4.21624962136E+04
3.71400E+00        4.20608618899E+04
3.72000E+00        4.19595741169E+04
3.72600E+00        4.18586314630E+04
3.73200E+00        4.17580325028E+04
3.73800E+00        4.16577758170E+04
3.74400E+00        4.15578599923E+04
3.75000E+00        4.14582836213E+04
3.75600E+00        4.13590453028E+04
3.76200E+00        4.12601436416E+04
3.76800E+00        4.11615772485E+04
3.77400E+00        4.10633447402E+04
3.78000E+00        4.09654447394E+04
3.78600E+00        4.08678758746E+04
3.79200E+00        4.07706367806E+04
3.79800E+00        4.06737260977E+04
3.80400E+00        4.05771424723E+04
3.81000E+00        4.04808845566E+04
3.81600E+00        4.03849510087E+04
3.82200E+00        4.02893404926E+04
3.82800E+00        4.01940516779E+04
3.83400E+00        4.00990832401E+04
3.84000E+00        4.00044338607E+04
3.84600E+00        3.99101022266E+04
3.85200E+00        3.98160870308E+04
3.85800E+00        3.97223869717E+04
3.86400E+00        3.96290007535E+04
3.87000E+00        3.95359270863E+04
3.87600E+00        3.94431646855E+04
3.88200E+00        3.93507122726E+04
3.88800E+00        3.92585685743E+04
3.89400E+00        3.91667323231E+04
3.90000E+00        3.90752022572E+04
3.90600E+00        3.89839771201E+04
3.91200E+00        3.88930556612E+04
3.91800E+00        3.88024366350E+04
3.92400E+00        3.87121188019E+04
3.93000E+00        3.86221009276E+04
3.93600E+00        3.85323817833E+04
3.94200E+00        3.84429601457E+04
3.94800E+00        3.83538347969E+04
3.95400E+00        3.82650045243E+04
3.96000E+00        3.81764681210E+04
3.96600E+00        3.80882243851E+04
3.97200E+00        3.80002721204E+04
3.97800E+00        3.79126101357E+04
3.98400E+00        3.78252372454E+04
3.99000E+00        3.77381522689E+04
3.99600E+00        3.76513540313E+04
4.00200E+00        3.75648413624E+04
4.00800E+00        3.74786130978E+04
4.01400E+00        3.73926680778E+04
4.02000E+00        3.73070051483E+04
4.02600E+00        3.72216231601E+04
4.03200E+00        3.71365209693E+04
4.03800E+00        3.70516974370E+04
4.04400E+00        3.69671514296E+04
4.05000E+00        3.68828818184E+04
4.05600E+00        3.67988874799E+04
4.06200E+00        3.67151672955E+04
4.06800E+00        3.66317201518E+04
4.07400E+00        3.65485449404E+04
4.08000E+00        3.64656405576E+04
4.08600E+00        3.63830059051E+04
4.09200E+00        3.63006398893E+04
4.09800E+00        3.62185414214E+04
4.10400E+00        3.61367094178E+04
4.11000E+00        3.60551427997E+04
4.11600E+00        3.59738404930E+04
4.12200E+00        3.58928014286E+04
4.12800E+00        3.58120245422E+04
4.13400E+00        3.57315087743E+04
4.14000E+00        3.56512530702E+04
4.14600E+00        3.55712563799E+04
4.15200E+00        3.54915176582E+04
4.15800E+00        3.54120358646E+04
4.16400E+00        3.53328099633E+04
4.17000E+00        3.52538389232E+04
4.17600E+00        3.51751217180E+04
4.18200E+00        3.50966573257E+04
4.18800E+00        3.50184447292E+04
4.19400E+00        3.49404829160E+04
4.20000E+00        3.48627708781E+04
4.20600E+00        3.47853076121E+04
4.21200E+00        3.47080921190E+04
4.21800E+00        3.46311234046E+04
4.22400E+00        3.45544004790E+04
4.23000E+00        3.44779223568E+04
4.23600E+00        3.44016880571E+04
4.24200E+00        3.43256966036E+04
4.24800E+00        3.42499470241E+04
4.25400E+00        3.41744383511E+04
4.26000E+00        3.40991696213E+04
4.26600E+00        3.40241398759E+04
4.27200E+00        3.39493481604E+04
4.27800E+00        3.38747935245E+04
4.28400E+00        3.38004750225E+04
4.29000E+00        3.37263917126E+04
4.29600E+00        3.36525426577E+04
4.30200E+00        3.35789269246E+04
4.30800E+00        3.35055435844E+04
4.31400E+00        3.34323917127E+04
4.32000E+00        3.33594703890E+04
4.32600E+00        3.32867786970E+04
4.33200E+00        3.32143157246E+04
4.33800E+00        3.31420805639E+04
4.34400E+00        3.30700723110E+04
4.35000E+00        3.29982900662E+04
4.35600E+00        3.29267329339E+04
4.36200E+00        3.28554000224E+04
4.36800E+00        3.27842904443E+04
4.37400E+00        3.27134033159E+04
4.38000E+00        3.26427377579E+04
4.38600E+00        3.25722928946E+04
4.39200E+00        3.25020678544E+04
4.39800E+00        3.24320617699E+04
4.40400E+00        3.23622737773E+04
4.41000E+00        3.22927030168E+04
4.41600E+00        3.22233486327E+04
4.42200E+00        3.21542097729E+04
4.42800E+00        3.20852855893E+04
4.43400E+00        3.20165752376E+04
4.44000E+00        3.19480778775E+04
4.44600E+00        3.18797926721E+04
4.45200E+00        3.18117187888E+04
4.45800E+00        3.17438553984E+04
4.46400E+00        3.16762016756E+04
4.47000E+00        3.16087567988E+04
4.47600E+00        3.15415199501E+04
4.48200E+00        3.14744903154E+04
4.48800E+00        3.14076670841E+04
4.49400E+00        3.13410494496E+04
4.50000E+00        3.12746366086E+04
4.50600E+00        3.12084277615E+04
4.51200E+00        3.11424221125E+04
4.51800E+00        3.10766188693E+04
4.52400E+00        3.10110172430E+04
4.53000E+00        3.09456164487E+04
4.53600E+00        3.08804157045E+04
4.54200E+00        3.08154142324E+04
4.54800E+00        3.07506112580E+04
4.55400E+00        3.06860060100E+04
4.56000E+00        3.06215977208E+04
4.56600E+00        3.05573856264E+04
4.57200E+00        3.04933689661E+04
4.57800E+00        3.04295469826E+04
4.58400E+00        3.03659189220E+04
4.59000E+00        3.03024840340E+04
4.59600E+00        3.02392415714E+04
4.60200E+00        3.01761907906E+04
4.60800E+00        3.01133309513E+04
4.61400E+00        3.00506613165E+04
4.62000E+00        2.99881811523E+04
4.62600E+00        2.99258897286E+04
4.63200E+00        2.98637863182E+04
4.63800E+00        2.98018701972E+04
4.64400E+00        2.97401406451E+04
4.65000E+00        2.96785969446E+04
4.65600E+00        2.96172383816E+04
4.66200E+00        2.95560642451E+04
4.66800E+00        2.94950738275E+04
4.67400E+00        2.94342664243E+04
4.68000E+00        2.93736413341E+04
4.68600E+00        2.93131978586E+04
4.69200E+00        2.92529353029E+04
4.69800E+00        2.91928529749E+04
4.70400E+00        2.91329501859E+04
4.71000E+00        2.90732262499E+04
4.71600E+00        2.90136804844E+04
4.72200E+00        2.89543122097E+04
4.72800E+00        2.88951207492E+04
4.73400E+00        2.88361054293E+04
4.74000E+00        2.87772655795E+04
4.74600E+00        2.87186005323E+04
4.75200E+00        2.86601096230E+04
4.75800E+00        2.86017921901E+04
4.76400E+00        2.85436475749E+04
4.77000E+00        2.84856751217E+04
4.77600E+00        2.84278741778E+04
4.78200E+00        2.83702440932E+04
4.78800E+00        2.83127842212E+04
4.79400E+00        2.82554939174E+04
4.80000E+00        2.81983725409E+04
4.80600E+00        2.81414194532E+04
4.81200E+00        2.80846340188E+04
4.81800E+00        2.80280156050E+04
4.82400E+00        2.79715635820E+04
4.83000E+00        2.79152773228E+04
4.83600E+00        2.78591562030E+04
4.84200E+00        2.78031996013E+04
4.84800E+00        2.77474068988E+04
4.85400E+00        2.76917774796E+04
4.86000E+00        2.76363107304E+04
4.86600E+00        2.75810060407E+04
4.87200E+00        2.75258628028E+04
4.87800E+00        2.74708804114E+04
4.88400E+00        2.74160582642E+04
4.89000E+00        2.73613957614E+04
4.89600E+00        2.73068923059E+04
4.90200E+00        2.72525473032E+04
4.90800E+00        2.71983601615E+04
4.91400E+00        2.71443302915E+04
4.92000E+00        2.70904571068E+04
4.92600E+00        2.70367400231E+04
4.93200E+00        2.69831784591E+04
4.93800E+00        2.69297718360E+04
4.94400E+00        2.68765195773E+04
4.95000E+00        2.68234211094E+04
4.95600E+00        2.67704758610E+04
4.96200E+00        2.67176832634E+04
4.96800E+00        2.66650427502E+04
4.97400E+00        2.66125537579E+04
4.98000E+00        2.65602157252E+04
4.98600E+00        2.65080280932E+04
4.99200E+00        2.64559903057E+04
4.99800E+00        2.64041018088E+04
5.00400E+00        2.63523620510E+04
5.01000E+00        2.63007704834E+04
5.01600E+00        2.62493265592E+04
5.02200E+00        2.61980297344E+04
5.02800E+00        2.61468794670E+04
5.03400E+00        2.60958752177E+04
5.04000E+00        2.60450164492E+04
5.04600E+00        2.59943026270E+04
5.05200E+00        2.59437332185E+04
5.05800E+00        2.58933076938E+04
5.06400E+00        2.58430255250E+04
5.07000E+00        2.57928861868E+04
5.07600E+00        2.57428891559E+04
5.08200E+00        2.56930339116E+04
5.08800E+00        2.56433199351E+04
5.09400E+00        2.55937467102E+04
5.10000E+00        2.55443137228E+04
5.10600E+00        2.54950204611E+04
5.11200E+00        2.54458664154E+04
5.11800E+00        2.53968510784E+04
5.12400E+00        2.53479739448E+04
5.13000E+00        2.52992345117E+04
5.13600E+00        2.52506322783E+04
5.14200E+00        2.52021667458E+04
5.14800E+00        2.51538374180E+04
5.15400E+00        2.51056438004E+04
5.16000E+00        2.50575854009E+04
5.16600E+00        2.50096617294E+04
5.17200E+00        2.49618722980E+04
5.17800E+00        2.49142166210E+04
5.18400E+00        2.48666942147E+04
5.19000E+00        2.48193045973E+04
5.19600E+00        2.47720472895E+04
5.20200E+00        2.47249218138E+04
5.20800E+00        2.46779276947E+04
5.21400E+00        2.46310644590E+04
5.22000E+00        2.45843316353E+04
5.22600E+00        2.45377287543E+04
5.23200E+00        2.44912553489E+04
5.23800E+00        2.44449109539E+04
5.24400E+00        2.43986951059E+04
5.25000E+00        2.43526073437E+04
5.25600E+00        2.43066472082E+04
5.26200E+00        2.42608142419E+04
5.26800E+00        2.42151079897E+04
5.27400E+00        2.41695279982E+04
5.28000E+00        2.41240738159E+04
5.28600E+00        2.40787449933E+04
5.29200E+00        2.40335410830E+04
5.29800E+00        2.39884616392E+04
5.30400E+00        2.39435062183E+04
5.31000E+00        2.38986743785E+04
5.31600E+00        2.38539656797E+04
5.32200E+00        2.38093796840E+04
5.32800E+00        2.37649159551E+04
5.33400E+00        2.37205740587E+04
5.34000E+00        2.36763535624E+04
5.34600E+00        2.36322540356E+04
5.35200E+00        2.35882750494E+04
5.35800E+00        2.35444161769E+04
5.36400E+00        2.35006769929E+04
5.37000E+00        2.34570570741E+04
5.37600E+00        2.34135559989E+04
5.38200E+00        2.33701733477E+04
5.38800E+00        2.33269087024E+04
5.39400E+00        2.32837616469E+04
5.40000E+00        2.32407317668E+04
5.40600E+00        2.31978186493E+04
5.41200E+00        2.31550218836E+04
5.41800E+00        2.31123410605E+04
5.42400E+00        2.30697757725E+04
5.43000E+00        2.30273256139E+04
5.43600E+00        2.29849901808E+04
5.44200E+00        2.29427690708E+04
5.44800E+00        2.29006618833E+04
5.45400E+00        2.28586682194E+04
5.46000E+00        2.28167876820E+04
5.46600E+00        2.27750198753E+04
5.47200E+00        2.27333644057E+04
5.47800E+00        2.26918208808E+04
5.48400E+00        2.26503889100E+04
5.49000E+00        2.26090681045E+04
5.49600E+00        2.25678580769E+04
5.50200E+00        2.25267584417E+04
5.50800E+00        2.24857688146E+04
5.51400E+00        2.24448888133E+04
5.52000E+00        2.24041180570E+04
5.52600E+00        2.23634561664E+04
5.53200E+00        2.23229027639E+04
5.53800E+00        2.22824574734E+04
5.54400E+00        2.22421199204E+04
5.55000E+00        2.22018897320E+04
5.55600E+00        2.21617665368E+04
5.56200E+00        2.21217499650E+04
5.56800E+00        2.20818396483E+04
5.57400E+00        2.20420352200E+04
5.58000E+00        2.20023363149E+04
5.58600E+00        2.19627425693E+04
5.59200E+00        2.19232536209E+04
5.59800E+00        2.18838691093E+04
5.60400E+00        2.18445886751E+04
5.61000E+00        2.18054119608E+04
5.61600E+00        2.17663386100E+04
5.62200E+00        2.17273682682E+04
5.62800E+00        2.16885005821E+04
5.63400E+00        2.16497351999E+04
5.64000E+00        2.16110717713E+04
5.64600E+00        2.15725099474E+04
5.65200E+00        2.15340493809E+04
5.65800E+00        2.14956897257E+04
5.66400E+00        2.14574306373E+04
5.67000E+00        2.14192717725E+04
5.67600E+00        2.13812127897E+04
5.68200E+00        2.13432533486E+04
5.68800E+00        2.13053931102E+04
5.69400E+00        2.12676317371E+04
5.70000E+00        2.12299688931E+04
5.70600E+00        2.11924042435E+04
5.71200E+00        2.11549374550E+04
5.71800E+00        2.11175681956E+04
5.72400E+00        2.10802961347E+04
5.73000E+00        2.10431209431E+04
5.73600E+00        2.10060422927E+04
5.74200E+00        2.09690598571E+04
5.74800E+00        2.09321733111E+04
5.75400E+00        2.08953823307E+04
5.76000E+00        2.08586865934E+04
5.76600E+00        2.08220857779E+04
5.77200E+00        2.07855795644E+04
5.77800E+00        2.07491676342E+04
5.78400E+00        2.07128496699E+04
5.79000E+00        2.06766253557E+04
5.79600E+00        2.06404943766E+04
5.80200E+00        2.06044564193E+04
5.80800E+00        2.05685111716E+04
5.81400E+00        2.05326583226E+04
5.82000E+00        2.04968975626E+04
5.82600E+00        2.04612285833E+04
5.83200E+00        2.04256510775E+04
5.83800E+00        2.03901647394E+04
5.84400E+00        2.03547692643E+04
5.85000E+00        2.03194643489E+04
5.85600E+00        2.02842496909E+04
5.86200E+00        2.02491249893E+04
5.86800E+00        2.02140899446E+04
5.87400E+00        2.01791442581E+04
5.88000E+00        2.01442876326E+04
5.88600E+00        2.01095197719E+04
5.89200E+00        2.00748403811E+04
5.89800E+00        2.00402491666E+04
5.90400E+00        2.00057458357E+04
5.91000E+00        1.99713300971E+04
5.91600E+00        1.99370016606E+04
5.92200E+00        1.99027602373E+04
5.92800E+00        1.98686055392E+04
5.93400E+00        1.98345372797E+04
5.94000E+00        1.98005551732E+04
5.94600E+00        1.97666589353E+04
5.95200E+00        1.97328482828E+04
5.95800E+00        1.96991229336E+04
5.96400E+00        1.96654826067E+04
5.97000E+00        1.96319270221E+04
5.97600E+00        1.95984559012E+04
5.98200E+00        1.95650689664E+04
5.98800E+00        1.95317659411E+04
5.99400E+00        1.94985465499E+04
6.00000E+00        1.94654105185E+04
6.00600E+00        1.94323575737E+04
6.01200E+00        1.93993874434E+04
6.01800E+00        1.93664998565E+04
6.02400E+00        1.93336945431E+04
6.03000E+00        1.93009712342E+04
6.03600E+00        1.92683296622E+04
6.04200E+00        1.92357695601E+04
6.04800E+00        1.92032906623E+04
6.05400E+00        1.91708927043E+04
6.06000E+00        1.91385754223E+04
6.06600E+00        1.91063385539E+04
6.07200E+00        1.90741818375E+04
6.07800E+00        1.90421050128E+04
6.08400E+00        1.90101078202E+04
6.09000E+00        1.89781900013E+04
6.09600E+00        1.89463512989E+04
6.10200E+00        1.89145914564E+04
6.10800E+00        1.88829102185E+04
6.11400E+00        1.88513073310E+04
6.12000E+00        1.88197825404E+04
6.12600E+00        1.87883355944E+04
6.13200E+00        1.87569662417E+04
6.13800E+00        1.87256742319E+04
6.14400E+00        1.86944593155E+04
6.15000E+00        1.86633212443E+04
6.15600E+00        1.86322597708E+04
6.16200E+00        1.86012746485E+04
6.16800E+00        1.85703656320E+04
6.17400E+00        1.85395324767E+04
6.18000E+00        1.85087749391E+04
6.18600E+00        1.84780927765E+04
6.19200E+00        1.84474857474E+04
6.19800E+00        1.84169536109E+04
6.20400E+00        1.83864961274E+04
6.21000E+00        1.83561130579E+04
6.21600E+00        1.83258041646E+04
6.22200E+00        1.82955692105E+04
6.22800E+00        1.82654079596E+04
6.23400E+00        1.82353201767E+04
6.24000E+00        1.82053056276E+04
6.24600E+00        1.81753640790E+04
6.25200E+00        1.81454952985E+04
6.25800E+00        1.81156990545E+04
6.26400E+00        1.80859751166E+04
6.27000E+00        1.80563232550E+04
6.27600E+00        1.80267432409E+04
6.28200E+00        1.79972348464E+04
6.28800E+00        1.79677978444E+04
6.29400E+00        1.79384320088E+04
6.30000E+00        1.79091371143E+04
6.30600E+00        1.78799129365E+04
6.31200E+00        1.78507592518E+04
6.31800E+00        1.78216758376E+04
6.32400E+00        1.77926624719E+04
6.33000E+00        1.77637189340E+04
6.33600E+00        1.77348450036E+04
6.34200E+00        1.77060404614E+04
6.34800E+00        1.76773050891E+04
6.35400E+00        1.76486386691E+04
6.36000E+00        1.76200409846E+04
6.36600E+00        1.75915118197E+04
6.37200E+00        1.75630509593E+04
6.37800E+00        1.75346581892E+04
6.38400E+00        1.75063332959E+04
6.39000E+00        1.74780760668E+04
6.39600E+00        1.74498862901E+04
6.40200E+00        1.74217637547E+04
6.40800E+00        1.73937082506E+04
6.41400E+00        1.73657195684E+04
6.42000E+00        1.73377974993E+04
6.42600E+00        1.73099418358E+04
6.43200E+00        1.72821523706E+04
6.43800E+00        1.72544288978E+04
6.44400E+00        1.72267712117E+04
6.45000E+00        1.71991791079E+04
6.45600E+00        1.71716523824E+04
6.46200E+00        1.71441908321E+04
6.46800E+00        1.71167942548E+04
6.47400E+00        1.70894624489E+04
6.48000E+00        1.70621952136E+04
6.48600E+00        1.70349923489E+04
6.49200E+00        1.70078536555E+04
6.49800E+00        1.69807789350E+04
6.50400E+00        1.69537679896E+04
6.51000E+00        1.69268206222E+04
6.51600E+00        1.68999366367E+04
6.52200E+00        1.68731158375E+04
6.52800E+00        1.68463580298E+04
6.53400E+00        1.68196630196E+04
6.54000E+00        1.67930306136E+04
6.54600E+00        1.67664606192E+04
6.55200E+00        1.67399528445E+04
6.55800E+00        1.67135070985E+04
6.56400E+00        1.66871231906E+04
6.57000E+00        1.66608009312E+04
6.57600E+00        1.66345401313E+04
6.58200E+00        1.66083406027E+04
6.58800E+00        1.65822021576E+04
6.59400E+00        1.65561246094E+04
6.60000E+00        1.65301077718E+04
6.60600E+00        1.65041514594E+04
6.61200E+00        1.64782554873E+04
6.61800E+00        1.64524196716E+04
6.62400E+00        1.64266438287E+04
6.63000E+00        1.64009277760E+04
6.63600E+00        1.63752713315E+04
6.64200E+00        1.63496743138E+04
6.64800E+00        1.63241365422E+04
6.65400E+00        1.62986578368E+04
6.66000E+00        1.62732380182E+04
6.66600E+00        1.62478769078E+04
6.67200E+00        1.62225743275E+04
6.67800E+00        1.61973301000E+04
6.68400E+00        1.61721440487E+04
6.69000E+00        1.61470159975E+04
6.69600E+00        1.61219457710E+04
6.70200E+00        1.60969331946E+04
6.70800E+00        1.60719780942E+04
6.71400E+00        1.60470802963E+04
6.72000E+00        1.60222396281E+04
6.72600E+00        1.59974559176E+04
6.73200E+00        1.59727289932E+04
6.73800E+00        1.59480586840E+04
6.74400E+00        1.59234448199E+04
6.75000E+00        1.58988872311E+04
6.75600E+00        1.58743857486E+04
6.76200E+00        1.58499402042E+04
6.76800E+00        1.58255504301E+04
6.77400E+00        1.58012162591E+04
6.78000E+00        1.57769375247E+04
6.78600E+00        1.57527140611E+04
6.79200E+00        1.57285457028E+04
6.79800E+00        1.57044322853E+04
6.80400E+00        1.56803736445E+04
6.81000E+00        1.56563696168E+04
6.81600E+00        1.56324200394E+04
6.82200E+00        1.56085247500E+04
6.82800E+00        1.55846835870E+04
6.83400E+00        1.55608963891E+04
6.84000E+00        1.55371629959E+04
6.84600E+00        1.55134832474E+04
6.85200E+00        1.54898569844E+04
6.85800E+00        1.54662840481E+04
6.86400E+00        1.54427642802E+04
6.87000E+00        1.54192975232E+04
6.87600E+00        1.53958836200E+04
6.88200E+00        1.53725224141E+04
6.88800E+00        1.53492137498E+04
6.89400E+00        1.53259574716E+04
6.90000E+00        1.53027534247E+04
6.90600E+00        1.52796014551E+04
6.91200E+00        1.52565014090E+04
6.91800E+00        1.52334531333E+04
6.92400E+00        1.52104564755E+04
6.93000E+00        1.51875112837E+04
6.93600E+00        1.51646174064E+04
6.94200E+00        1.51417746927E+04
6.94800E+00        1.51189829924E+04
6.95400E+00        1.50962421555E+04
6.96000E+00        1.50735520328E+04
6.96600E+00        1.50509124757E+04
6.97200E+00        1.50283233359E+04
6.97800E+00        1.50057844658E+04
6.98400E+00        1.49832957184E+04
6.99000E+00        1.49608569469E+04
6.99600E+00        1.49384680053E+04
7.00200E+00        1.49161287482E+04
7.00800E+00        1.48938390304E+04
7.01400E+00        1.48715987076E+04
7.02000E+00        1.48494076357E+04
7.02600E+00        1.48272656712E+04
7.03200E+00        1.48051726713E+04
7.03800E+00        1.47831284935E+04
7.04400E+00        1.47611329958E+04
7.05000E+00        1.47391860370E+04
7.05600E+00        1.47172874759E+04
7.06200E+00        1.46954371723E+04
7.06800E+00        1.46736349863E+04
7.07400E+00        1.46518807783E+04
7.08000E+00        1.46301744096E+04
7.08600E+00        1.46085157417E+04
7.09200E+00        1.45869046367E+04
7.09800E+00        1.45653409571E+04
7.10400E+00        1.45438245660E+04
7.11000E+00        1.45223553269E+04
7.11600E+00        1.45009331039E+04
7.12200E+00        1.44795577615E+04
7.12800E+00        1.44582291646E+04
7.13400E+00        1.44369471788E+04
7.14000E+00        1.44157116700E+04
7.14600E+00        1.43945225045E+04
7.15200E+00        1.43733795493E+04
7.15800E+00        1.43522826718E+04
7.16400E+00        1.43312317397E+04
7.17000E+00        1.43102266214E+04
7.17600E+00        1.42892671856E+04
7.18200E+00        1.42683533016E+04
7.18800E+00        1.42474848390E+04
7.19400E+00        1.42266616680E+04
7.20000E+00        1.42058836591E+04
7.20600E+00        1.41851506835E+04
7.21200E+00        1.41644626126E+04
7.21800E+00        1.41438193184E+04
7.22400E+00        1.41232206733E+04
7.23000E+00        1.41026665502E+04
7.23600E+00        1.40821568223E+04
7.24200E+00        1.40616913634E+04
7.24800E+00        1.40412700477E+04
7.25400E+00        1.40208927498E+04
7.26000E+00        1.40005593449E+04
7.26600E+00        1.39802697083E+04
7.27200E+00        1.39600237160E+04
7.27800E+00        1.39398212444E+04
7.28400E+00        1.39196621703E+04
7.29000E+00        1.38995463709E+04
7.29600E+00        1.38794737239E+04
7.30200E+00        1.38594441074E+04
7.30800E+00        1.38394573999E+04
7.31400E+00        1.38195134803E+04
7.32000E+00        1.37996122279E+04
7.32600E+00        1.37797535225E+04
7.33200E+00        1.37599372444E+04
7.33800E+00        1.37401632741E+04
7.34400E+00        1.37204314926E+04
7.35000E+00        1.37007417814E+04
7.35600E+00        1.36810940224E+04
7.36200E+00        1.36614880976E+04
7.36800E+00        1.36419238899E+04
7.37400E+00        1.36224012823E+04
7.38000E+00        1.36029201582E+04
7.38600E+00        1.35834804015E+04
7.39200E+00        1.35640818965E+04
7.39800E+00        1.35447245278E+04
7.40400E+00        1.35254081805E+04
7.41000E+00        1.35061327401E+04
7.41600E+00        1.34868980925E+04
7.42200E+00        1.34677041238E+04
7.42800E+00        1.34485507207E+04
7.43400E+00        1.34294377702E+04
7.44000E+00        1.34103651598E+04
7.44600E+00        1.33913327772E+04
7.45200E+00        1.33723405107E+04
7.45800E+00        1.33533882488E+04
7.46400E+00        1.33344758804E+04
7.47000E+00        1.33156032950E+04
7.47600E+00        1.32967703821E+04
7.48200E+00        1.32779770319E+04
7.48800E+00        1.32592231348E+04
7.49400E+00        1.32405085817E+04
7.50000E+00        1.32218332638E+04
7.50600E+00        1.32031970727E+04
7.51200E+00        1.31845999002E+04
7.51800E+00        1.31660416388E+04
7.52400E+00        1.31475221811E+04
7.53000E+00        1.31290414202E+04
7.53600E+00        1.31105992494E+04
7.54200E+00        1.30921955625E+04
7.54800E+00        1.30738302537E+04
7.55400E+00        1.30555032175E+04
7.56000E+00        1.30372143487E+04
7.56600E+00        1.30189635425E+04
7.57200E+00        1.30007506944E+04
7.57800E+00        1.29825757005E+04
7.58400E+00        1.29644384569E+04
7.59000E+00        1.29463388603E+04
7.59600E+00        1.29282768076E+04
7.60200E+00        1.29102521962E+04
7.60800E+00        1.28922649237E+04
7.61400E+00        1.28743148881E+04
7.62000E+00        1.28564019878E+04
7.62600E+00        1.28385261214E+04
7.63200E+00        1.28206871880E+04
7.63800E+00        1.28028850870E+04
7.64400E+00        1.27851197181E+04
7.65000E+00        1.27673909813E+04
7.65600E+00        1.27496987769E+04
7.66200E+00        1.27320430059E+04
7.66800E+00        1.27144235690E+04
7.67400E+00        1.26968403678E+04
7.68000E+00        1.26792933040E+04
7.68600E+00        1.26617822796E+04
7.69200E+00        1.26443071970E+04
7.69800E+00        1.26268679588E+04
7.70400E+00        1.26094644681E+04
7.71000E+00        1.25920966283E+04
7.71600E+00        1.25747643429E+04
7.72200E+00        1.25574675160E+04
7.72800E+00        1.25402060519E+04
7.73400E+00        1.25229798552E+04
7.74000E+00        1.25057888309E+04
7.74600E+00        1.24886328842E+04
7.75200E+00        1.24715119207E+04
7.75800E+00        1.24544258463E+04
7.76400E+00        1.24373745671E+04
7.77000E+00        1.24203579898E+04
7.77600E+00        1.24033760210E+04
7.78200E+00        1.23864285681E+04
7.78800E+00        1.23695155383E+04
7.79400E+00        1.23526368394E+04
7.80000E+00        1.23357923795E+04
7.80600E+00        1.23189820670E+04
7.81200E+00        1.23022058104E+04
7.81800E+00        1.22854635188E+04
7.82400E+00        1.22687551014E+04
7.83000E+00        1.22520804678E+04
7.83600E+00        1.22354395279E+04
7.84200E+00        1.22188321917E+04
7.84800E+00        1.22022583697E+04
7.85400E+00        1.21857179727E+04
7.86000E+00        1.21692109117E+04
7.86600E+00        1.21527370981E+04
7.87200E+00        1.21362964435E+04
7.87800E+00        1.21198888597E+04
7.88400E+00        1.21035142590E+04
7.89000E+00        1.20871725539E+04
7.89600E+00        1.20708636571E+04
7.90200E+00        1.20545874817E+04
7.90800E+00        1.20383439411E+04
7.91400E+00        1.20221329489E+04
7.92000E+00        1.20059544190E+04
7.92600E+00        1.19898082655E+04
7.93200E+00        1.19736944030E+04
7.93800E+00        1.19576127462E+04
7.94400E+00        1.19415632102E+04
7.95000E+00        1.19255457102E+04
7.95600E+00        1.19095601618E+04
7.96200E+00        1.18936064809E+04
7.96800E+00        1.18776845837E+04
7.97400E+00        1.18617943865E+04
7.98000E+00        1.18459358059E+04
7.98600E+00        1.18301087590E+04
7.99200E+00        1.18143131630E+04
7.99800E+00        1.17985489354E+04
8.00400E+00        1.17828159938E+04
8.01000E+00        1.17671142563E+04
8.01600E+00        1.17514436413E+04
8.02200E+00        1.17358040672E+04
8.02800E+00        1.17201954528E+04
8.03400E+00        1.17046177173E+04
8.04000E+00        1.16890707800E+04
8.04600E+00        1.16735545604E+04
8.05200E+00        1.16580689785E+04
8.05800E+00        1.16426139543E+04
8.06400E+00        1.16271894082E+04
8.07000E+00        1.16117952608E+04
8.07600E+00        1.15964314331E+04
8.08200E+00        1.15810978461E+04
8.08800E+00        1.15657944212E+04
8.09400E+00        1.15505210802E+04
8.10000E+00        1.15352777448E+04
8.10600E+00        1.15200643373E+04
8.11200E+00        1.15048807800E+04
8.11800E+00        1.14897269955E+04
8.12400E+00        1.14746029069E+04
8.13000E+00        1.14595084371E+04
8.13600E+00        1.14444435096E+04
8.14200E+00        1.14294080481E+04
8.14800E+00        1.14144019763E+04
8.15400E+00        1.13994252185E+04
8.16000E+00        1.13844776989E+04
8.16600E+00        1.13695593422E+04
8.17200E+00        1.13546700732E+04
8.17800E+00        1.13398098170E+04
8.18400E+00        1.13249784989E+04
8.19000E+00        1.13101760445E+04
8.19600E+00        1.12954023795E+04
8.20200E+00        1.12806574301E+04
8.20800E+00        1.12659411224E+04
8.21400E+00        1.12512533829E+04
8.22000E+00        1.12365941385E+04
8.22600E+00        1.12219633160E+04
8.23200E+00        1.12073608426E+04
8.23800E+00        1.11927866458E+04
8.24400E+00        1.11782406533E+04
8.25000E+00        1.11637227929E+04
8.25600E+00        1.11492329927E+04
8.26200E+00        1.11347711810E+04
8.26800E+00        1.11203372866E+04
8.27400E+00        1.11059312380E+04
8.28000E+00        1.10915529644E+04
8.28600E+00        1.10772023950E+04
8.29200E+00        1.10628794592E+04
8.29800E+00        1.10485840868E+04
8.30400E+00        1.10343162076E+04
8.31000E+00        1.10200757517E+04
8.31600E+00        1.10058626496E+04
8.32200E+00        1.09916768318E+04
8.32800E+00        1.09775182291E+04
8.33400E+00        1.09633867724E+04
8.34000E+00        1.09492823930E+04
8.34600E+00        1.09352050224E+04
8.35200E+00        1.09211545921E+04
8.35800E+00        1.09071310340E+04
8.36400E+00        1.08931342803E+04
8.37000E+00        1.08791642631E+04
8.37600E+00        1.08652209151E+04
8.38200E+00        1.08513041688E+04
8.38800E+00        1.08374139573E+04
8.39400E+00        1.08235502137E+04
8.40000E+00        1.08097128712E+04
8.40600E+00        1.07959018634E+04
8.41200E+00        1.07821171242E+04
8.41800E+00        1.07683585874E+04
8.42400E+00        1.07546261873E+04
8.43000E+00        1.07409198581E+04
8.43600E+00        1.07272395345E+04
8.44200E+00        1.07135851512E+04
8.44800E+00        1.06999566432E+04
8.45400E+00        1.06863539457E+04
8.46000E+00        1.06727769941E+04
8.46600E+00        1.06592257240E+04
8.47200E+00        1.06457000711E+04
8.47800E+00        1.06321999714E+04
8.48400E+00        1.06187253611E+04
8.49000E+00        1.06052761766E+04
8.49600E+00        1.05918523544E+04
8.50200E+00        1.05784538314E+04
8.50800E+00        1.05650805444E+04
8.51400E+00        1.05517324307E+04
8.52000E+00        1.05384094275E+04
8.52600E+00        1.05251114725E+04
8.53200E+00        1.05118385033E+04
8.53800E+00        1.04985904579E+04
8.54400E+00        1.04853672744E+04
8.55000E+00        1.04721688912E+04
8.55600E+00        1.04589952466E+04
8.56200E+00        1.04458462795E+04
8.56800E+00        1.04327219286E+04
8.57400E+00        1.04196221331E+04
8.58000E+00        1.04065468322E+04
8.58600E+00        1.03934959653E+04
8.59200E+00        1.03804694721E+04
8.59800E+00        1.03674672923E+04
8.60400E+00        1.03544893659E+04
8.61000E+00        1.03415356332E+04
8.61600E+00        1.03286060345E+04
8.62200E+00        1.03157005102E+04
8.62800E+00        1.03028190012E+04
8.63400E+00        1.02899614483E+04
8.64000E+00        1.02771277926E+04
8.64600E+00        1.02643179754E+04
8.65200E+00        1.02515319381E+04
8.65800E+00        1.02387696224E+04
8.66400E+00        1.02260309699E+04
8.67000E+00        1.02133159227E+04
8.67600E+00        1.02006244230E+04
8.68200E+00        1.01879564130E+04
8.68800E+00        1.01753118353E+04
8.69400E+00        1.01626906325E+04
8.70000E+00        1.01500927475E+04
8.70600E+00        1.01375181233E+04
8.71200E+00        1.01249667031E+04
8.71800E+00        1.01124384302E+04
8.72400E+00        1.00999332482E+04
8.73000E+00        1.00874511008E+04
8.73600E+00        1.00749919318E+04
8.74200E+00        1.00625556854E+04
8.74800E+00        1.00501423056E+04
8.75400E+00        1.00377517370E+04
8.76000E+00        1.00253839240E+04
8.76600E+00        1.00130388114E+04
8.77200E+00        1.00007163440E+04
8.77800E+00        9.98841646694E+03
8.78400E+00        9.97613912537E+03
8.79000E+00        9.96388426468E+03
8.79600E+00        9.95165183042E+03
8.80200E+00        9.93944176829E+03
8.80800E+00        9.92725402416E+03
8.81400E+00        9.91508854406E+03
8.82000E+00        9.90294527417E+03
8.82600E+00        9.89082416087E+03
8.83200E+00        9.87872515064E+03
8.83800E+00        9.86664819019E+03
8.84400E+00        9.85459322632E+03
8.85000E+00        9.84256020604E+03
8.85600E+00        9.83054907649E+03
8.86200E+00        9.81855978499E+03
8.86800E+00        9.80659227899E+03
8.87400E+00        9.79464650613E+03
8.88000E+00        9.78272241417E+03
8.88600E+00        9.77081995105E+03
8.89200E+00        9.75893906485E+03
8.89800E+00        9.74707970383E+03
8.90400E+00        9.73524181637E+03
8.91000E+00        9.72342535103E+03
8.91600E+00        9.71163025650E+03
8.92200E+00        9.69985648164E+03
8.92800E+00        9.68810397546E+03
8.93400E+00        9.67637268711E+03
8.94000E+00        9.66466256591E+03
8.94600E+00        9.65297356131E+03
8.95200E+00        9.64130562291E+03
8.95800E+00        9.62965870048E+03
8.96400E+00        9.61803274391E+03
8.97000E+00        9.60642770327E+03
8.97600E+00        9.59484352874E+03
8.98200E+00        9.58328017069E+03
8.98800E+00        9.57173757960E+03
8.99400E+00        9.56021570611E+03
9.00000E+00        9.54871450101E+03
9.00600E+00        9.53723391523E+03
9.01200E+00        9.52577389984E+03
9.01800E+00        9.51433440606E+03
9.02400E+00        9.50291538525E+03
9.03000E+00        9.49151678892E+03
9.03600E+00        9.48013856872E+03
9.04200E+00        9.46878067642E+03
9.04800E+00        9.45744306397E+03
9.05400E+00        9.44612568343E+03
9.06000E+00        9.43482848702E+03
9.06600E+00        9.42355142708E+03
9.07200E+00        9.41229445611E+03
9.07800E+00        9.40105752674E+03
9.08400E+00        9.38984059173E+03
9.09000E+00        9.37864360400E+03
9.09600E+00        9.36746651658E+03
9.10200E+00        9.35630928266E+03
9.10800E+00        9.34517185556E+03
9.11400E+00        9.33405418872E+03
9.12000E+00        9.32295623574E+03
9.12600E+00        9.31187795034E+03
9.13200E+00        9.30081928638E+03
9.13800E+00        9.28978019785E+03
9.14400E+00        9.27876063888E+03
9.15000E+00        9.26776056374E+03
9.15600E+00        9.25677992680E+03
9.16200E+00        9.24581868261E+03
9.16800E+00        9.23487678581E+03
9.17400E+00        9.22395419119E+03
9.18000E+00        9.21305085368E+03
9.18600E+00        9.20216672833E+03
9.19200E+00        9.19130177030E+03
9.19800E+00        9.18045593493E+03
9.20400E+00        9.16962917763E+03
9.21000E+00        9.15882145399E+03
9.21600E+00        9.14803271970E+03
9.22200E+00        9.13726293058E+03
9.22800E+00        9.12651204258E+03
9.23400E+00        9.11578001179E+03
9.24000E+00        9.10506679440E+03
9.24600E+00        9.09437234675E+03
9.25200E+00        9.08369662530E+03
9.25800E+00        9.07303958663E+03
9.26400E+00        9.06240118744E+03
9.27000E+00        9.05178138457E+03
9.27600E+00        9.04118013497E+03
9.28200E+00        9.03059739572E+03
9.28800E+00        9.02003312403E+03
9.29400E+00        9.00948727721E+03
9.30000E+00        8.99895981272E+03
9.30600E+00        8.98845068812E+03
9.31200E+00        8.97795986111E+03
9.31800E+00        8.96748728950E+03
9.32400E+00        8.95703293122E+03
9.33000E+00        8.94659674431E+03
9.33600E+00        8.93617868697E+03
9.34200E+00        8.92577871746E+03
9.34800E+00        8.91539679422E+03
9.35400E+00        8.90503287576E+03
9.36000E+00        8.89468692074E+03
9.36600E+00        8.88435888791E+03
9.37200E+00        8.87404873617E+03
9.37800E+00        8.86375642451E+03
9.38400E+00        8.85348191205E+03
9.39000E+00        8.84322515802E+03
9.39600E+00        8.83298612177E+03
9.40200E+00        8.82276476276E+03
9.40800E+00        8.81256104058E+03
9.41400E+00        8.80237491492E+03
9.42000E+00        8.79220634557E+03
9.42600E+00        8.78205529248E+03
9.43200E+00        8.77192171567E+03
9.43800E+00        8.76180557528E+03
9.44400E+00        8.75170683159E+03
9.45000E+00        8.74162544496E+03
9.45600E+00        8.73156137589E+03
9.46200E+00        8.72151458496E+03
9.46800E+00        8.71148503289E+03
9.47400E+00        8.70147268049E+03
9.48000E+00        8.69147748870E+03
9.48600E+00        8.68149941855E+03
9.49200E+00        8.67153843120E+03
9.49800E+00        8.66159448790E+03
9.50400E+00        8.65166755002E+03
9.51000E+00        8.64175757905E+03
9.51600E+00        8.63186453655E+03
9.52200E+00        8.62198838423E+03
9.52800E+00        8.61212908389E+03
9.53400E+00        8.60228659743E+03
9.54000E+00        8.59246088687E+03
9.54600E+00        8.58265191432E+03
9.55200E+00        8.57285964203E+03
9.55800E+00        8.56308403231E+03
9.56400E+00        8.55332504761E+03
9.57000E+00        8.54358265047E+03
9.57600E+00        8.53385680354E+03
9.58200E+00        8.52414746957E+03
9.58800E+00        8.51445461142E+03
9.59400E+00        8.50477819205E+03
9.60000E+00        8.49511817451E+03
9.60600E+00        8.48547452199E+03
9.61200E+00        8.47584719774E+03
9.61800E+00        8.46623616514E+03
9.62400E+00        8.45664138766E+03
9.63000E+00        8.44706282888E+03
9.63600E+00        8.43750045247E+03
9.64200E+00        8.42795422222E+03
9.64800E+00        8.41842410199E+03
9.65400E+00        8.40891005576E+03
9.66000E+00        8.39941204762E+03
9.66600E+00        8.38993004175E+03
9.67200E+00        8.38046400241E+03
9.67800E+00        8.37101389399E+03
9.68400E+00        8.36157968096E+03
9.69000E+00        8.35216132789E+03
9.69600E+00        8.34275879946E+03
9.70200E+00        8.33337206043E+03
9.70800E+00        8.32400107567E+03
9.71400E+00        8.31464581015E+03
9.72000E+00        8.30530622891E+03
9.72600E+00        8.29598229713E+03
9.73200E+00        8.28667398005E+03
9.73800E+00        8.27738124301E+03
9.74400E+00        8.26810405147E+03
9.75000E+00        8.25884237097E+03
9.75600E+00        8.24959616712E+03
9.76200E+00        8.24036540567E+03
9.76800E+00        8.23115005244E+03
9.77400E+00        8.22195007334E+03
9.78000E+00        8.21276543438E+03
9.78600E+00        8.20359610166E+03
9.79200E+00        8.19444204139E+03
9.79800E+00        8.18530321985E+03
9.80400E+00        8.17617960342E+03
9.81000E+00        8.16707115857E+03
9.81600E+00        8.15797785187E+03
9.82200E+00        8.14889964997E+03
9.82800E+00        8.13983651963E+03
9.83400E+00        8.13078842769E+03
9.84000E+00        8.12175534106E+03
9.84600E+00        8.11273722677E+03
9.85200E+00        8.10373405193E+03
9.85800E+00        8.09474578375E+03
9.86400E+00        8.08577238949E+03
9.87000E+00        8.07681383656E+03
9.87600E+00        8.06787009240E+03
9.88200E+00        8.05894112459E+03
9.88800E+00        8.05002690075E+03
9.89400E+00        8.04112738862E+03
9.90000E+00        8.03224255602E+03
9.90600E+00        8.02337237086E+03
9.91200E+00        8.01451680113E+03
9.91800E+00        8.00567581491E+03
9.92400E+00        7.99684938037E+03
9.93000E+00        7.98803746576E+03
9.93600E+00        7.97924003942E+03
9.94200E+00        7.97045706977E+03
9.94800E+00        7.96168852532E+03
9.95400E+00        7.95293437468E+03
9.96000E+00        7.94419458652E+03
9.96600E+00        7.93546912960E+03
9.97200E+00        7.92675797278E+03
9.97800E+00        7.91806108498E+03
9.98400E+00        7.90937843524E+03
9.99000E+00        7.90070999263E+03
9.99600E+00        7.89205572636E+03
1.00020E+01        7.88341560569E+03
1.00080E+01        7.87478959997E+03
1.00140E+01        7.86617767862E+03
1.00200E+01        7.85757981117E+03
1.00260E+01        7.84899596722E+03
1.00320E+01        7.84042611643E+03
1.00380E+01        7.83187022857E+03
1.00440E+01        7.82332827348E+03
1.00500E+01        7.81480022108E+03
1.00560E+01        7.80628604137E+03
1.00620E+01        7.79778570444E+03
1.00680E+01        7.78929918045E+03
1.00740E+01        7.78082643964E+03
1.00800E+01        7.77236745234E+03
1.00860E+01        7.76392218894E+03
1.00920E+01        7.75549061993E+03
1.00980E+01        7.74707271586E+03
1.01040E+01        7.73866844738E+03
1.01100E+01        7.73027778520E+03
1.01160E+01        7.72190070012E+03
1.01220E+01        7.71353716301E+03
1.01280E+01        7.70518714481E+03
1.01340E+01        7.69685061656E+03
1.01400E+01        7.68852754936E+03
1.01460E+01        7.68021791440E+03
1.01520E+01        7.67192168292E+03
1.01580E+01        7.66363882627E+03
1.01640E+01        7.65536931586E+03
1.01700E+01        7.64711312317E+03
1.01760E+01        7.63887021976E+03
1.01820E+01        7.63064057728E+03
1.01880E+01        7.62242416744E+03
1.01940E+01        7.61422096202E+03
1.02000E+01        7.60603093288E+03
1.02060E+01        7.59785405197E+03
1.02120E+01        7.58969029130E+03
1.02180E+01        7.58153962294E+03
1.02240E+01        7.57340201907E+03
1.02300E+01        7.56527745190E+03
1.02360E+01        7.55716589376E+03
1.02420E+01        7.54906731702E+03
1.02480E+01        7.54098169412E+03
1.02540E+01        7.53290899760E+03
1.02600E+01        7.52484920005E+03
1.02660E+01        7.51680227414E+03
1.02720E+01        7.50876819261E+03
1.02780E+01        7.50074692828E+03
1.02840E+01        7.49273845402E+03
1.02900E+01        7.48474274280E+03
1.02960E+01        7.47675976764E+03
1.03020E+01        7.46878950164E+03
1.03080E+01        7.46083191797E+03
1.03140E+01        7.45288698986E+03
1.03200E+01        7.44495469062E+03
1.03260E+01        7.43703499364E+03
1.03320E+01        7.42912787236E+03
1.03380E+01        7.42123330030E+03
1.03440E+01        7.41335125104E+03
1.03500E+01        7.40548169824E+03
1.03560E+01        7.39762461563E+03
1.03620E+01        7.38977997700E+03
1.03680E+01        7.38194775621E+03
1.03740E+01        7.37412792720E+03
1.03800E+01        7.36632046396E+03
1.03860E+01        7.35852534055E+03
1.03920E+01        7.35074253112E+03
1.03980E+01        7.34297200985E+03
1.04040E+01        7.33521375103E+03
1.04100E+01        7.32746772898E+03
1.04160E+01        7.31973391811E+03
1.04220E+01        7.31201229289E+03
1.04280E+01        7.30430282784E+03
1.04340E+01        7.29660549758E+03
1.04400E+01        7.28892027677E+03
1.04460E+01        7.28124714013E+03
1.04520E+01        7.27358606248E+03
1.04580E+01        7.26593701867E+03
1.04640E+01        7.25829998362E+03
1.04700E+01        7.25067493235E+03
1.04760E+01        7.24306183989E+03
1.04820E+01        7.23546068139E+03
1.04880E+01        7.22787143201E+03
1.04940E+01        7.22029406702E+03
1.05000E+01        7.21272856172E+03
1.05060E+01        7.20517489150E+03
1.05120E+01        7.19763303180E+03
1.05180E+01        7.19010295813E+03
1.05240E+01        7.18258464605E+03
1.05300E+01        7.17507807119E+03
1.05360E+01        7.16758320926E+03
1.05420E+01        7.16010003600E+03
1.05480E+01        7.15262852724E+03
1.05540E+01        7.14516865885E+03
1.05600E+01        7.13772040679E+03
1.05660E+01        7.13028374705E+03
1.05720E+01        7.12285865570E+03
1.05780E+01        7.11544510888E+03
1.05840E+01        7.10804308277E+03
1.05900E+01        7.10065255361E+03
1.05960E+01        7.09327349773E+03
1.06020E+01        7.08590589150E+03
1.06080E+01        7.07854971134E+03
1.06140E+01        7.07120493375E+03
1.06200E+01        7.06387153529E+03
1.06260E+01        7.05654949256E+03
1.06320E+01        7.04923878224E+03
1.06380E+01        7.04193938106E+03
1.06440E+01        7.03465126581E+03
1.06500E+01        7.02737441335E+03
1.06560E+01        7.02010880058E+03
1.06620E+01        7.01285440447E+03
1.06680E+01        7.00561120205E+03
1.06740E+01        6.99837917040E+03
1.06800E+01        6.99115828667E+03
1.06860E+01        6.98394852806E+03
1.06920E+01        6.97674987184E+03
1.06980E+01        6.96956229531E+03
1.07040E+01        6.96238577586E+03
1.07100E+01        6.95522029091E+03
1.07160E+01        6.94806581796E+03
1.07220E+01        6.94092233456E+03
1.07280E+01        6.93378981830E+03
1.07340E+01        6.92666824686E+03
1.07400E+01        6.91955759794E+03
1.07460E+01        6.91245784933E+03
1.07520E+01        6.90536897885E+03
1.07580E+01        6.89829096438E+03
1.07640E+01        6.89122378387E+03
1.07700E+01        6.88416741533E+03
1.07760E+01        6.87712183679E+03
1.07820E+01        6.87008702637E+03
1.07880E+01        6.86306296224E+03
1.07940E+01        6.85604962261E+03
1.08000E+01        6.84904698576E+03
1.08060E+01        6.84205503001E+03
1.08120E+01        6.83507373375E+03
1.08180E+01        6.82810307542E+03
1.08240E+01        6.82114303350E+03
1.08300E+01        6.81419358655E+03
1.08360E+01        6.80725471316E+03
1.08420E+01        6.80032639199E+03
1.08480E+01        6.79340860174E+03
1.08540E+01        6.78650132118E+03
1.08600E+01        6.77960452911E+03
1.08660E+01        6.77271820441E+03
1.08720E+01        6.76584232600E+03
1.08780E+01        6.75897687284E+03
1.08840E+01        6.75212182396E+03
1.08900E+01        6.74527715845E+03
1.08960E+01        6.73844285542E+03
1.09020E+01        6.73161889407E+03
1.09080E+01        6.72480525362E+03
1.09140E+01        6.71800191337E+03
1.09200E+01        6.71120885265E+03
1.09260E+01        6.70442605084E+03
1.09320E+01        6.69765348740E+03
1.09380E+01        6.69089114181E+03
1.09440E+01        6.68413899361E+03
1.09500E+01        6.67739702240E+03
1.09560E+01        6.67066520783E+03
1.09620E+01        6.66394352958E+03
1.09680E+01        6.65723196741E+03
1.09740E+01        6.65053050111E+03
1.09800E+01        6.64383911052E+03
1.09860E+01        6.63715777555E+03
1.09920E+01        6.63048647613E+03
1.09980E+01        6.62382519227E+03
1.10040E+01        6.61717390401E+03
1.10100E+01        6.61053259145E+03
1.10160E+01        6.60390123472E+03
1.10220E+01        6.59727981403E+03
1.10280E+01        6.59066830961E+03
1.10340E+01        6.58406670176E+03
1.10400E+01        6.57747497081E+03
1.10460E+01        6.57089309716E+03
1.10520E+01        6.56432106124E+03
1.10580E+01        6.55775884354E+03
1.10640E+01        6.55120642458E+03
1.10700E+01        6.54466378496E+03
1.10760E+01        6.53813090530E+03
1.10820E+01        6.53160776627E+03
1.10880E+01        6.52509434861E+03
1.10940E+01        6.51859063308E+03
1.11000E+01        6.51209660050E+03
1.11060E+01        6.50561223174E+03
1.11120E+01        6.49913750771E+03
1.11180E+01        6.49267240938E+03
1.11240E+01        6.48621691775E+03
1.11300E+01        6.47977101387E+03
1.11360E+01        6.47333467884E+03
1.11420E+01        6.46690789381E+03
1.11480E+01        6.46049063998E+03
1.11540E+01        6.45408289857E+03
1.11600E+01        6.44768465089E+03
1.11660E+01        6.44129587825E+03
1.11720E+01        6.43491656203E+03
1.11780E+01        6.42854668365E+03
1.11840E+01        6.42218622459E+03
1.11900E+01        6.41583516635E+03
1.11960E+01        6.40949349049E+03
1.12020E+01        6.40316117861E+03
1.12080E+01        6.39683821236E+03
1.12140E+01        6.39052457344E+03
1.12200E+01        6.38422024357E+03
1.12260E+01        6.37792520455E+03
1.12320E+01        6.37163943819E+03
1.12380E+01        6.36536292636E+03
1.12440E+01        6.35909565099E+03
1.12500E+01        6.35283759402E+03
1.12560E+01        6.34658873746E+03
1.12620E+01        6.34034906335E+03
1.12680E+01        6.33411855378E+03
1.12740E+01        6.32789719089E+03
1.12800E+01        6.32168495685E+03
1.12860E+01        6.31548183388E+03
1.12920E+01        6.30928780424E+03
1.12980E+01        6.30310285024E+03
1.13040E+01        6.29692695422E+03
1.13100E+01        6.29076009858E+03
1.13160E+01        6.28460226574E+03
1.13220E+01        6.27845343819E+03
1.13280E+01        6.27231359843E+03
1.13340E+01        6.26618272904E+03
1.13400E+01        6.26006081261E+03
1.13460E+01        6.25394783179E+03
1.13520E+01        6.24784376926E+03
1.13580E+01        6.24174860775E+03
1.13640E+01        6.23566233003E+03
1.13700E+01        6.22958491891E+03
1.13760E+01        6.22351635724E+03
1.13820E+01        6.21745662792E+03
1.13880E+01        6.21140571389E+03
1.13940E+01        6.20536359810E+03
1.14000E+01        6.19933026360E+03
1.14060E+01        6.19330569342E+03
1.14120E+01        6.18728987067E+03
1.14180E+01        6.18128277849E+03
1.14240E+01        6.17528440005E+03
1.14300E+01        6.16929471858E+03
1.14360E+01        6.16331371733E+03
1.14420E+01        6.15734137961E+03
1.14480E+01        6.15137768875E+03
1.14540E+01        6.14542262813E+03
1.14600E+01        6.13947618118E+03
1.14660E+01        6.13353833135E+03
1.14720E+01        6.12760906213E+03
1.14780E+01        6.12168835707E+03
1.14840E+01        6.11577619975E+03
1.14900E+01        6.10987257378E+03
1.14960E+01        6.10397746281E+03
1.15020E+01        6.09809085054E+03
1.15080E+01        6.09221272071E+03
1.15140E+01        6.08634305708E+03
1.15200E+01        6.08048184346E+03
1.15260E+01        6.07462906371E+03
1.15320E+01        6.06878470170E+03
1.15380E+01        6.06294874138E+03
1.15440E+01        6.05712116670E+03
1.15500E+01        6.05130196165E+03
1.15560E+01        6.04549111029E+03
1.15620E+01        6.03968859669E+03
1.15680E+01        6.03389440497E+03
1.15740E+01        6.02810851927E+03
1.15800E+01        6.02233092380E+03
1.15860E+01        6.01656160277E+03
1.15920E+01        6.01080054045E+03
1.15980E+01        6.00504772115E+03
1.16040E+01        5.99930312921E+03
1.16100E+01        5.99356674900E+03
1.16160E+01        5.98783856493E+03
1.16220E+01        5.98211856146E+03
1.16280E+01        5.97640672308E+03
1.16340E+01        5.97070303430E+03
1.16400E+01        5.96500747970E+03
1.16460E+01        5.95932004386E+03
1.16520E+01        5.95364071141E+03
1.16580E+01        5.94796946704E+03
1.16640E+01        5.94230629543E+03
1.16700E+01        5.93665118134E+03
1.16760E+01        5.93100410955E+03
1.16820E+01        5.92536506485E+03
1.16880E+01        5.91973403212E+03
1.16940E+01        5.91411099621E+03
1.17000E+01        5.90849594207E+03
1.17060E+01        5.90288885464E+03
1.17120E+01        5.89728971891E+03
1.17180E+01        5.89169851991E+03
1.17240E+01        5.88611524270E+03
1.17300E+01        5.88053987238E+03
1.17360E+01        5.87497239407E+03
1.17420E+01        5.86941279294E+03
1.17480E+01        5.86386105420E+03
1.17540E+01        5.85831716307E+03
1.17600E+01        5.85278110483E+03
1.17660E+01        5.84725286477E+03
1.17720E+01        5.84173242825E+03
1.17780E+01        5.83621978062E+03
1.17840E+01        5.83071490730E+03
1.17900E+01        5.82521779372E+03
1.17960E+01        5.81972842537E+03
1.18020E+01        5.81424678774E+03
1.18080E+01        5.80877286639E+03
1.18140E+01        5.80330664688E+03
1.18200E+01        5.79784811482E+03
1.18260E+01        5.79239725586E+03
1.18320E+01        5.78695405568E+03
1.18380E+01        5.78151849998E+03
1.18440E+01        5.77609057450E+03
1.18500E+01        5.77067026502E+03
1.18560E+01        5.76525755736E+03
1.18620E+01        5.75985243734E+03
1.18680E+01        5.75445489085E+03
1.18740E+01        5.74906490378E+03
1.18800E+01        5.74368246209E+03
1.18860E+01        5.73830755175E+03
1.18920E+01        5.73294015875E+03
1.18980E+01        5.72758026913E+03
1.19040E+01        5.72222786897E+03
1.19100E+01        5.71688294437E+03
1.19160E+01        5.71154548145E+03
1.19220E+01        5.70621546639E+03
1.19280E+01        5.70089288538E+03
1.19340E+01        5.69557772465E+03
1.19400E+01        5.69026997046E+03
1.19460E+01        5.68496960911E+03
1.19520E+01        5.67967662691E+03
1.19580E+01        5.67439101024E+03
1.19640E+01        5.66911274546E+03
1.19700E+01        5.66384181900E+03
1.19760E+01        5.65857821732E+03
1.19820E+01        5.65332192689E+03
1.19880E+01        5.64807293421E+03
1.19940E+01        5.64283122585E+03
1.20000E+01        5.63759678836E+03
1.20060E+01        5.63236960836E+03
1.20120E+01        5.62714967248E+03
1.20180E+01        5.62193696738E+03
1.20240E+01        5.61673147977E+03
1.20300E+01        5.61153319637E+03
1.20360E+01        5.60634210393E+03
1.20420E+01        5.60115818924E+03
1.20480E+01        5.59598143913E+03
1.20540E+01        5.59081184043E+03
1.20600E+01        5.58564938004E+03
1.20660E+01        5.58049404485E+03
1.20720E+01        5.57534582180E+03
1.20780E+01        5.57020469787E+03
1.20840E+01        5.56507066004E+03
1.20900E+01        5.55994369535E+03
1.20960E+01        5.55482379085E+03
1.21020E+01        5.54971093363E+03
1.21080E+01        5.54460511081E+03
1.21140E+01        5.53950630952E+03
1.21200E+01        5.53441451695E+03
1.21260E+01        5.52932972029E+03
1.21320E+01        5.52425190678E+03
1.21380E+01        5.51918106368E+03
1.21440E+01        5.51411717828E+03
1.21500E+01        5.50906023790E+03
1.21560E+01        5.50401022989E+03
1.21620E+01        5.49896714162E+03
1.21680E+01        5.49393096050E+03
1.21740E+01        5.48890167397E+03
1.21800E+01        5.48387926948E+03
1.21860E+01        5.47886373452E+03
1.21920E+01        5.47385505662E+03
1.21980E+01        5.46885322332E+03
1.22040E+01        5.46385822220E+03
1.22100E+01        5.45887004085E+03
1.22160E+01        5.45388866692E+03
1.22220E+01        5.44891408806E+03
1.22280E+01        5.44394629196E+03
1.22340E+01        5.43898526633E+03
1.22400E+01        5.43403099891E+03
1.22460E+01        5.42908347748E+03
1.22520E+01        5.42414268984E+03
1.22580E+01        5.41920862380E+03
1.22640E+01        5.41428126722E+03
1.22700E+01        5.40936060799E+03
1.22760E+01        5.40444663400E+03
1.22820E+01        5.39953933320E+03
1.22880E+01        5.39463869354E+03
1.22940E+01        5.38974470302E+03
1.23000E+01        5.38485734964E+03
1.23060E+01        5.37997662145E+03
1.23120E+01        5.37510250653E+03
1.23180E+01        5.37023499296E+03
1.23240E+01        5.36537406887E+03
1.23300E+01        5.36051972241E+03
1.23360E+01        5.35567194175E+03
1.23420E+01        5.35083071510E+03
1.23480E+01        5.34599603068E+03
1.23540E+01        5.34116787676E+03
1.23600E+01        5.33634624161E+03
1.23660E+01        5.33153111353E+03
1.23720E+01        5.32672248087E+03
1.23780E+01        5.32192033198E+03
1.23840E+01        5.31712465524E+03
1.23900E+01        5.31233543908E+03
1.23960E+01        5.30755267192E+03
1.24020E+01        5.30277634224E+03
1.24080E+01        5.29800643851E+03
1.24140E+01        5.29324294925E+03
1.24200E+01        5.28848586300E+03
1.24260E+01        5.28373516834E+03
1.24320E+01        5.27899085384E+03
1.24380E+01        5.27425290813E+03
1.24440E+01        5.26952131984E+03
1.24500E+01        5.26479607765E+03
1.24560E+01        5.26007717024E+03
1.24620E+01        5.25536458634E+03
1.24680E+01        5.25065831468E+03
1.24740E+01        5.24595834403E+03
1.24800E+01        5.24126466319E+03
1.24860E+01        5.23657726096E+03
1.24920E+01        5.23189612620E+03
1.24980E+01        5.22722124776E+03
1.25040E+01        5.22255261454E+03
1.25100E+01        5.21789021546E+03
1.25160E+01        5.21323403945E+03
1.25220E+01        5.20858407547E+03
1.25280E+01        5.20394031252E+03
1.25340E+01        5.19930273962E+03
1.25400E+01        5.19467134578E+03
1.25460E+01        5.19004612009E+03
1.25520E+01        5.18542705162E+03
1.25580E+01        5.18081412948E+03
1.25640E+01        5.17620734281E+03
1.25700E+01        5.17160668076E+03
1.25760E+01        5.16701213252E+03
1.25820E+01        5.16242368729E+03
1.25880E+01        5.15784133429E+03
1.25940E+01        5.15326506279E+03
1.26000E+01        5.14869486205E+03
1.26060E+01        5.14413072139E+03
1.26120E+01        5.13957263011E+03
1.26180E+01        5.13502057757E+03
1.26240E+01        5.13047455313E+03
1.26300E+01        5.12593454620E+03
1.26360E+01        5.12140054618E+03
1.26420E+01        5.11687254252E+03
1.26480E+01        5.11235052467E+03
1.26540E+01        5.10783448214E+03
1.26600E+01        5.10332440441E+03
1.26660E+01        5.09882028103E+03
1.26720E+01        5.09432210155E+03
1.26780E+01        5.08982985555E+03
1.26840E+01        5.08534353262E+03
1.26900E+01        5.08086312240E+03
1.26960E+01        5.07638861452E+03
1.27020E+01        5.07191999865E+03
1.27080E+01        5.06745726449E+03
1.27140E+01        5.06300040175E+03
1.27200E+01        5.05854940016E+03
1.27260E+01        5.05410424949E+03
1.27320E+01        5.04966493950E+03
1.27380E+01        5.04523146001E+03
1.27440E+01        5.04080380084E+03
1.27500E+01        5.03638195183E+03
1.27560E+01        5.03196590285E+03
1.27620E+01        5.02755564380E+03
1.27680E+01        5.02315116459E+03
1.27740E+01        5.01875245515E+03
1.27800E+01        5.01435950544E+03
1.27860E+01        5.00997230543E+03
1.27920E+01        5.00559084514E+03
1.27980E+01        5.00121511456E+03
1.28040E+01        4.99684510376E+03
1.28100E+01        4.99248080280E+03
1.28160E+01        4.98812220176E+03
1.28220E+01        4.98376929075E+03
1.28280E+01        4.97942205989E+03
1.28340E+01        4.97508049935E+03
1.28400E+01        4.97074459928E+03
1.28460E+01        4.96641434989E+03
1.28520E+01        4.96208974139E+03
1.28580E+01        4.95777076401E+03
1.28640E+01        4.95345740801E+03
1.28700E+01        4.94914966367E+03
1.28760E+01        4.94484752127E+03
1.28820E+01        4.94055097116E+03
1.28880E+01        4.93626000365E+03
1.28940E+01        4.93197460912E+03
1.29000E+01        4.92769477794E+03
1.29060E+01        4.92342050052E+03
1.29120E+01        4.91915176728E+03
1.29180E+01        4.91488856867E+03
1.29240E+01        4.91063089514E+03
1.29300E+01        4.90637873718E+03
1.29360E+01        4.90213208529E+03
1.29420E+01        4.89789093001E+03
1.29480E+01        4.89365526187E+03
1.29540E+01        4.88942507144E+03
1.29600E+01        4.88520034931E+03
1.29660E+01        4.88098108609E+03
1.29720E+01        4.87676727239E+03
1.29780E+01        4.87255889887E+03
1.29840E+01        4.86835595618E+03
1.29900E+01        4.86415843503E+03
1.29960E+01        4.85996632611E+03
1.30020E+01        4.85577962014E+03
1.30080E+01        4.85159830788E+03
1.30140E+01        4.84742238009E+03
1.30200E+01        4.84325182756E+03
1.30260E+01        4.83908664108E+03
1.30320E+01        4.83492681149E+03
1.30380E+01        4.83077232962E+03
1.30440E+01        4.82662318634E+03
1.30500E+01        4.82247937254E+03
1.30560E+01        4.81834087911E+03
1.30620E+01        4.81420769698E+03
1.30680E+01        4.81007981709E+03
1.30740E+01        4.80595723039E+03
1.30800E+01        4.80183992787E+03
1.30860E+01        4.79772790052E+03
1.30920E+01        4.79362113937E+03
1.30980E+01        4.78951963544E+03
1.31040E+01        4.78542337980E+03
1.31100E+01        4.78133236352E+03
1.31160E+01        4.77724657769E+03
1.31220E+01        4.77316601342E+03
1.31280E+01        4.76909066185E+03
1.31340E+01        4.76502051412E+03
1.31400E+01        4.76095556141E+03
1.31460E+01        4.75689579490E+03
1.31520E+01        4.75284120579E+03
1.31580E+01        4.74879178532E+03
1.31640E+01        4.74474752472E+03
1.31700E+01        4.74070841525E+03
1.31760E+01        4.73667444820E+03
1.31820E+01        4.73264561486E+03
1.31880E+01        4.72862190655E+03
1.31940E+01        4.72460331461E+03
1.32000E+01        4.72058983038E+03
1.32060E+01        4.71658144524E+03
1.32120E+01        4.71257815058E+03
1.32180E+01        4.70857993781E+03
1.32240E+01        4.70458679835E+03
1.32300E+01        4.70059872364E+03
1.32360E+01        4.69661570515E+03
1.32420E+01        4.69263773436E+03
1.32480E+01        4.68866480276E+03
1.32540E+01        4.68469690187E+03
1.32600E+01        4.68073402322E+03
1.32660E+01        4.67677615837E+03
1.32720E+01        4.67282329888E+03
1.32780E+01        4.66887543633E+03
1.32840E+01        4.66493256234E+03
1.32900E+01        4.66099466852E+03
1.32960E+01        4.65706174652E+03
1.33020E+01        4.65313378798E+03
1.33080E+01        4.64921078459E+03
1.33140E+01        4.64529272803E+03
1.33200E+01        4.64137961001E+03
1.33260E+01        4.63747142226E+03
1.33320E+01        4.63356815652E+03
1.33380E+01        4.62966980455E+03
1.33440E+01        4.62577635814E+03
1.33500E+01        4.62188780907E+03
1.33560E+01        4.61800414915E+03
1.33620E+01        4.61412537022E+03
1.33680E+01        4.61025146412E+03
1.33740E+01        4.60638242272E+03
1.33800E+01        4.60251823789E+03
1.33860E+01        4.59865890153E+03
1.33920E+01        4.59480440556E+03
1.33980E+01        4.59095474190E+03
1.34040E+01        4.58710990250E+03
1.34100E+01        4.58326987933E+03
1.34160E+01        4.57943466436E+03
1.34220E+01        4.57560424960E+03
1.34280E+01        4.57177862705E+03
1.34340E+01        4.56795778876E+03
1.34400E+01        4.56414172675E+03
1.34460E+01        4.56033043311E+03
1.34520E+01        4.55652389990E+03
1.34580E+01        4.55272211923E+03
1.34640E+01        4.54892508320E+03
1.34700E+01        4.54513278395E+03
1.34760E+01        4.54134521361E+03
1.34820E+01        4.53756236436E+03
1.34880E+01        4.53378422837E+03
1.34940E+01        4.53001079783E+03
1.35000E+01        4.52624206495E+03
1.35060E+01        4.52247802196E+03
1.35120E+01        4.51871866110E+03
1.35180E+01        4.51496397462E+03
1.35240E+01        4.51121395481E+03
1.35300E+01        4.50746859395E+03
1.35360E+01        4.50372788434E+03
1.35420E+01        4.49999181831E+03
1.35480E+01        4.49626038820E+03
1.35540E+01        4.49253358636E+03
1.35600E+01        4.48881140515E+03
1.35660E+01        4.48509383696E+03
1.35720E+01        4.48138087420E+03
1.35780E+01        4.47767250927E+03
1.35840E+01        4.47396873461E+03
1.35900E+01        4.47026954266E+03
1.35960E+01        4.46657492589E+03
1.36020E+01        4.46288487677E+03
1.36080E+01        4.45919938780E+03
1.36140E+01        4.45551845149E+03
1.36200E+01        4.45184206035E+03
1.36260E+01        4.44817020694E+03
1.36320E+01        4.44450288379E+03
1.36380E+01        4.44084008349E+03
1.36440E+01        4.43718179862E+03
1.36500E+01        4.43352802177E+03
1.36560E+01        4.42987874556E+03
1.36620E+01        4.42623396262E+03
1.36680E+01        4.42259366561E+03
1.36740E+01        4.41895784716E+03
1.36800E+01        4.41532649997E+03
1.36860E+01        4.41169961672E+03
1.36920E+01        4.40807719012E+03
1.36980E+01        4.40445921288E+03
1.37040E+01        4.40084567774E+03
1.37100E+01        4.39723657746E+03
1.37160E+01        4.39363190479E+03
1.37220E+01        4.39003165251E+03
1.37280E+01        4.38643581341E+03
1.37340E+01        4.38284438031E+03
1.37400E+01        4.37925734603E+03
1.37460E+01        4.37567470340E+03
1.37520E+01        4.37209644528E+03
1.37580E+01        4.36852256453E+03
1.37640E+01        4.36495305403E+03
1.37700E+01        4.36138790668E+03
1.37760E+01        4.35782711539E+03
1.37820E+01        4.35427067308E+03
1.37880E+01        4.35071857269E+03
1.37940E+01        4.34717080717E+03
1.38000E+01        4.34362736950E+03
1.38060E+01        4.34008825264E+03
1.38120E+01        4.33655344960E+03
1.38180E+01        4.33302295338E+03
1.38240E+01        4.32949675701E+03
1.38300E+01        4.32597485353E+03
1.38360E+01        4.32245723598E+03
1.38420E+01        4.31894389744E+03
1.38480E+01        4.31543483098E+03
1.38540E+01        4.31193002969E+03
1.38600E+01        4.30842948669E+03
1.38660E+01        4.30493319509E+03
1.38720E+01        4.30144114804E+03
1.38780E+01        4.29795333867E+03
1.38840E+01        4.29446976016E+03
1.38900E+01        4.29099040567E+03
1.38960E+01        4.28751526840E+03
1.39020E+01        4.28404434155E+03
1.39080E+01        4.28057761835E+03
1.39140E+01        4.27711509202E+03
1.39200E+01        4.27365675580E+03
1.39260E+01        4.27020260295E+03
1.39320E+01        4.26675262676E+03
1.39380E+01        4.26330682049E+03
1.39440E+01        4.25986517745E+03
1.39500E+01        4.25642769096E+03
1.39560E+01        4.25299435433E+03
1.39620E+01        4.24956516092E+03
1.39680E+01        4.24614010406E+03
1.39740E+01        4.24271917712E+03
1.39800E+01        4.23930237349E+03
1.39860E+01        4.23588968656E+03
1.39920E+01        4.23248110972E+03
1.39980E+01        4.22907663641E+03
1.40040E+01        4.22567626004E+03
