# %ECSV 0.9
# ---
# datatype:
# - {name: wavelength, unit: micron, datatype: float64}
# - {name: flux, unit: microJansky, datatype: float64}
# schema: astropy-2.0
#
#
#  - - File generated by ExoNoodle - -
#         V1.0.0 - MML (CEA-Saclay)
#       2021-02-26 14:01:48.325215
wavelength flux 
3.00000E+00        5.71058261831E+04
3.00600E+00        5.69514709774E+04
3.01200E+00        5.67976737720E+04
3.01800E+00        5.66444324721E+04
3.02400E+00        5.64917449854E+04
3.03000E+00        5.63396092224E+04
3.03600E+00        5.61880230963E+04
3.04200E+00        5.60369845236E+04
3.04800E+00        5.58864914236E+04
3.05400E+00        5.57365417188E+04
3.06000E+00        5.55871333352E+04
3.06600E+00        5.54382642021E+04
3.07200E+00        5.52899322524E+04
3.07800E+00        5.51421354227E+04
3.08400E+00        5.49948716532E+04
3.09000E+00        5.48481388880E+04
3.09600E+00        5.47019350754E+04
3.10200E+00        5.45562581673E+04
3.10800E+00        5.44111061202E+04
3.11400E+00        5.42664768944E+04
3.12000E+00        5.41223684550E+04
3.12600E+00        5.39787787710E+04
3.13200E+00        5.38357058161E+04
3.13800E+00        5.36931475688E+04
3.14400E+00        5.35511020118E+04
3.15000E+00        5.34095671328E+04
3.15600E+00        5.32685409242E+04
3.16200E+00        5.31280213834E+04
3.16800E+00        5.29880065124E+04
3.17400E+00        5.28484943186E+04
3.18000E+00        5.27094828141E+04
3.18600E+00        5.25709700163E+04
3.19200E+00        5.24329539479E+04
3.19800E+00        5.22954326365E+04
3.20400E+00        5.21584041154E+04
3.21000E+00        5.20218664229E+04
3.21600E+00        5.18858176029E+04
3.22200E+00        5.17502557048E+04
3.22800E+00        5.16151787833E+04
3.23400E+00        5.14805848988E+04
3.24000E+00        5.13464721174E+04
3.24600E+00        5.12128385105E+04
3.25200E+00        5.10796821555E+04
3.25800E+00        5.09470011355E+04
3.26400E+00        5.08147935392E+04
3.27000E+00        5.06830574613E+04
3.27600E+00        5.05517910022E+04
3.28200E+00        5.04209922682E+04
3.28800E+00        5.02906593715E+04
3.29400E+00        5.01607904305E+04
3.30000E+00        5.00313835691E+04
3.30600E+00        4.99024369177E+04
3.31200E+00        4.97739486123E+04
3.31800E+00        4.96459167953E+04
3.32400E+00        4.95183396151E+04
3.33000E+00        4.93912152260E+04
3.33600E+00        4.92645417887E+04
3.34200E+00        4.91383174701E+04
3.34800E+00        4.90125404429E+04
3.35400E+00        4.88872088865E+04
3.36000E+00        4.87623209861E+04
3.36600E+00        4.86378749335E+04
3.37200E+00        4.85138689263E+04
3.37800E+00        4.83903011689E+04
3.38400E+00        4.82671698717E+04
3.39000E+00        4.81444732514E+04
3.39600E+00        4.80222095310E+04
3.40200E+00        4.79003769400E+04
3.40800E+00        4.77789737140E+04
3.41400E+00        4.76579980953E+04
3.42000E+00        4.75374483321E+04
3.42600E+00        4.74173226794E+04
3.43200E+00        4.72976193983E+04
3.43800E+00        4.71783367564E+04
3.44400E+00        4.70594730276E+04
3.45000E+00        4.69410264924E+04
3.45600E+00        4.68229954375E+04
3.46200E+00        4.67053781562E+04
3.46800E+00        4.65881729479E+04
3.47400E+00        4.64713781187E+04
3.48000E+00        4.63549919810E+04
3.48600E+00        4.62390128538E+04
3.49200E+00        4.61234390621E+04
3.49800E+00        4.60082689378E+04
3.50400E+00        4.58935008189E+04
3.51000E+00        4.57791330499E+04
3.51600E+00        4.56651639818E+04
3.52200E+00        4.55515919719E+04
3.52800E+00        4.54384153840E+04
3.53400E+00        4.53256325883E+04
3.54000E+00        4.52132419613E+04
3.54600E+00        4.51012418860E+04
3.55200E+00        4.49896307517E+04
3.55800E+00        4.48784069543E+04
3.56400E+00        4.47675688959E+04
3.57000E+00        4.46571149850E+04
3.57600E+00        4.45470436365E+04
3.58200E+00        4.44373532717E+04
3.58800E+00        4.43280423182E+04
3.59400E+00        4.42191092099E+04
3.60000E+00        4.41105523872E+04
3.60600E+00        4.40023702966E+04
3.61200E+00        4.38945613913E+04
3.61800E+00        4.37871241304E+04
3.62400E+00        4.36800569795E+04
3.63000E+00        4.35733584104E+04
3.63600E+00        4.34670269014E+04
3.64200E+00        4.33610609369E+04
3.64800E+00        4.32554590075E+04
3.65400E+00        4.31502196101E+04
3.66000E+00        4.30453412480E+04
3.66600E+00        4.29408224305E+04
3.67200E+00        4.28366616732E+04
3.67800E+00        4.27328574978E+04
3.68400E+00        4.26294084325E+04
3.69000E+00        4.25263130113E+04
3.69600E+00        4.24235697745E+04
3.70200E+00        4.23211772686E+04
3.70800E+00        4.22191340461E+04
3.71400E+00        4.21174386657E+04
3.72000E+00        4.20160896923E+04
3.72600E+00        4.19150856967E+04
3.73200E+00        4.18144252558E+04
3.73800E+00        4.17141069526E+04
3.74400E+00        4.16141293762E+04
3.75000E+00        4.15144911216E+04
3.75600E+00        4.14151907898E+04
3.76200E+00        4.13162269880E+04
3.76800E+00        4.12175983291E+04
3.77400E+00        4.11193034320E+04
3.78000E+00        4.10213409218E+04
3.78600E+00        4.09237094293E+04
3.79200E+00        4.08264075911E+04
3.79800E+00        4.07294340499E+04
3.80400E+00        4.06327874543E+04
3.81000E+00        4.05364664585E+04
3.81600E+00        4.04404697228E+04
3.82200E+00        4.03447959131E+04
3.82800E+00        4.02494437013E+04
3.83400E+00        4.01544117648E+04
3.84000E+00        4.00596987872E+04
3.84600E+00        3.99653034574E+04
3.85200E+00        3.98712244703E+04
3.85800E+00        3.97774605264E+04
3.86400E+00        3.96840103318E+04
3.87000E+00        3.95908725986E+04
3.87600E+00        3.94980460441E+04
3.88200E+00        3.94055293915E+04
3.88800E+00        3.93133213697E+04
3.89400E+00        3.92214207130E+04
3.90000E+00        3.91298261613E+04
3.90600E+00        3.90385364601E+04
3.91200E+00        3.89475503604E+04
3.91800E+00        3.88568666188E+04
3.92400E+00        3.87664839973E+04
3.93000E+00        3.86764012634E+04
3.93600E+00        3.85866171900E+04
3.94200E+00        3.84971305557E+04
3.94800E+00        3.84079401442E+04
3.95400E+00        3.83190447446E+04
3.96000E+00        3.82304431517E+04
3.96600E+00        3.81421341654E+04
3.97200E+00        3.80541165909E+04
3.97800E+00        3.79663892389E+04
3.98400E+00        3.78789509253E+04
3.99000E+00        3.77918004712E+04
3.99600E+00        3.77049367030E+04
4.00200E+00        3.76183584526E+04
4.00800E+00        3.75320645567E+04
4.01400E+00        3.74460538574E+04
4.02000E+00        3.73603252020E+04
4.02600E+00        3.72748774430E+04
4.03200E+00        3.71897094379E+04
4.03800E+00        3.71048200492E+04
4.04400E+00        3.70202081450E+04
4.05000E+00        3.69358725979E+04
4.05600E+00        3.68518122858E+04
4.06200E+00        3.67680260918E+04
4.06800E+00        3.66845129036E+04
4.07400E+00        3.66012716144E+04
4.08000E+00        3.65183011220E+04
4.08600E+00        3.64356003293E+04
4.09200E+00        3.63531681440E+04
4.09800E+00        3.62710034789E+04
4.10400E+00        3.61891052517E+04
4.11000E+00        3.61074723847E+04
4.11600E+00        3.60261038053E+04
4.12200E+00        3.59449984458E+04
4.12800E+00        3.58641552430E+04
4.13400E+00        3.57835731387E+04
4.14000E+00        3.57032510796E+04
4.14600E+00        3.56231880168E+04
4.15200E+00        3.55433829065E+04
4.15800E+00        3.54638347093E+04
4.16400E+00        3.53845423907E+04
4.17000E+00        3.53055049208E+04
4.17600E+00        3.52267212744E+04
4.18200E+00        3.51481904308E+04
4.18800E+00        3.50699113740E+04
4.19400E+00        3.49918830927E+04
4.20000E+00        3.49141045800E+04
4.20600E+00        3.48365748337E+04
4.21200E+00        3.47592928559E+04
4.21800E+00        3.46822576534E+04
4.22400E+00        3.46054682376E+04
4.23000E+00        3.45289236241E+04
4.23600E+00        3.44526228331E+04
4.24200E+00        3.43765648892E+04
4.24800E+00        3.43007488215E+04
4.25400E+00        3.42251736635E+04
4.26000E+00        3.41498384529E+04
4.26600E+00        3.40747422318E+04
4.27200E+00        3.39998840468E+04
4.27800E+00        3.39252629488E+04
4.28400E+00        3.38508779928E+04
4.29000E+00        3.37767282382E+04
4.29600E+00        3.37028127487E+04
4.30200E+00        3.36291305921E+04
4.30800E+00        3.35556808407E+04
4.31400E+00        3.34824625708E+04
4.32000E+00        3.34094748628E+04
4.32600E+00        3.33367168014E+04
4.33200E+00        3.32641874755E+04
4.33800E+00        3.31918859780E+04
4.34400E+00        3.31198114060E+04
4.35000E+00        3.30479628605E+04
4.35600E+00        3.29763394470E+04
4.36200E+00        3.29049402745E+04
4.36800E+00        3.28337644565E+04
4.37400E+00        3.27628111103E+04
4.38000E+00        3.26920793571E+04
4.38600E+00        3.26215683223E+04
4.39200E+00        3.25512771352E+04
4.39800E+00        3.24812049290E+04
4.40400E+00        3.24113508407E+04
4.41000E+00        3.23417140115E+04
4.41600E+00        3.22722935863E+04
4.42200E+00        3.22030887139E+04
4.42800E+00        3.21340985469E+04
4.43400E+00        3.20653222418E+04
4.44000E+00        3.19967589589E+04
4.44600E+00        3.19284078623E+04
4.45200E+00        3.18602681200E+04
4.45800E+00        3.17923389035E+04
4.46400E+00        3.17246193883E+04
4.47000E+00        3.16571087535E+04
4.47600E+00        3.15898061819E+04
4.48200E+00        3.15227108601E+04
4.48800E+00        3.14558219783E+04
4.49400E+00        3.13891387302E+04
4.50000E+00        3.13226603135E+04
4.50600E+00        3.12563859293E+04
4.51200E+00        3.11903147824E+04
4.51800E+00        3.11244460809E+04
4.52400E+00        3.10587790370E+04
4.53000E+00        3.09933128660E+04
4.53600E+00        3.09280467869E+04
4.54200E+00        3.08629800223E+04
4.54800E+00        3.07981117983E+04
4.55400E+00        3.07334413442E+04
4.56000E+00        3.06689678933E+04
4.56600E+00        3.06046906818E+04
4.57200E+00        3.05406089498E+04
4.57800E+00        3.04767219405E+04
4.58400E+00        3.04130289007E+04
4.59000E+00        3.03495290805E+04
4.59600E+00        3.02862217334E+04
4.60200E+00        3.02231061163E+04
4.60800E+00        3.01601814894E+04
4.61400E+00        3.00974471162E+04
4.62000E+00        3.00349022636E+04
4.62600E+00        2.99725462017E+04
4.63200E+00        2.99103782040E+04
4.63800E+00        2.98483975472E+04
4.64400E+00        2.97866035111E+04
4.65000E+00        2.97249953790E+04
4.65600E+00        2.96635724373E+04
4.66200E+00        2.96023339755E+04
4.66800E+00        2.95412792865E+04
4.67400E+00        2.94804076662E+04
4.68000E+00        2.94197184137E+04
4.68600E+00        2.93592108313E+04
4.69200E+00        2.92988842244E+04
4.69800E+00        2.92387379014E+04
4.70400E+00        2.91787711740E+04
4.71000E+00        2.91189833568E+04
4.71600E+00        2.90593737676E+04
4.72200E+00        2.89999417272E+04
4.72800E+00        2.89406865594E+04
4.73400E+00        2.88816075911E+04
4.74000E+00        2.88227041520E+04
4.74600E+00        2.87639755752E+04
4.75200E+00        2.87054211964E+04
4.75800E+00        2.86470403544E+04
4.76400E+00        2.85888323911E+04
4.77000E+00        2.85307966510E+04
4.77600E+00        2.84729324817E+04
4.78200E+00        2.84152392339E+04
4.78800E+00        2.83577162610E+04
4.79400E+00        2.83003629191E+04
4.80000E+00        2.82431785676E+04
4.80600E+00        2.81861625684E+04
4.81200E+00        2.81293142863E+04
4.81800E+00        2.80726330891E+04
4.82400E+00        2.80161183472E+04
4.83000E+00        2.79597694340E+04
4.83600E+00        2.79035857254E+04
4.84200E+00        2.78475666004E+04
4.84800E+00        2.77917114405E+04
4.85400E+00        2.77360196302E+04
4.86000E+00        2.76804905564E+04
4.86600E+00        2.76251236089E+04
4.87200E+00        2.75699181803E+04
4.87800E+00        2.75148736658E+04
4.88400E+00        2.74599894631E+04
4.89000E+00        2.74052649729E+04
4.89600E+00        2.73506995984E+04
4.90200E+00        2.72962927452E+04
4.90800E+00        2.72420438220E+04
4.91400E+00        2.71879522398E+04
4.92000E+00        2.71340174121E+04
4.92600E+00        2.70802387554E+04
4.93200E+00        2.70266156883E+04
4.93800E+00        2.69731476323E+04
4.94400E+00        2.69198340114E+04
4.95000E+00        2.68666742520E+04
4.95600E+00        2.68136677831E+04
4.96200E+00        2.67608140363E+04
4.96800E+00        2.67081124455E+04
4.97400E+00        2.66555624473E+04
4.98000E+00        2.66031634807E+04
4.98600E+00        2.65509149871E+04
4.99200E+00        2.64988164105E+04
4.99800E+00        2.64468671971E+04
5.00400E+00        2.63950667957E+04
5.01000E+00        2.63434146577E+04
5.01600E+00        2.62919102364E+04
5.02200E+00        2.62405529881E+04
5.02800E+00        2.61893423710E+04
5.03400E+00        2.61382778458E+04
5.04000E+00        2.60873588758E+04
5.04600E+00        2.60365849263E+04
5.05200E+00        2.59859554651E+04
5.05800E+00        2.59354699625E+04
5.06400E+00        2.58851278907E+04
5.07000E+00        2.58349287246E+04
5.07600E+00        2.57848719411E+04
5.08200E+00        2.57349570197E+04
5.08800E+00        2.56851834418E+04
5.09400E+00        2.56355506913E+04
5.10000E+00        2.55860582543E+04
5.10600E+00        2.55367056191E+04
5.11200E+00        2.54874922762E+04
5.11800E+00        2.54384177185E+04
5.12400E+00        2.53894814409E+04
5.13000E+00        2.53406829405E+04
5.13600E+00        2.52920217168E+04
5.14200E+00        2.52434972711E+04
5.14800E+00        2.51951091072E+04
5.15400E+00        2.51468567310E+04
5.16000E+00        2.50987396503E+04
5.16600E+00        2.50507573753E+04
5.17200E+00        2.50029094182E+04
5.17800E+00        2.49551952934E+04
5.18400E+00        2.49076145173E+04
5.19000E+00        2.48601666083E+04
5.19600E+00        2.48128510871E+04
5.20200E+00        2.47656674764E+04
5.20800E+00        2.47186153008E+04
5.21400E+00        2.46716940873E+04
5.22000E+00        2.46249033645E+04
5.22600E+00        2.45782426633E+04
5.23200E+00        2.45317115166E+04
5.23800E+00        2.44853094593E+04
5.24400E+00        2.44390360282E+04
5.25000E+00        2.43928907622E+04
5.25600E+00        2.43468732021E+04
5.26200E+00        2.43009828908E+04
5.26800E+00        2.42552193731E+04
5.27400E+00        2.42095821957E+04
5.28000E+00        2.41640709072E+04
5.28600E+00        2.41186850582E+04
5.29200E+00        2.40734242014E+04
5.29800E+00        2.40282878911E+04
5.30400E+00        2.39832756836E+04
5.31000E+00        2.39383871374E+04
5.31600E+00        2.38936218124E+04
5.32200E+00        2.38489792707E+04
5.32800E+00        2.38044590761E+04
5.33400E+00        2.37600607945E+04
5.34000E+00        2.37157839934E+04
5.34600E+00        2.36716282423E+04
5.35200E+00        2.36275931123E+04
5.35800E+00        2.35836781767E+04
5.36400E+00        2.35398830103E+04
5.37000E+00        2.34962071899E+04
5.37600E+00        2.34526502939E+04
5.38200E+00        2.34092119026E+04
5.38800E+00        2.33658915983E+04
5.39400E+00        2.33226889646E+04
5.40000E+00        2.32796035872E+04
5.40600E+00        2.32366350536E+04
5.41200E+00        2.31937829527E+04
5.41800E+00        2.31510468756E+04
5.42400E+00        2.31084264148E+04
5.43000E+00        2.30659211645E+04
5.43600E+00        2.30235307209E+04
5.44200E+00        2.29812546817E+04
5.44800E+00        2.29390926463E+04
5.45400E+00        2.28970442157E+04
5.46000E+00        2.28551089929E+04
5.46600E+00        2.28132865823E+04
5.47200E+00        2.27715765901E+04
5.47800E+00        2.27299786239E+04
5.48400E+00        2.26884922934E+04
5.49000E+00        2.26471172095E+04
5.49600E+00        2.26058529850E+04
5.50200E+00        2.25646992343E+04
5.50800E+00        2.25236555732E+04
5.51400E+00        2.24827216194E+04
5.52000E+00        2.24418969921E+04
5.52600E+00        2.24011813120E+04
5.53200E+00        2.23605742014E+04
5.53800E+00        2.23200752844E+04
5.54400E+00        2.22796841865E+04
5.55000E+00        2.22394005346E+04
5.55600E+00        2.21992239574E+04
5.56200E+00        2.21591540852E+04
5.56800E+00        2.21191905496E+04
5.57400E+00        2.20793329839E+04
5.58000E+00        2.20395810229E+04
5.58600E+00        2.19999343029E+04
5.59200E+00        2.19603924617E+04
5.59800E+00        2.19209551387E+04
5.60400E+00        2.18816219745E+04
5.61000E+00        2.18423926117E+04
5.61600E+00        2.18032666940E+04
5.62200E+00        2.17642438665E+04
5.62800E+00        2.17253237762E+04
5.63400E+00        2.16865060713E+04
5.64000E+00        2.16477904012E+04
5.64600E+00        2.16091764173E+04
5.65200E+00        2.15706637721E+04
5.65800E+00        2.15322521195E+04
5.66400E+00        2.14939411150E+04
5.67000E+00        2.14557304154E+04
5.67600E+00        2.14176196790E+04
5.68200E+00        2.13796085655E+04
5.68800E+00        2.13416967359E+04
5.69400E+00        2.13038838528E+04
5.70000E+00        2.12661695799E+04
5.70600E+00        2.12285535826E+04
5.71200E+00        2.11910355273E+04
5.71800E+00        2.11536150822E+04
5.72400E+00        2.11162919166E+04
5.73000E+00        2.10790657012E+04
5.73600E+00        2.10419361080E+04
5.74200E+00        2.10049028105E+04
5.74800E+00        2.09679654833E+04
5.75400E+00        2.09311238026E+04
5.76000E+00        2.08943774458E+04
5.76600E+00        2.08577260915E+04
5.77200E+00        2.08211694199E+04
5.77800E+00        2.07847071122E+04
5.78400E+00        2.07483388510E+04
5.79000E+00        2.07120643203E+04
5.79600E+00        2.06758832054E+04
5.80200E+00        2.06397951926E+04
5.80800E+00        2.06037999699E+04
5.81400E+00        2.05678972262E+04
5.82000E+00        2.05320866518E+04
5.82600E+00        2.04963679384E+04
5.83200E+00        2.04607407786E+04
5.83800E+00        2.04252048667E+04
5.84400E+00        2.03897598979E+04
5.85000E+00        2.03544055688E+04
5.85600E+00        2.03191415770E+04
5.86200E+00        2.02839676217E+04
5.86800E+00        2.02488834030E+04
5.87400E+00        2.02138886224E+04
5.88000E+00        2.01789829824E+04
5.88600E+00        2.01441661870E+04
5.89200E+00        2.01094379411E+04
5.89800E+00        2.00747979510E+04
5.90400E+00        2.00402459241E+04
5.91000E+00        2.00057815688E+04
5.91600E+00        1.99714045951E+04
5.92200E+00        1.99371147138E+04
5.92800E+00        1.99029116370E+04
5.93400E+00        1.98687950780E+04
5.94000E+00        1.98347647511E+04
5.94600E+00        1.98008203718E+04
5.95200E+00        1.97669616569E+04
5.95800E+00        1.97331883241E+04
5.96400E+00        1.96995000925E+04
5.97000E+00        1.96658966820E+04
5.97600E+00        1.96323778139E+04
5.98200E+00        1.95989432104E+04
5.98800E+00        1.95655925950E+04
5.99400E+00        1.95323256922E+04
6.00000E+00        1.94991422276E+04
6.00600E+00        1.94660419279E+04
6.01200E+00        1.94330245210E+04
6.01800E+00        1.94000897356E+04
6.02400E+00        1.93672373018E+04
6.03000E+00        1.93344669507E+04
6.03600E+00        1.93017784142E+04
6.04200E+00        1.92691714256E+04
6.04800E+00        1.92366457191E+04
6.05400E+00        1.92042010300E+04
6.06000E+00        1.91718370946E+04
6.06600E+00        1.91395536503E+04
6.07200E+00        1.91073504356E+04
6.07800E+00        1.90752271899E+04
6.08400E+00        1.90431836536E+04
6.09000E+00        1.90112195683E+04
6.09600E+00        1.89793346765E+04
6.10200E+00        1.89475287217E+04
6.10800E+00        1.89158014486E+04
6.11400E+00        1.88841526027E+04
6.12000E+00        1.88525819305E+04
6.12600E+00        1.88210891796E+04
6.13200E+00        1.87896740987E+04
6.13800E+00        1.87583364372E+04
6.14400E+00        1.87270759456E+04
6.15000E+00        1.86958923756E+04
6.15600E+00        1.86647854795E+04
6.16200E+00        1.86337550108E+04
6.16800E+00        1.86028007241E+04
6.17400E+00        1.85719223746E+04
6.18000E+00        1.85411197187E+04
6.18600E+00        1.85103925137E+04
6.19200E+00        1.84797405179E+04
6.19800E+00        1.84491634904E+04
6.20400E+00        1.84186611914E+04
6.21000E+00        1.83882333820E+04
6.21600E+00        1.83578798242E+04
6.22200E+00        1.83276002808E+04
6.22800E+00        1.82973945158E+04
6.23400E+00        1.82672622940E+04
6.24000E+00        1.82372033810E+04
6.24600E+00        1.82072175434E+04
6.25200E+00        1.81773045487E+04
6.25800E+00        1.81474641654E+04
6.26400E+00        1.81176961627E+04
6.27000E+00        1.80880003109E+04
6.27600E+00        1.80583763811E+04
6.28200E+00        1.80288241452E+04
6.28800E+00        1.79993433761E+04
6.29400E+00        1.79699338475E+04
6.30000E+00        1.79405953341E+04
6.30600E+00        1.79113276114E+04
6.31200E+00        1.78821304557E+04
6.31800E+00        1.78530036442E+04
6.32400E+00        1.78239469550E+04
6.33000E+00        1.77949601671E+04
6.33600E+00        1.77660430602E+04
6.34200E+00        1.77371954150E+04
6.34800E+00        1.77084170129E+04
6.35400E+00        1.76797076363E+04
6.36000E+00        1.76510670683E+04
6.36600E+00        1.76224950929E+04
6.37200E+00        1.75939914949E+04
6.37800E+00        1.75655560600E+04
6.38400E+00        1.75371885746E+04
6.39000E+00        1.75088888259E+04
6.39600E+00        1.74806566022E+04
6.40200E+00        1.74524916923E+04
6.40800E+00        1.74243938858E+04
6.41400E+00        1.73963629734E+04
6.42000E+00        1.73683987463E+04
6.42600E+00        1.73405009967E+04
6.43200E+00        1.73126695174E+04
6.43800E+00        1.72849041022E+04
6.44400E+00        1.72572045454E+04
6.45000E+00        1.72295706425E+04
6.45600E+00        1.72020021893E+04
6.46200E+00        1.71744989828E+04
6.46800E+00        1.71470608205E+04
6.47400E+00        1.71196875008E+04
6.48000E+00        1.70923788227E+04
6.48600E+00        1.70651345862E+04
6.49200E+00        1.70379545919E+04
6.49800E+00        1.70108386412E+04
6.50400E+00        1.69837865362E+04
6.51000E+00        1.69567980799E+04
6.51600E+00        1.69298730758E+04
6.52200E+00        1.69030113284E+04
6.52800E+00        1.68762126428E+04
6.53400E+00        1.68494768247E+04
6.54000E+00        1.68228036809E+04
6.54600E+00        1.67961930186E+04
6.55200E+00        1.67696446458E+04
6.55800E+00        1.67431583714E+04
6.56400E+00        1.67167340047E+04
6.57000E+00        1.66903713560E+04
6.57600E+00        1.66640702362E+04
6.58200E+00        1.66378304570E+04
6.58800E+00        1.66116518305E+04
6.59400E+00        1.65855341699E+04
6.60000E+00        1.65594772890E+04
6.60600E+00        1.65334810020E+04
6.61200E+00        1.65075451241E+04
6.61800E+00        1.64816694713E+04
6.62400E+00        1.64558538598E+04
6.63000E+00        1.64300981070E+04
6.63600E+00        1.64044020306E+04
6.64200E+00        1.63787654493E+04
6.64800E+00        1.63531881823E+04
6.65400E+00        1.63276700494E+04
6.66000E+00        1.63022108712E+04
6.66600E+00        1.62768104689E+04
6.67200E+00        1.62514686645E+04
6.67800E+00        1.62261852805E+04
6.68400E+00        1.62009601402E+04
6.69000E+00        1.61757930673E+04
6.69600E+00        1.61506838864E+04
6.70200E+00        1.61256324227E+04
6.70800E+00        1.61006385020E+04
6.71400E+00        1.60757019508E+04
6.72000E+00        1.60508225962E+04
6.72600E+00        1.60260002659E+04
6.73200E+00        1.60012347884E+04
6.73800E+00        1.59765259925E+04
6.74400E+00        1.59518737081E+04
6.75000E+00        1.59272777653E+04
6.75600E+00        1.59027379951E+04
6.76200E+00        1.58782542290E+04
6.76800E+00        1.58538262991E+04
6.77400E+00        1.58294540382E+04
6.78000E+00        1.58051372797E+04
6.78600E+00        1.57808758575E+04
6.79200E+00        1.57566696063E+04
6.79800E+00        1.57325183613E+04
6.80400E+00        1.57084219582E+04
6.81000E+00        1.56843802335E+04
6.81600E+00        1.56603930242E+04
6.82200E+00        1.56364601679E+04
6.82800E+00        1.56125815027E+04
6.83400E+00        1.55887568676E+04
6.84000E+00        1.55649861018E+04
6.84600E+00        1.55412690453E+04
6.85200E+00        1.55176055387E+04
6.85800E+00        1.54939954230E+04
6.86400E+00        1.54704385401E+04
6.87000E+00        1.54469347322E+04
6.87600E+00        1.54234838421E+04
6.88200E+00        1.54000857133E+04
6.88800E+00        1.53767401898E+04
6.89400E+00        1.53534471161E+04
6.90000E+00        1.53302063374E+04
6.90600E+00        1.53070176993E+04
6.91200E+00        1.52838810482E+04
6.91800E+00        1.52607962307E+04
6.92400E+00        1.52377630944E+04
6.93000E+00        1.52147814870E+04
6.93600E+00        1.51918512570E+04
6.94200E+00        1.51689722535E+04
6.94800E+00        1.51461443261E+04
6.95400E+00        1.51233673247E+04
6.96000E+00        1.51006411001E+04
6.96600E+00        1.50779655034E+04
6.97200E+00        1.50553403864E+04
6.97800E+00        1.50327656012E+04
6.98400E+00        1.50102410007E+04
6.99000E+00        1.49877664382E+04
6.99600E+00        1.49653417674E+04
7.00200E+00        1.49429668429E+04
7.00800E+00        1.49206415193E+04
7.01400E+00        1.48983656522E+04
7.02000E+00        1.48761390975E+04
7.02600E+00        1.48539617116E+04
7.03200E+00        1.48318333514E+04
7.03800E+00        1.48097538744E+04
7.04400E+00        1.47877231386E+04
7.05000E+00        1.47657410025E+04
7.05600E+00        1.47438073250E+04
7.06200E+00        1.47219219656E+04
7.06800E+00        1.47000847843E+04
7.07400E+00        1.46782956416E+04
7.08000E+00        1.46565543986E+04
7.08600E+00        1.46348609165E+04
7.09200E+00        1.46132150575E+04
7.09800E+00        1.45916166839E+04
7.10400E+00        1.45700656588E+04
7.11000E+00        1.45485618456E+04
7.11600E+00        1.45271051082E+04
7.12200E+00        1.45056953109E+04
7.12800E+00        1.44843323187E+04
7.13400E+00        1.44630159970E+04
7.14000E+00        1.44417462115E+04
7.14600E+00        1.44205228286E+04
7.15200E+00        1.43993457151E+04
7.15800E+00        1.43782147382E+04
7.16400E+00        1.43571297656E+04
7.17000E+00        1.43360906656E+04
7.17600E+00        1.43150973067E+04
7.18200E+00        1.42941495582E+04
7.18800E+00        1.42732472896E+04
7.19400E+00        1.42523903708E+04
7.20000E+00        1.42315786725E+04
7.20600E+00        1.42108120656E+04
7.21200E+00        1.41900904214E+04
7.21800E+00        1.41694136118E+04
7.22400E+00        1.41487815092E+04
7.23000E+00        1.41281939862E+04
7.23600E+00        1.41076509162E+04
7.24200E+00        1.40871521726E+04
7.24800E+00        1.40666976296E+04
7.25400E+00        1.40462871617E+04
7.26000E+00        1.40259206439E+04
7.26600E+00        1.40055979516E+04
7.27200E+00        1.39853189606E+04
7.27800E+00        1.39650835472E+04
7.28400E+00        1.39448915880E+04
7.29000E+00        1.39247429603E+04
7.29600E+00        1.39046375415E+04
7.30200E+00        1.38845752096E+04
7.30800E+00        1.38645558431E+04
7.31400E+00        1.38445793208E+04
7.32000E+00        1.38246455218E+04
7.32600E+00        1.38047543260E+04
7.33200E+00        1.37849056133E+04
7.33800E+00        1.37650992643E+04
7.34400E+00        1.37453351599E+04
7.35000E+00        1.37256131814E+04
7.35600E+00        1.37059332106E+04
7.36200E+00        1.36862951295E+04
7.36800E+00        1.36666988208E+04
7.37400E+00        1.36471441674E+04
7.38000E+00        1.36276310527E+04
7.38600E+00        1.36081593604E+04
7.39200E+00        1.35887289747E+04
7.39800E+00        1.35693397802E+04
7.40400E+00        1.35499916618E+04
7.41000E+00        1.35306845050E+04
7.41600E+00        1.35114181953E+04
7.42200E+00        1.34921926191E+04
7.42800E+00        1.34730076628E+04
7.43400E+00        1.34538632133E+04
7.44000E+00        1.34347591580E+04
7.44600E+00        1.34156953846E+04
7.45200E+00        1.33966717812E+04
7.45800E+00        1.33776882361E+04
7.46400E+00        1.33587446383E+04
7.47000E+00        1.33398408771E+04
7.47600E+00        1.33209768419E+04
7.48200E+00        1.33021524228E+04
7.48800E+00        1.32833675102E+04
7.49400E+00        1.32646219948E+04
7.50000E+00        1.32459157677E+04
7.50600E+00        1.32272487204E+04
7.51200E+00        1.32086207446E+04
7.51800E+00        1.31900317328E+04
7.52400E+00        1.31714815773E+04
7.53000E+00        1.31529701712E+04
7.53600E+00        1.31344974078E+04
7.54200E+00        1.31160631808E+04
7.54800E+00        1.30976673842E+04
7.55400E+00        1.30793099123E+04
7.56000E+00        1.30609906600E+04
7.56600E+00        1.30427095223E+04
7.57200E+00        1.30244663947E+04
7.57800E+00        1.30062611731E+04
7.58400E+00        1.29880937535E+04
7.59000E+00        1.29699640326E+04
7.59600E+00        1.29518719071E+04
7.60200E+00        1.29338172743E+04
7.60800E+00        1.29158000318E+04
7.61400E+00        1.28978200775E+04
7.62000E+00        1.28798773095E+04
7.62600E+00        1.28619716266E+04
7.63200E+00        1.28441029277E+04
7.63800E+00        1.28262711119E+04
7.64400E+00        1.28084760790E+04
7.65000E+00        1.27907177289E+04
7.65600E+00        1.27729959619E+04
7.66200E+00        1.27553106785E+04
7.66800E+00        1.27376617798E+04
7.67400E+00        1.27200491671E+04
7.68000E+00        1.27024727419E+04
7.68600E+00        1.26849324061E+04
7.69200E+00        1.26674280622E+04
7.69800E+00        1.26499596126E+04
7.70400E+00        1.26325269604E+04
7.71000E+00        1.26151300086E+04
7.71600E+00        1.25977686610E+04
7.72200E+00        1.25804428214E+04
7.72800E+00        1.25631523940E+04
7.73400E+00        1.25458972833E+04
7.74000E+00        1.25286773943E+04
7.74600E+00        1.25114926320E+04
7.75200E+00        1.24943429020E+04
7.75800E+00        1.24772281100E+04
7.76400E+00        1.24601481621E+04
7.77000E+00        1.24431029649E+04
7.77600E+00        1.24260924249E+04
7.78200E+00        1.24091164492E+04
7.78800E+00        1.23921749453E+04
7.79400E+00        1.23752678206E+04
7.80000E+00        1.23583949833E+04
7.80600E+00        1.23415563415E+04
7.81200E+00        1.23247518038E+04
7.81800E+00        1.23079812791E+04
7.82400E+00        1.22912446766E+04
7.83000E+00        1.22745419057E+04
7.83600E+00        1.22578728761E+04
7.84200E+00        1.22412374981E+04
7.84800E+00        1.22246356818E+04
7.85400E+00        1.22080673379E+04
7.86000E+00        1.21915323775E+04
7.86600E+00        1.21750307118E+04
7.87200E+00        1.21585622521E+04
7.87800E+00        1.21421269105E+04
7.88400E+00        1.21257245990E+04
7.89000E+00        1.21093552301E+04
7.89600E+00        1.20930187162E+04
7.90200E+00        1.20767149706E+04
7.90800E+00        1.20604439064E+04
7.91400E+00        1.20442054371E+04
7.92000E+00        1.20279994766E+04
7.92600E+00        1.20118259390E+04
7.93200E+00        1.19956847387E+04
7.93800E+00        1.19795757902E+04
7.94400E+00        1.19634990087E+04
7.95000E+00        1.19474543092E+04
7.95600E+00        1.19314416073E+04
7.96200E+00        1.19154608188E+04
7.96800E+00        1.18995118596E+04
7.97400E+00        1.18835946462E+04
7.98000E+00        1.18677090951E+04
7.98600E+00        1.18518551231E+04
7.99200E+00        1.18360326474E+04
7.99800E+00        1.18202415853E+04
8.00400E+00        1.18044818546E+04
8.01000E+00        1.17887533732E+04
8.01600E+00        1.17730560593E+04
8.02200E+00        1.17573898313E+04
8.02800E+00        1.17417546079E+04
8.03400E+00        1.17261503082E+04
8.04000E+00        1.17105768514E+04
8.04600E+00        1.16950341569E+04
8.05200E+00        1.16795221447E+04
8.05800E+00        1.16640407346E+04
8.06400E+00        1.16485898471E+04
8.07000E+00        1.16331694025E+04
8.07600E+00        1.16177793218E+04
8.08200E+00        1.16024195259E+04
8.08800E+00        1.15870899363E+04
8.09400E+00        1.15717904743E+04
8.10000E+00        1.15565210619E+04
8.10600E+00        1.15412816212E+04
8.11200E+00        1.15260720743E+04
8.11800E+00        1.15108923439E+04
8.12400E+00        1.14957423528E+04
8.13000E+00        1.14806220241E+04
8.13600E+00        1.14655312810E+04
8.14200E+00        1.14504700471E+04
8.14800E+00        1.14354382461E+04
8.15400E+00        1.14204358022E+04
8.16000E+00        1.14054626395E+04
8.16600E+00        1.13905186827E+04
8.17200E+00        1.13756038564E+04
8.17800E+00        1.13607180857E+04
8.18400E+00        1.13458612958E+04
8.19000E+00        1.13310334121E+04
8.19600E+00        1.13162343605E+04
8.20200E+00        1.13014640667E+04
8.20800E+00        1.12867224571E+04
8.21400E+00        1.12720094580E+04
8.22000E+00        1.12573249961E+04
8.22600E+00        1.12426689982E+04
8.23200E+00        1.12280413915E+04
8.23800E+00        1.12134421034E+04
8.24400E+00        1.11988710613E+04
8.25000E+00        1.11843281931E+04
8.25600E+00        1.11698134268E+04
8.26200E+00        1.11553266908E+04
8.26800E+00        1.11408679134E+04
8.27400E+00        1.11264370233E+04
8.28000E+00        1.11120339497E+04
8.28600E+00        1.10976586214E+04
8.29200E+00        1.10833109681E+04
8.29800E+00        1.10689909192E+04
8.30400E+00        1.10546984046E+04
8.31000E+00        1.10404333544E+04
8.31600E+00        1.10261956988E+04
8.32200E+00        1.10119853683E+04
8.32800E+00        1.09978022936E+04
8.33400E+00        1.09836464056E+04
8.34000E+00        1.09695176354E+04
8.34600E+00        1.09554159145E+04
8.35200E+00        1.09413411744E+04
8.35800E+00        1.09272933468E+04
8.36400E+00        1.09132723639E+04
8.37000E+00        1.08992781576E+04
8.37600E+00        1.08853106606E+04
8.38200E+00        1.08713698055E+04
8.38800E+00        1.08574555250E+04
8.39400E+00        1.08435677522E+04
8.40000E+00        1.08297064204E+04
8.40600E+00        1.08158714630E+04
8.41200E+00        1.08020628138E+04
8.41800E+00        1.07882804066E+04
8.42400E+00        1.07745241755E+04
8.43000E+00        1.07607940548E+04
8.43600E+00        1.07470899790E+04
8.44200E+00        1.07334118827E+04
8.44800E+00        1.07197597010E+04
8.45400E+00        1.07061333688E+04
8.46000E+00        1.06925328215E+04
8.46600E+00        1.06789579947E+04
8.47200E+00        1.06654088239E+04
8.47800E+00        1.06518852452E+04
8.48400E+00        1.06383871946E+04
8.49000E+00        1.06249146083E+04
8.49600E+00        1.06114674231E+04
8.50200E+00        1.05980455754E+04
8.50800E+00        1.05846490022E+04
8.51400E+00        1.05712776405E+04
8.52000E+00        1.05579314277E+04
8.52600E+00        1.05446103013E+04
8.53200E+00        1.05313141988E+04
8.53800E+00        1.05180430582E+04
8.54400E+00        1.05047968174E+04
8.55000E+00        1.04915754147E+04
8.55600E+00        1.04783787886E+04
8.56200E+00        1.04652068777E+04
8.56800E+00        1.04520596207E+04
8.57400E+00        1.04389369566E+04
8.58000E+00        1.04258388246E+04
8.58600E+00        1.04127651642E+04
8.59200E+00        1.03997159147E+04
8.59800E+00        1.03866910160E+04
8.60400E+00        1.03736904080E+04
8.61000E+00        1.03607140308E+04
8.61600E+00        1.03477618246E+04
8.62200E+00        1.03348337300E+04
8.62800E+00        1.03219296875E+04
8.63400E+00        1.03090496381E+04
8.64000E+00        1.02961935226E+04
8.64600E+00        1.02833612824E+04
8.65200E+00        1.02705528587E+04
8.65800E+00        1.02577681931E+04
8.66400E+00        1.02450072274E+04
8.67000E+00        1.02322699034E+04
8.67600E+00        1.02195561632E+04
8.68200E+00        1.02068659490E+04
8.68800E+00        1.01941992034E+04
8.69400E+00        1.01815558688E+04
8.70000E+00        1.01689358881E+04
8.70600E+00        1.01563392042E+04
8.71200E+00        1.01437657603E+04
8.71800E+00        1.01312154995E+04
8.72400E+00        1.01186883655E+04
8.73000E+00        1.01061843018E+04
8.73600E+00        1.00937032522E+04
8.74200E+00        1.00812451607E+04
8.74800E+00        1.00688099715E+04
8.75400E+00        1.00563976288E+04
8.76000E+00        1.00440080772E+04
8.76600E+00        1.00316412612E+04
8.77200E+00        1.00192971258E+04
8.77800E+00        1.00069756158E+04
8.78400E+00        9.99467667646E+03
8.79000E+00        9.98240025305E+03
8.79600E+00        9.97014629105E+03
8.80200E+00        9.95791473609E+03
8.80800E+00        9.94570553397E+03
8.81400E+00        9.93351863066E+03
8.82000E+00        9.92135397227E+03
8.82600E+00        9.90921150510E+03
8.83200E+00        9.89709117559E+03
8.83800E+00        9.88499293035E+03
8.84400E+00        9.87291671614E+03
8.85000E+00        9.86086247988E+03
8.85600E+00        9.84883016867E+03
8.86200E+00        9.83681972974E+03
8.86800E+00        9.82483111048E+03
8.87400E+00        9.81286425846E+03
8.88000E+00        9.80091912138E+03
8.88600E+00        9.78899564712E+03
8.89200E+00        9.77709378368E+03
8.89800E+00        9.76521347926E+03
8.90400E+00        9.75335468217E+03
8.91000E+00        9.74151734091E+03
8.91600E+00        9.72970140411E+03
8.92200E+00        9.71790682056E+03
8.92800E+00        9.70613353919E+03
8.93400E+00        9.69438150911E+03
8.94000E+00        9.68265067955E+03
8.94600E+00        9.67094099990E+03
8.95200E+00        9.65925241972E+03
8.95800E+00        9.64758488869E+03
8.96400E+00        9.63593835664E+03
8.97000E+00        9.62431277358E+03
8.97600E+00        9.61270808964E+03
8.98200E+00        9.60112425509E+03
8.98800E+00        9.58956122038E+03
8.99400E+00        9.57801893606E+03
9.00000E+00        9.56649735288E+03
9.00600E+00        9.55499642169E+03
9.01200E+00        9.54351609350E+03
9.01800E+00        9.53205631947E+03
9.02400E+00        9.52061705090E+03
9.03000E+00        9.50919823922E+03
9.03600E+00        9.49779983603E+03
9.04200E+00        9.48642179305E+03
9.04800E+00        9.47506406214E+03
9.05400E+00        9.46372659532E+03
9.06000E+00        9.45240934474E+03
9.06600E+00        9.44111226267E+03
9.07200E+00        9.42983530156E+03
9.07800E+00        9.41857841397E+03
9.08400E+00        9.40734155261E+03
9.09000E+00        9.39612467031E+03
9.09600E+00        9.38492772007E+03
9.10200E+00        9.37375065500E+03
9.10800E+00        9.36259342836E+03
9.11400E+00        9.35145599354E+03
9.12000E+00        9.34033830407E+03
9.12600E+00        9.32924031361E+03
9.13200E+00        9.31816197596E+03
9.13800E+00        9.30710324506E+03
9.14400E+00        9.29606407496E+03
9.15000E+00        9.28504441987E+03
9.15600E+00        9.27404423412E+03
9.16200E+00        9.26306347217E+03
9.16800E+00        9.25210208863E+03
9.17400E+00        9.24116003822E+03
9.18000E+00        9.23023727581E+03
9.18600E+00        9.21933375637E+03
9.19200E+00        9.20844943504E+03
9.19800E+00        9.19758426706E+03
9.20400E+00        9.18673820781E+03
9.21000E+00        9.17591121280E+03
9.21600E+00        9.16510323768E+03
9.22200E+00        9.15431423820E+03
9.22800E+00        9.14354417025E+03
9.23400E+00        9.13279298986E+03
9.24000E+00        9.12206065317E+03
9.24600E+00        9.11134711646E+03
9.25200E+00        9.10065233612E+03
9.25800E+00        9.08997626868E+03
9.26400E+00        9.07931887079E+03
9.27000E+00        9.06868009922E+03
9.27600E+00        9.05805991087E+03
9.28200E+00        9.04745826276E+03
9.28800E+00        9.03687511203E+03
9.29400E+00        9.02631041595E+03
9.30000E+00        9.01576413191E+03
9.30600E+00        9.00523621743E+03
9.31200E+00        8.99472663013E+03
9.31800E+00        8.98423532778E+03
9.32400E+00        8.97376226824E+03
9.33000E+00        8.96330740951E+03
9.33600E+00        8.95287070971E+03
9.34200E+00        8.94245212708E+03
9.34800E+00        8.93205161996E+03
9.35400E+00        8.92166914683E+03
9.36000E+00        8.91130466628E+03
9.36600E+00        8.90095813703E+03
9.37200E+00        8.89062951789E+03
9.37800E+00        8.88031876782E+03
9.38400E+00        8.87002584587E+03
9.39000E+00        8.85975071121E+03
9.39600E+00        8.84949332316E+03
9.40200E+00        8.83925364110E+03
9.40800E+00        8.82903162457E+03
9.41400E+00        8.81882723320E+03
9.42000E+00        8.80864042674E+03
9.42600E+00        8.79847116508E+03
9.43200E+00        8.78831940817E+03
9.43800E+00        8.77818511612E+03
9.44400E+00        8.76806824914E+03
9.45000E+00        8.75796876754E+03
9.45600E+00        8.74788663176E+03
9.46200E+00        8.73782180233E+03
9.46800E+00        8.72777423992E+03
9.47400E+00        8.71774390528E+03
9.48000E+00        8.70773075929E+03
9.48600E+00        8.69773476294E+03
9.49200E+00        8.68775587733E+03
9.49800E+00        8.67779406366E+03
9.50400E+00        8.66784928324E+03
9.51000E+00        8.65792149750E+03
9.51600E+00        8.64801066797E+03
9.52200E+00        8.63811675629E+03
9.52800E+00        8.62823972421E+03
9.53400E+00        8.61837953358E+03
9.54000E+00        8.60853614636E+03
9.54600E+00        8.59870952462E+03
9.55200E+00        8.58889963053E+03
9.55800E+00        8.57910642639E+03
9.56400E+00        8.56932987456E+03
9.57000E+00        8.55956993755E+03
9.57600E+00        8.54982657795E+03
9.58200E+00        8.54009975846E+03
9.58800E+00        8.53038944188E+03
9.59400E+00        8.52069559112E+03
9.60000E+00        8.51101816920E+03
9.60600E+00        8.50135713922E+03
9.61200E+00        8.49171246441E+03
9.61800E+00        8.48208410809E+03
9.62400E+00        8.47247203368E+03
9.63000E+00        8.46287620470E+03
9.63600E+00        8.45329658478E+03
9.64200E+00        8.44373313765E+03
9.64800E+00        8.43418582712E+03
9.65400E+00        8.42465461713E+03
9.66000E+00        8.41513947172E+03
9.66600E+00        8.40564035499E+03
9.67200E+00        8.39615723119E+03
9.67800E+00        8.38669006463E+03
9.68400E+00        8.37723881974E+03
9.69000E+00        8.36780346105E+03
9.69600E+00        8.35838395317E+03
9.70200E+00        8.34898026083E+03
9.70800E+00        8.33959234884E+03
9.71400E+00        8.33022018211E+03
9.72000E+00        8.32086372565E+03
9.72600E+00        8.31152294458E+03
9.73200E+00        8.30219780409E+03
9.73800E+00        8.29288826949E+03
9.74400E+00        8.28359430616E+03
9.75000E+00        8.27431587960E+03
9.75600E+00        8.26505295540E+03
9.76200E+00        8.25580549922E+03
9.76800E+00        8.24657347685E+03
9.77400E+00        8.23735685416E+03
9.78000E+00        8.22815559709E+03
9.78600E+00        8.21896967172E+03
9.79200E+00        8.20979904418E+03
9.79800E+00        8.20064368072E+03
9.80400E+00        8.19150354767E+03
9.81000E+00        8.18237861145E+03
9.81600E+00        8.17326883859E+03
9.82200E+00        8.16417419569E+03
9.82800E+00        8.15509464945E+03
9.83400E+00        8.14603016666E+03
9.84000E+00        8.13698071421E+03
9.84600E+00        8.12794625906E+03
9.85200E+00        8.11892676828E+03
9.85800E+00        8.10992220902E+03
9.86400E+00        8.10093254852E+03
9.87000E+00        8.09195775411E+03
9.87600E+00        8.08299779321E+03
9.88200E+00        8.07405263334E+03
9.88800E+00        8.06512224208E+03
9.89400E+00        8.05620658712E+03
9.90000E+00        8.04730563624E+03
9.90600E+00        8.03841935728E+03
9.91200E+00        8.02954771821E+03
9.91800E+00        8.02069068706E+03
9.92400E+00        8.01184823194E+03
9.93000E+00        8.00302032106E+03
9.93600E+00        7.99420692272E+03
9.94200E+00        7.98540800530E+03
9.94800E+00        7.97662353725E+03
9.95400E+00        7.96785348714E+03
9.96000E+00        7.95909782358E+03
9.96600E+00        7.95035651532E+03
9.97200E+00        7.94162953114E+03
9.97800E+00        7.93291683994E+03
9.98400E+00        7.92421841069E+03
9.99000E+00        7.91553421244E+03
9.99600E+00        7.90686421434E+03
1.00020E+01        7.89820838560E+03
1.00080E+01        7.88956669554E+03
1.00140E+01        7.88093911353E+03
1.00200E+01        7.87232560905E+03
1.00260E+01        7.86372615165E+03
1.00320E+01        7.85514071097E+03
1.00380E+01        7.84656925672E+03
1.00440E+01        7.83801175870E+03
1.00500E+01        7.82946818678E+03
1.00560E+01        7.82093851092E+03
1.00620E+01        7.81242270116E+03
1.00680E+01        7.80392072763E+03
1.00740E+01        7.79543256051E+03
1.00800E+01        7.78695817010E+03
1.00860E+01        7.77849752674E+03
1.00920E+01        7.77005060087E+03
1.00980E+01        7.76161736301E+03
1.01040E+01        7.75319778376E+03
1.01100E+01        7.74479183379E+03
1.01160E+01        7.73639948384E+03
1.01220E+01        7.72802070476E+03
1.01280E+01        7.71965546745E+03
1.01340E+01        7.71130374288E+03
1.01400E+01        7.70296550213E+03
1.01460E+01        7.69464071634E+03
1.01520E+01        7.68632935671E+03
1.01580E+01        7.67803139455E+03
1.01640E+01        7.66974680121E+03
1.01700E+01        7.66147554815E+03
1.01760E+01        7.65321760688E+03
1.01820E+01        7.64497294901E+03
1.01880E+01        7.63674154619E+03
1.01940E+01        7.62852337018E+03
1.02000E+01        7.62031839280E+03
1.02060E+01        7.61212658594E+03
1.02120E+01        7.60394792158E+03
1.02180E+01        7.59578237175E+03
1.02240E+01        7.58762990858E+03
1.02300E+01        7.57949050425E+03
1.02360E+01        7.57136413103E+03
1.02420E+01        7.56325076127E+03
1.02480E+01        7.55515036736E+03
1.02540E+01        7.54706292180E+03
1.02600E+01        7.53898839713E+03
1.02660E+01        7.53092676600E+03
1.02720E+01        7.52287800109E+03
1.02780E+01        7.51484207518E+03
1.02840E+01        7.50681896112E+03
1.02900E+01        7.49880863182E+03
1.02960E+01        7.49081106026E+03
1.03020E+01        7.48282621950E+03
1.03080E+01        7.47485408268E+03
1.03140E+01        7.46689462298E+03
1.03200E+01        7.45894781368E+03
1.03260E+01        7.45101362812E+03
1.03320E+01        7.44309203970E+03
1.03380E+01        7.43518302191E+03
1.03440E+01        7.42728654829E+03
1.03500E+01        7.41940259245E+03
1.03560E+01        7.41153112808E+03
1.03620E+01        7.40367212894E+03
1.03680E+01        7.39582556885E+03
1.03740E+01        7.38799142170E+03
1.03800E+01        7.38016966145E+03
1.03860E+01        7.37236026212E+03
1.03920E+01        7.36456319781E+03
1.03980E+01        7.35677844269E+03
1.04040E+01        7.34900597098E+03
1.04100E+01        7.34124575698E+03
1.04160E+01        7.33349777505E+03
1.04220E+01        7.32576199962E+03
1.04280E+01        7.31803840519E+03
1.04340E+01        7.31032696632E+03
1.04400E+01        7.30262765764E+03
1.04460E+01        7.29494045384E+03
1.04520E+01        7.28726532968E+03
1.04580E+01        7.27960226000E+03
1.04640E+01        7.27195121967E+03
1.04700E+01        7.26431218365E+03
1.04760E+01        7.25668512697E+03
1.04820E+01        7.24907002471E+03
1.04880E+01        7.24146685202E+03
1.04940E+01        7.23387558411E+03
1.05000E+01        7.22629619626E+03
1.05060E+01        7.21872866381E+03
1.05120E+01        7.21117296216E+03
1.05180E+01        7.20362906679E+03
1.05240E+01        7.19609695323E+03
1.05300E+01        7.18857659706E+03
1.05360E+01        7.18106797395E+03
1.05420E+01        7.17357105962E+03
1.05480E+01        7.16608582984E+03
1.05540E+01        7.15861226047E+03
1.05600E+01        7.15115032742E+03
1.05660E+01        7.14370000663E+03
1.05720E+01        7.13626127416E+03
1.05780E+01        7.12883410609E+03
1.05840E+01        7.12141847858E+03
1.05900E+01        7.11401436783E+03
1.05960E+01        7.10662175013E+03
1.06020E+01        7.09924060180E+03
1.06080E+01        7.09187089925E+03
1.06140E+01        7.08451261893E+03
1.06200E+01        7.07716573736E+03
1.06260E+01        7.06983023112E+03
1.06320E+01        7.06250607684E+03
1.06380E+01        7.05519325122E+03
1.06440E+01        7.04789173101E+03
1.06500E+01        7.04060149304E+03
1.06560E+01        7.03332251417E+03
1.06620E+01        7.02605477133E+03
1.06680E+01        7.01879824153E+03
1.06740E+01        7.01155290180E+03
1.06800E+01        7.00431872926E+03
1.06860E+01        6.99709570108E+03
1.06920E+01        6.98988379448E+03
1.06980E+01        6.98268298675E+03
1.07040E+01        6.97549325521E+03
1.07100E+01        6.96831457728E+03
1.07160E+01        6.96114693041E+03
1.07220E+01        6.95399029211E+03
1.07280E+01        6.94684463994E+03
1.07340E+01        6.93970995155E+03
1.07400E+01        6.93258620460E+03
1.07460E+01        6.92547337684E+03
1.07520E+01        6.91837144606E+03
1.07580E+01        6.91128039012E+03
1.07640E+01        6.90420018693E+03
1.07700E+01        6.89713081444E+03
1.07760E+01        6.89007225068E+03
1.07820E+01        6.88302447372E+03
1.07880E+01        6.87598746169E+03
1.07940E+01        6.86896119278E+03
1.08000E+01        6.86194564523E+03
1.08060E+01        6.85494079733E+03
1.08120E+01        6.84794662743E+03
1.08180E+01        6.84096311393E+03
1.08240E+01        6.83399023530E+03
1.08300E+01        6.82702797004E+03
1.08360E+01        6.82007629673E+03
1.08420E+01        6.81313519398E+03
1.08480E+01        6.80620464046E+03
1.08540E+01        6.79928461491E+03
1.08600E+01        6.79237509610E+03
1.08660E+01        6.78547606287E+03
1.08720E+01        6.77858749411E+03
1.08780E+01        6.77170936875E+03
1.08840E+01        6.76484166578E+03
1.08900E+01        6.75798436426E+03
1.08960E+01        6.75113744328E+03
1.09020E+01        6.74430088198E+03
1.09080E+01        6.73747465958E+03
1.09140E+01        6.73065875532E+03
1.09200E+01        6.72385314851E+03
1.09260E+01        6.71705781850E+03
1.09320E+01        6.71027274471E+03
1.09380E+01        6.70349790660E+03
1.09440E+01        6.69673328366E+03
1.09500E+01        6.68997885548E+03
1.09560E+01        6.68323460165E+03
1.09620E+01        6.67650050184E+03
1.09680E+01        6.66977653577E+03
1.09740E+01        6.66306268321E+03
1.09800E+01        6.65635892395E+03
1.09860E+01        6.64966523788E+03
1.09920E+01        6.64298160490E+03
1.09980E+01        6.63630800498E+03
1.10040E+01        6.62964441813E+03
1.10100E+01        6.62299082441E+03
1.10160E+01        6.61634720395E+03
1.10220E+01        6.60971353689E+03
1.10280E+01        6.60308980346E+03
1.10340E+01        6.59647598391E+03
1.10400E+01        6.58987205855E+03
1.10460E+01        6.58327800773E+03
1.10520E+01        6.57669381187E+03
1.10580E+01        6.57011945142E+03
1.10640E+01        6.56355490688E+03
1.10700E+01        6.55700015880E+03
1.10760E+01        6.55045518779E+03
1.10820E+01        6.54391997447E+03
1.10880E+01        6.53739449956E+03
1.10940E+01        6.53087874379E+03
1.11000E+01        6.52437268795E+03
1.11060E+01        6.51787631287E+03
1.11120E+01        6.51138959945E+03
1.11180E+01        6.50491252860E+03
1.11240E+01        6.49844508131E+03
1.11300E+01        6.49198723860E+03
1.11360E+01        6.48553898154E+03
1.11420E+01        6.47910029125E+03
1.11480E+01        6.47267114888E+03
1.11540E+01        6.46625153565E+03
1.11600E+01        6.45984143281E+03
1.11660E+01        6.45344082167E+03
1.11720E+01        6.44704968357E+03
1.11780E+01        6.44066799990E+03
1.11840E+01        6.43429575209E+03
1.11900E+01        6.42793292164E+03
1.11960E+01        6.42157949007E+03
1.12020E+01        6.41523543895E+03
1.12080E+01        6.40890074990E+03
1.12140E+01        6.40257540459E+03
1.12200E+01        6.39625938471E+03
1.12260E+01        6.38995267203E+03
1.12320E+01        6.38365524834E+03
1.12380E+01        6.37736709548E+03
1.12440E+01        6.37108819533E+03
1.12500E+01        6.36481852983E+03
1.12560E+01        6.35855808094E+03
1.12620E+01        6.35230683069E+03
1.12680E+01        6.34606476112E+03
1.12740E+01        6.33983185436E+03
1.12800E+01        6.33360809254E+03
1.12860E+01        6.32739345785E+03
1.12920E+01        6.32118793253E+03
1.12980E+01        6.31499149886E+03
1.13040E+01        6.30880413915E+03
1.13100E+01        6.30262583576E+03
1.13160E+01        6.29645657111E+03
1.13220E+01        6.29029632763E+03
1.13280E+01        6.28414508782E+03
1.13340E+01        6.27800283421E+03
1.13400E+01        6.27186954938E+03
1.13460E+01        6.26574521593E+03
1.13520E+01        6.25962981653E+03
1.13580E+01        6.25352333388E+03
1.13640E+01        6.24742575072E+03
1.13700E+01        6.24133704983E+03
1.13760E+01        6.23525721404E+03
1.13820E+01        6.22918622621E+03
1.13880E+01        6.22312406925E+03
1.13940E+01        6.21707072611E+03
1.14000E+01        6.21102617977E+03
1.14060E+01        6.20499041328E+03
1.14120E+01        6.19896340969E+03
1.14180E+01        6.19294515212E+03
1.14240E+01        6.18693562372E+03
1.14300E+01        6.18093480768E+03
1.14360E+01        6.17494268724E+03
1.14420E+01        6.16895924567E+03
1.14480E+01        6.16298446627E+03
1.14540E+01        6.15701833241E+03
1.14600E+01        6.15106082748E+03
1.14660E+01        6.14511193490E+03
1.14720E+01        6.13917163815E+03
1.14780E+01        6.13323992074E+03
1.14840E+01        6.12731676622E+03
1.14900E+01        6.12140215818E+03
1.14960E+01        6.11549608024E+03
1.15020E+01        6.10959851609E+03
1.15080E+01        6.10370944941E+03
1.15140E+01        6.09782886397E+03
1.15200E+01        6.09195674353E+03
1.15260E+01        6.08609307193E+03
1.15320E+01        6.08023783303E+03
1.15380E+01        6.07439101072E+03
1.15440E+01        6.06855258894E+03
1.15500E+01        6.06272255168E+03
1.15560E+01        6.05690088293E+03
1.15620E+01        6.05108756676E+03
1.15680E+01        6.04528258726E+03
1.15740E+01        6.03948592855E+03
1.15800E+01        6.03369757479E+03
1.15860E+01        6.02791751019E+03
1.15920E+01        6.02214571900E+03
1.15980E+01        6.01638218547E+03
1.16040E+01        6.01062689394E+03
1.16100E+01        6.00487982875E+03
1.16160E+01        5.99914097429E+03
1.16220E+01        5.99341031499E+03
1.16280E+01        5.98768783530E+03
1.16340E+01        5.98197351972E+03
1.16400E+01        5.97626735280E+03
1.16460E+01        5.97056931910E+03
1.16520E+01        5.96487940323E+03
1.16580E+01        5.95919758984E+03
1.16640E+01        5.95352386360E+03
1.16700E+01        5.94785820923E+03
1.16760E+01        5.94220061149E+03
1.16820E+01        5.93655105516E+03
1.16880E+01        5.93090952506E+03
1.16940E+01        5.92527600606E+03
1.17000E+01        5.91965048304E+03
1.17060E+01        5.91403294095E+03
1.17120E+01        5.90842336475E+03
1.17180E+01        5.90282173943E+03
1.17240E+01        5.89722805004E+03
1.17300E+01        5.89164228164E+03
1.17360E+01        5.88606441934E+03
1.17420E+01        5.88049444829E+03
1.17480E+01        5.87493235365E+03
1.17540E+01        5.86937812065E+03
1.17600E+01        5.86383173451E+03
1.17660E+01        5.85829318053E+03
1.17720E+01        5.85276244402E+03
1.17780E+01        5.84723951032E+03
1.17840E+01        5.84172436482E+03
1.17900E+01        5.83621699294E+03
1.17960E+01        5.83071738011E+03
1.18020E+01        5.82522551184E+03
1.18080E+01        5.81974137363E+03
1.18140E+01        5.81426495104E+03
1.18200E+01        5.80879622966E+03
1.18260E+01        5.80333519509E+03
1.18320E+01        5.79788183300E+03
1.18380E+01        5.79243612907E+03
1.18440E+01        5.78699806902E+03
1.18500E+01        5.78156763861E+03
1.18560E+01        5.77614482360E+03
1.18620E+01        5.77072960983E+03
1.18680E+01        5.76532198315E+03
1.18740E+01        5.75992192943E+03
1.18800E+01        5.75452943460E+03
1.18860E+01        5.74914448461E+03
1.18920E+01        5.74376706542E+03
1.18980E+01        5.73839716307E+03
1.19040E+01        5.73303476359E+03
1.19100E+01        5.72767985307E+03
1.19160E+01        5.72233241761E+03
1.19220E+01        5.71699244335E+03
1.19280E+01        5.71165991648E+03
1.19340E+01        5.70633482320E+03
1.19400E+01        5.70101714974E+03
1.19460E+01        5.69570688237E+03
1.19520E+01        5.69040400741E+03
1.19580E+01        5.68510851117E+03
1.19640E+01        5.67982038003E+03
1.19700E+01        5.67453960038E+03
1.19760E+01        5.66926615865E+03
1.19820E+01        5.66400004130E+03
1.19880E+01        5.65874123481E+03
1.19940E+01        5.65348972571E+03
1.20000E+01        5.64824550055E+03
1.20060E+01        5.64300854590E+03
1.20120E+01        5.63777884839E+03
1.20180E+01        5.63255639466E+03
1.20240E+01        5.62734117138E+03
1.20300E+01        5.62213316526E+03
1.20360E+01        5.61693236302E+03
1.20420E+01        5.61173875145E+03
1.20480E+01        5.60655231733E+03
1.20540E+01        5.60137304748E+03
1.20600E+01        5.59620092877E+03
1.20660E+01        5.59103594809E+03
1.20720E+01        5.58587809234E+03
1.20780E+01        5.58072734847E+03
1.20840E+01        5.57558370346E+03
1.20900E+01        5.57044714432E+03
1.20960E+01        5.56531765808E+03
1.21020E+01        5.56019523180E+03
1.21080E+01        5.55507985258E+03
1.21140E+01        5.54997150754E+03
1.21200E+01        5.54487018383E+03
1.21260E+01        5.53977586864E+03
1.21320E+01        5.53468854918E+03
1.21380E+01        5.52960821269E+03
1.21440E+01        5.52453484643E+03
1.21500E+01        5.51946843770E+03
1.21560E+01        5.51440897384E+03
1.21620E+01        5.50935644219E+03
1.21680E+01        5.50431083014E+03
1.21740E+01        5.49927212510E+03
1.21800E+01        5.49424031452E+03
1.21860E+01        5.48921538586E+03
1.21920E+01        5.48419732662E+03
1.21980E+01        5.47918612433E+03
1.22040E+01        5.47418176654E+03
1.22100E+01        5.46918424084E+03
1.22160E+01        5.46419353483E+03
1.22220E+01        5.45920963616E+03
1.22280E+01        5.45423253248E+03
1.22340E+01        5.44926221150E+03
1.22400E+01        5.44429866094E+03
1.22460E+01        5.43934186854E+03
1.22520E+01        5.43439182209E+03
1.22580E+01        5.42944850938E+03
1.22640E+01        5.42451191825E+03
1.22700E+01        5.41958203657E+03
1.22760E+01        5.41465885221E+03
1.22820E+01        5.40974235309E+03
1.22880E+01        5.40483252716E+03
1.22940E+01        5.39992936237E+03
1.23000E+01        5.39503284674E+03
1.23060E+01        5.39014296827E+03
1.23120E+01        5.38525971501E+03
1.23180E+01        5.38038307505E+03
1.23240E+01        5.37551303649E+03
1.23300E+01        5.37064958745E+03
1.23360E+01        5.36579271610E+03
1.23420E+01        5.36094241060E+03
1.23480E+01        5.35609865918E+03
1.23540E+01        5.35126145007E+03
1.23600E+01        5.34643077152E+03
1.23660E+01        5.34160661184E+03
1.23720E+01        5.33678895932E+03
1.23780E+01        5.33197780232E+03
1.23840E+01        5.32717312919E+03
1.23900E+01        5.32237492832E+03
1.23960E+01        5.31758318815E+03
1.24020E+01        5.31279789710E+03
1.24080E+01        5.30801904366E+03
1.24140E+01        5.30324661631E+03
1.24200E+01        5.29848060357E+03
1.24260E+01        5.29372099399E+03
1.24320E+01        5.28896777614E+03
1.24380E+01        5.28422093863E+03
1.24440E+01        5.27948047006E+03
1.24500E+01        5.27474635910E+03
1.24560E+01        5.27001859440E+03
1.24620E+01        5.26529716468E+03
1.24680E+01        5.26058205865E+03
1.24740E+01        5.25587326506E+03
1.24800E+01        5.25117077268E+03
1.24860E+01        5.24647457031E+03
1.24920E+01        5.24178464678E+03
1.24980E+01        5.23710099092E+03
1.25040E+01        5.23242359162E+03
1.25100E+01        5.22775243777E+03
1.25160E+01        5.22308751829E+03
1.25220E+01        5.21842882212E+03
1.25280E+01        5.21377633824E+03
1.25340E+01        5.20913005564E+03
1.25400E+01        5.20448996334E+03
1.25460E+01        5.19985605038E+03
1.25520E+01        5.19522830582E+03
1.25580E+01        5.19060671877E+03
1.25640E+01        5.18599127833E+03
1.25700E+01        5.18138197364E+03
1.25760E+01        5.17677879387E+03
1.25820E+01        5.17218172820E+03
1.25880E+01        5.16759076585E+03
1.25940E+01        5.16300589604E+03
1.26000E+01        5.15842710803E+03
1.26060E+01        5.15385439112E+03
1.26120E+01        5.14928773459E+03
1.26180E+01        5.14472712778E+03
1.26240E+01        5.14017256005E+03
1.26300E+01        5.13562402076E+03
1.26360E+01        5.13108149932E+03
1.26420E+01        5.12654498514E+03
1.26480E+01        5.12201446767E+03
1.26540E+01        5.11748993639E+03
1.26600E+01        5.11297138077E+03
1.26660E+01        5.10845879034E+03
1.26720E+01        5.10395215463E+03
1.26780E+01        5.09945146320E+03
1.26840E+01        5.09495670563E+03
1.26900E+01        5.09046787153E+03
1.26960E+01        5.08598495053E+03
1.27020E+01        5.08150793227E+03
1.27080E+01        5.07703680644E+03
1.27140E+01        5.07257156271E+03
1.27200E+01        5.06811219082E+03
1.27260E+01        5.06365868051E+03
1.27320E+01        5.05921102153E+03
1.27380E+01        5.05476920367E+03
1.27440E+01        5.05033321674E+03
1.27500E+01        5.04590305056E+03
1.27560E+01        5.04147869500E+03
1.27620E+01        5.03706013991E+03
1.27680E+01        5.03264737521E+03
1.27740E+01        5.02824039080E+03
1.27800E+01        5.02383917662E+03
1.27860E+01        5.01944372264E+03
1.27920E+01        5.01505401883E+03
1.27980E+01        5.01067005521E+03
1.28040E+01        5.00629182180E+03
1.28100E+01        5.00191930864E+03
1.28160E+01        4.99755250581E+03
1.28220E+01        4.99319140339E+03
1.28280E+01        4.98883599150E+03
1.28340E+01        4.98448626028E+03
1.28400E+01        4.98014219986E+03
1.28460E+01        4.97580380044E+03
1.28520E+01        4.97147105221E+03
1.28580E+01        4.96714394539E+03
1.28640E+01        4.96282247021E+03
1.28700E+01        4.95850661695E+03
1.28760E+01        4.95419637587E+03
1.28820E+01        4.94989173728E+03
1.28880E+01        4.94559269150E+03
1.28940E+01        4.94129922889E+03
1.29000E+01        4.93701133979E+03
1.29060E+01        4.93272901461E+03
1.29120E+01        4.92845224374E+03
1.29180E+01        4.92418101761E+03
1.29240E+01        4.91991532667E+03
1.29300E+01        4.91565516139E+03
1.29360E+01        4.91140051225E+03
1.29420E+01        4.90715136976E+03
1.29480E+01        4.90290772446E+03
1.29540E+01        4.89866956689E+03
1.29600E+01        4.89443688762E+03
1.29660E+01        4.89020967724E+03
1.29720E+01        4.88598792637E+03
1.29780E+01        4.88177162562E+03
1.29840E+01        4.87756076565E+03
1.29900E+01        4.87335533714E+03
1.29960E+01        4.86915533076E+03
1.30020E+01        4.86496073724E+03
1.30080E+01        4.86077154729E+03
1.30140E+01        4.85658775168E+03
1.30200E+01        4.85240934116E+03
1.30260E+01        4.84823630653E+03
1.30320E+01        4.84406863859E+03
1.30380E+01        4.83990632818E+03
1.30440E+01        4.83574936613E+03
1.30500E+01        4.83159774333E+03
1.30560E+01        4.82745145065E+03
1.30620E+01        4.82331047899E+03
1.30680E+01        4.81917481930E+03
1.30740E+01        4.81504446250E+03
1.30800E+01        4.81091939956E+03
1.30860E+01        4.80679962147E+03
1.30920E+01        4.80268511922E+03
1.30980E+01        4.79857588385E+03
1.31040E+01        4.79447190638E+03
1.31100E+01        4.79037317788E+03
1.31160E+01        4.78627968942E+03
1.31220E+01        4.78219143210E+03
1.31280E+01        4.77810839704E+03
1.31340E+01        4.77403057538E+03
1.31400E+01        4.76995795825E+03
1.31460E+01        4.76589053685E+03
1.31520E+01        4.76182830235E+03
1.31580E+01        4.75777124597E+03
1.31640E+01        4.75371935893E+03
1.31700E+01        4.74967263248E+03
1.31760E+01        4.74563105789E+03
1.31820E+01        4.74159462643E+03
1.31880E+01        4.73756332942E+03
1.31940E+01        4.73353715816E+03
1.32000E+01        4.72951610401E+03
1.32060E+01        4.72550015830E+03
1.32120E+01        4.72148931242E+03
1.32180E+01        4.71748355777E+03
1.32240E+01        4.71348288574E+03
1.32300E+01        4.70948728778E+03
1.32360E+01        4.70549675532E+03
1.32420E+01        4.70151127984E+03
1.32480E+01        4.69753085281E+03
1.32540E+01        4.69355546573E+03
1.32600E+01        4.68958511013E+03
1.32660E+01        4.68561977754E+03
1.32720E+01        4.68165945951E+03
1.32780E+01        4.67770414762E+03
1.32840E+01        4.67375383345E+03
1.32900E+01        4.66980850861E+03
1.32960E+01        4.66586816473E+03
1.33020E+01        4.66193279344E+03
1.33080E+01        4.65800238641E+03
1.33140E+01        4.65407693532E+03
1.33200E+01        4.65015643185E+03
1.33260E+01        4.64624086772E+03
1.33320E+01        4.64233023466E+03
1.33380E+01        4.63842452441E+03
1.33440E+01        4.63452372875E+03
1.33500E+01        4.63062783943E+03
1.33560E+01        4.62673684828E+03
1.33620E+01        4.62285074709E+03
1.33680E+01        4.61896952771E+03
1.33740E+01        4.61509318197E+03
1.33800E+01        4.61122170176E+03
1.33860E+01        4.60735507894E+03
1.33920E+01        4.60349330542E+03
1.33980E+01        4.59963637311E+03
1.34040E+01        4.59578427395E+03
1.34100E+01        4.59193699989E+03
1.34160E+01        4.58809454289E+03
1.34220E+01        4.58425689494E+03
1.34280E+01        4.58042404803E+03
1.34340E+01        4.57659599419E+03
1.34400E+01        4.57277272545E+03
1.34460E+01        4.56895423385E+03
1.34520E+01        4.56514051146E+03
1.34580E+01        4.56133155036E+03
1.34640E+01        4.55752734266E+03
1.34700E+01        4.55372788046E+03
1.34760E+01        4.54993315590E+03
1.34820E+01        4.54614316113E+03
1.34880E+01        4.54235788831E+03
1.34940E+01        4.53857732962E+03
1.35000E+01        4.53480147725E+03
1.35060E+01        4.53103032342E+03
1.35120E+01        4.52726386036E+03
1.35180E+01        4.52350208031E+03
1.35240E+01        4.51974497553E+03
1.35300E+01        4.51599253829E+03
1.35360E+01        4.51224476090E+03
1.35420E+01        4.50850163565E+03
1.35480E+01        4.50476315487E+03
1.35540E+01        4.50102931090E+03
1.35600E+01        4.49730009610E+03
1.35660E+01        4.49357550283E+03
1.35720E+01        4.48985552349E+03
1.35780E+01        4.48614015047E+03
1.35840E+01        4.48242937619E+03
1.35900E+01        4.47872319309E+03
1.35960E+01        4.47502159362E+03
1.36020E+01        4.47132457023E+03
1.36080E+01        4.46763211542E+03
1.36140E+01        4.46394422166E+03
1.36200E+01        4.46026088149E+03
1.36260E+01        4.45658208741E+03
1.36320E+01        4.45290783198E+03
1.36380E+01        4.44923810775E+03
1.36440E+01        4.44557290728E+03
1.36500E+01        4.44191222318E+03
1.36560E+01        4.43825604803E+03
1.36620E+01        4.43460437446E+03
1.36680E+01        4.43095719509E+03
1.36740E+01        4.42731450258E+03
1.36800E+01        4.42367628959E+03
1.36860E+01        4.42004254880E+03
1.36920E+01        4.41641327289E+03
1.36980E+01        4.41278845457E+03
1.37040E+01        4.40916808657E+03
1.37100E+01        4.40555216162E+03
1.37160E+01        4.40194067247E+03
1.37220E+01        4.39833361189E+03
1.37280E+01        4.39473097266E+03
1.37340E+01        4.39113274758E+03
1.37400E+01        4.38753892945E+03
1.37460E+01        4.38394951110E+03
1.37520E+01        4.38036448537E+03
1.37580E+01        4.37678384511E+03
1.37640E+01        4.37320758319E+03
1.37700E+01        4.36963569250E+03
1.37760E+01        4.36606816592E+03
1.37820E+01        4.36250499638E+03
1.37880E+01        4.35894617680E+03
1.37940E+01        4.35539170011E+03
1.38000E+01        4.35184155927E+03
1.38060E+01        4.34829574726E+03
1.38120E+01        4.34475425705E+03
1.38180E+01        4.34121708163E+03
1.38240E+01        4.33768421403E+03
1.38300E+01        4.33415564727E+03
1.38360E+01        4.33063137438E+03
1.38420E+01        4.32711138843E+03
1.38480E+01        4.32359568246E+03
1.38540E+01        4.32008424958E+03
1.38600E+01        4.31657708287E+03
1.38660E+01        4.31307417544E+03
1.38720E+01        4.30957552042E+03
1.38780E+01        4.30608111094E+03
1.38840E+01        4.30259094016E+03
1.38900E+01        4.29910500123E+03
1.38960E+01        4.29562328733E+03
1.39020E+01        4.29214579167E+03
1.39080E+01        4.28867250743E+03
1.39140E+01        4.28520342785E+03
1.39200E+01        4.28173854616E+03
1.39260E+01        4.27827785559E+03
1.39320E+01        4.27482134942E+03
1.39380E+01        4.27136902091E+03
1.39440E+01        4.26792086335E+03
1.39500E+01        4.26447687004E+03
1.39560E+01        4.26103703430E+03
1.39620E+01        4.25760134946E+03
1.39680E+01        4.25416980884E+03
1.39740E+01        4.25074240582E+03
1.39800E+01        4.24731913374E+03
1.39860E+01        4.24389998600E+03
1.39920E+01        4.24048495599E+03
1.39980E+01        4.23707403712E+03
1.40040E+01        4.23366722279E+03
