# %ECSV 0.9
# ---
# datatype:
# - {name: wavelength, unit: micron, datatype: float64}
# - {name: flux, unit: microJansky, datatype: float64}
# schema: astropy-2.0
#
#
#  - - File generated by ExoNoodle - -
#         V1.0.0 - MML (CEA-Saclay)
#       2021-02-26 14:01:48.325215
wavelength flux 
3.00000E+00        5.70787175839E+04
3.00600E+00        5.69243711569E+04
3.01200E+00        5.67705830001E+04
3.01800E+00        5.66173510160E+04
3.02400E+00        5.64646731099E+04
3.03000E+00        5.63125471896E+04
3.03600E+00        5.61609711659E+04
3.04200E+00        5.60099429526E+04
3.04800E+00        5.58594604666E+04
3.05400E+00        5.57095216279E+04
3.06000E+00        5.55601243600E+04
3.06600E+00        5.54112665898E+04
3.07200E+00        5.52629462477E+04
3.07800E+00        5.51151612677E+04
3.08400E+00        5.49679095879E+04
3.09000E+00        5.48211891499E+04
3.09600E+00        5.46749978995E+04
3.10200E+00        5.45293337864E+04
3.10800E+00        5.43841947646E+04
3.11400E+00        5.42395787922E+04
3.12000E+00        5.40954838318E+04
3.12600E+00        5.39519078503E+04
3.13200E+00        5.38088488190E+04
3.13800E+00        5.36663047141E+04
3.14400E+00        5.35242735161E+04
3.15000E+00        5.33827532105E+04
3.15600E+00        5.32417417874E+04
3.16200E+00        5.31012372419E+04
3.16800E+00        5.29612375741E+04
3.17400E+00        5.28217407889E+04
3.18000E+00        5.26827448964E+04
3.18600E+00        5.25442479119E+04
3.19200E+00        5.24062478557E+04
3.19800E+00        5.22687427537E+04
3.20400E+00        5.21317306367E+04
3.21000E+00        5.19952095412E+04
3.21600E+00        5.18591775088E+04
3.22200E+00        5.17236325870E+04
3.22800E+00        5.15885728283E+04
3.23400E+00        5.14539962913E+04
3.24000E+00        5.13199010398E+04
3.24600E+00        5.11862851435E+04
3.25200E+00        5.10531466776E+04
3.25800E+00        5.09204837233E+04
3.26400E+00        5.07882943673E+04
3.27000E+00        5.06565767024E+04
3.27600E+00        5.05253288270E+04
3.28200E+00        5.03945488456E+04
3.28800E+00        5.02642348685E+04
3.29400E+00        5.01343850121E+04
3.30000E+00        5.00049973985E+04
3.30600E+00        4.98760701562E+04
3.31200E+00        4.97476014195E+04
3.31800E+00        4.96195893287E+04
3.32400E+00        4.94920320306E+04
3.33000E+00        4.93649276776E+04
3.33600E+00        4.92382744288E+04
3.34200E+00        4.91120704490E+04
3.34800E+00        4.89863139094E+04
3.35400E+00        4.88610029874E+04
3.36000E+00        4.87361358668E+04
3.36600E+00        4.86117107374E+04
3.37200E+00        4.84877257953E+04
3.37800E+00        4.83641792430E+04
3.38400E+00        4.82410692893E+04
3.39000E+00        4.81183941492E+04
3.39600E+00        4.79961520442E+04
3.40200E+00        4.78743412019E+04
3.40800E+00        4.77529598566E+04
3.41400E+00        4.76320062486E+04
3.42000E+00        4.75114786248E+04
3.42600E+00        4.73913752384E+04
3.43200E+00        4.72716943491E+04
3.43800E+00        4.71524342228E+04
3.44400E+00        4.70335931319E+04
3.45000E+00        4.69151693554E+04
3.45600E+00        4.67971611784E+04
3.46200E+00        4.66795668925E+04
3.46800E+00        4.65623847960E+04
3.47400E+00        4.64456131932E+04
3.48000E+00        4.63292503952E+04
3.48600E+00        4.62132947193E+04
3.49200E+00        4.60977444893E+04
3.49800E+00        4.59825980354E+04
3.50400E+00        4.58678536944E+04
3.51000E+00        4.57535098093E+04
3.51600E+00        4.56395647296E+04
3.52200E+00        4.55260168112E+04
3.52800E+00        4.54128644167E+04
3.53400E+00        4.53001059146E+04
3.54000E+00        4.51877396804E+04
3.54600E+00        4.50757640954E+04
3.55200E+00        4.49641775479E+04
3.55800E+00        4.48529784323E+04
3.56400E+00        4.47421651492E+04
3.57000E+00        4.46317361060E+04
3.57600E+00        4.45216897163E+04
3.58200E+00        4.44120244001E+04
3.58800E+00        4.43027385836E+04
3.59400E+00        4.41938306995E+04
3.60000E+00        4.40852991870E+04
3.60600E+00        4.39771424914E+04
3.61200E+00        4.38693590644E+04
3.61800E+00        4.37619473641E+04
3.62400E+00        4.36549058549E+04
3.63000E+00        4.35482330073E+04
3.63600E+00        4.34419272984E+04
3.64200E+00        4.33359872114E+04
3.64800E+00        4.32304112358E+04
3.65400E+00        4.31251978674E+04
3.66000E+00        4.30203456081E+04
3.66600E+00        4.29158529662E+04
3.67200E+00        4.28117184562E+04
3.67800E+00        4.27079405987E+04
3.68400E+00        4.26045179206E+04
3.69000E+00        4.25014489550E+04
3.69600E+00        4.23987322410E+04
3.70200E+00        4.22963663239E+04
3.70800E+00        4.21943497554E+04
3.71400E+00        4.20926810930E+04
3.72000E+00        4.19913589004E+04
3.72600E+00        4.18903817474E+04
3.73200E+00        4.17897482100E+04
3.73800E+00        4.16894568702E+04
3.74400E+00        4.15895063158E+04
3.75000E+00        4.14898951410E+04
3.75600E+00        4.13906219458E+04
3.76200E+00        4.12916853363E+04
3.76800E+00        4.11930839244E+04
3.77400E+00        4.10948163282E+04
3.78000E+00        4.09968811716E+04
3.78600E+00        4.08992770845E+04
3.79200E+00        4.08020027027E+04
3.79800E+00        4.07050566679E+04
3.80400E+00        4.06084376275E+04
3.81000E+00        4.05121442351E+04
3.81600E+00        4.04161751499E+04
3.82200E+00        4.03205290370E+04
3.82800E+00        4.02252045673E+04
3.83400E+00        4.01302004174E+04
3.84000E+00        4.00355152699E+04
3.84600E+00        3.99411478128E+04
3.85200E+00        3.98470967403E+04
3.85800E+00        3.97533607519E+04
3.86400E+00        3.96599385529E+04
3.87000E+00        3.95668288545E+04
3.87600E+00        3.94740303732E+04
3.88200E+00        3.93815418314E+04
3.88800E+00        3.92893619571E+04
3.89400E+00        3.91974894838E+04
3.90000E+00        3.91059231506E+04
3.90600E+00        3.90146617021E+04
3.91200E+00        3.89237038887E+04
3.91800E+00        3.88330484661E+04
3.92400E+00        3.87426941955E+04
3.93000E+00        3.86526398437E+04
3.93600E+00        3.85628841828E+04
3.94200E+00        3.84734259906E+04
3.94800E+00        3.83842640500E+04
3.95400E+00        3.82953971495E+04
3.96000E+00        3.82068240831E+04
3.96600E+00        3.81185436499E+04
3.97200E+00        3.80305546545E+04
3.97800E+00        3.79428559067E+04
3.98400E+00        3.78554462218E+04
3.99000E+00        3.77683244202E+04
3.99600E+00        3.76814893277E+04
4.00200E+00        3.75949397753E+04
4.00800E+00        3.75086745992E+04
4.01400E+00        3.74226926407E+04
4.02000E+00        3.73369927464E+04
4.02600E+00        3.72515737682E+04
4.03200E+00        3.71664345629E+04
4.03800E+00        3.70815739926E+04
4.04400E+00        3.69969909243E+04
4.05000E+00        3.69126842302E+04
4.05600E+00        3.68286527877E+04
4.06200E+00        3.67448954790E+04
4.06800E+00        3.66614111914E+04
4.07400E+00        3.65781988173E+04
4.08000E+00        3.64952572540E+04
4.08600E+00        3.64125854037E+04
4.09200E+00        3.63301821737E+04
4.09800E+00        3.62480464760E+04
4.10400E+00        3.61661772278E+04
4.11000E+00        3.60845733508E+04
4.11600E+00        3.60032337718E+04
4.12200E+00        3.59221574225E+04
4.12800E+00        3.58413432393E+04
4.13400E+00        3.57607901634E+04
4.14000E+00        3.56804971407E+04
4.14600E+00        3.56004631220E+04
4.15200E+00        3.55206870628E+04
4.15800E+00        3.54411679233E+04
4.16400E+00        3.53619046685E+04
4.17000E+00        3.52828962678E+04
4.17600E+00        3.52041416955E+04
4.18200E+00        3.51256399305E+04
4.18800E+00        3.50473899563E+04
4.19400E+00        3.49693907609E+04
4.20000E+00        3.48916413371E+04
4.20600E+00        3.48141406820E+04
4.21200E+00        3.47368877974E+04
4.21800E+00        3.46598816896E+04
4.22400E+00        3.45831213694E+04
4.23000E+00        3.45066058520E+04
4.23600E+00        3.44303341571E+04
4.24200E+00        3.43543053089E+04
4.24800E+00        3.42785183360E+04
4.25400E+00        3.42029722713E+04
4.26000E+00        3.41276661522E+04
4.26600E+00        3.40525990204E+04
4.27200E+00        3.39777699220E+04
4.27800E+00        3.39031779073E+04
4.28400E+00        3.38288220310E+04
4.29000E+00        3.37547013521E+04
4.29600E+00        3.36808149339E+04
4.30200E+00        3.36071618437E+04
4.30800E+00        3.35337411534E+04
4.31400E+00        3.34605519388E+04
4.32000E+00        3.33875932801E+04
4.32600E+00        3.33148642614E+04
4.33200E+00        3.32423639713E+04
4.33800E+00        3.31700915023E+04
4.34400E+00        3.30980459510E+04
4.35000E+00        3.30262264183E+04
4.35600E+00        3.29546320089E+04
4.36200E+00        3.28832618318E+04
4.36800E+00        3.28121149998E+04
4.37400E+00        3.27411906300E+04
4.38000E+00        3.26704878433E+04
4.38600E+00        3.26000057647E+04
4.39200E+00        3.25297435230E+04
4.39800E+00        3.24597002511E+04
4.40400E+00        3.23898750858E+04
4.41000E+00        3.23202671678E+04
4.41600E+00        3.22508756417E+04
4.42200E+00        3.21816996559E+04
4.42800E+00        3.21127383627E+04
4.43400E+00        3.20439909184E+04
4.44000E+00        3.19754564828E+04
4.44600E+00        3.19071342197E+04
4.45200E+00        3.18390232968E+04
4.45800E+00        3.17711228853E+04
4.46400E+00        3.17034321604E+04
4.47000E+00        3.16359503008E+04
4.47600E+00        3.15686764890E+04
4.48200E+00        3.15016099114E+04
4.48800E+00        3.14347497578E+04
4.49400E+00        3.13680952217E+04
4.50000E+00        3.13016455004E+04
4.50600E+00        3.12353997948E+04
4.51200E+00        3.11693573092E+04
4.51800E+00        3.11035172518E+04
4.52400E+00        3.10378788342E+04
4.53000E+00        3.09724412715E+04
4.53600E+00        3.09072037825E+04
4.54200E+00        3.08421655894E+04
4.54800E+00        3.07773259181E+04
4.55400E+00        3.07126839977E+04
4.56000E+00        3.06482390611E+04
4.56600E+00        3.05839903444E+04
4.57200E+00        3.05199370872E+04
4.57800E+00        3.04560785327E+04
4.58400E+00        3.03924139273E+04
4.59000E+00        3.03289425210E+04
4.59600E+00        3.02656635669E+04
4.60200E+00        3.02025763217E+04
4.60800E+00        3.01396800453E+04
4.61400E+00        3.00769740011E+04
4.62000E+00        3.00144574557E+04
4.62600E+00        2.99521296790E+04
4.63200E+00        2.98899899442E+04
4.63800E+00        2.98280375278E+04
4.64400E+00        2.97662717094E+04
4.65000E+00        2.97046917721E+04
4.65600E+00        2.96432970020E+04
4.66200E+00        2.95820866885E+04
4.66800E+00        2.95210601242E+04
4.67400E+00        2.94602166048E+04
4.68000E+00        2.93995554292E+04
4.68600E+00        2.93390758996E+04
4.69200E+00        2.92787773210E+04
4.69800E+00        2.92186590017E+04
4.70400E+00        2.91587202533E+04
4.71000E+00        2.90989603900E+04
4.71600E+00        2.90393787296E+04
4.72200E+00        2.89799745926E+04
4.72800E+00        2.89207473026E+04
4.73400E+00        2.88616961864E+04
4.74000E+00        2.88028205735E+04
4.74600E+00        2.87441197967E+04
4.75200E+00        2.86855931917E+04
4.75800E+00        2.86272400971E+04
4.76400E+00        2.85690598544E+04
4.77000E+00        2.85110518082E+04
4.77600E+00        2.84532153059E+04
4.78200E+00        2.83955496978E+04
4.78800E+00        2.83380543374E+04
4.79400E+00        2.82807285805E+04
4.80000E+00        2.82235717864E+04
4.80600E+00        2.81665833167E+04
4.81200E+00        2.81097625363E+04
4.81800E+00        2.80531088127E+04
4.82400E+00        2.79966215161E+04
4.83000E+00        2.79403000198E+04
4.83600E+00        2.78841436996E+04
4.84200E+00        2.78281519343E+04
4.84800E+00        2.77723241054E+04
4.85400E+00        2.77166595969E+04
4.86000E+00        2.76611577959E+04
4.86600E+00        2.76058180920E+04
4.87200E+00        2.75506398775E+04
4.87800E+00        2.74956225476E+04
4.88400E+00        2.74407655000E+04
4.89000E+00        2.73860681350E+04
4.89600E+00        2.73315298557E+04
4.90200E+00        2.72771500679E+04
4.90800E+00        2.72229281798E+04
4.91400E+00        2.71688636024E+04
4.92000E+00        2.71149557492E+04
4.92600E+00        2.70612040364E+04
4.93200E+00        2.70076078826E+04
4.93800E+00        2.69541667092E+04
4.94400E+00        2.69008799399E+04
4.95000E+00        2.68477470012E+04
4.95600E+00        2.67947673220E+04
4.96200E+00        2.67419403336E+04
4.96800E+00        2.66892654699E+04
4.97400E+00        2.66367421674E+04
4.98000E+00        2.65843698650E+04
4.98600E+00        2.65321480040E+04
4.99200E+00        2.64800760282E+04
4.99800E+00        2.64281533839E+04
5.00400E+00        2.63763795197E+04
5.01000E+00        2.63247538868E+04
5.01600E+00        2.62732759387E+04
5.02200E+00        2.62219451312E+04
5.02800E+00        2.61707609227E+04
5.03400E+00        2.61197227738E+04
5.04000E+00        2.60688301475E+04
5.04600E+00        2.60180825092E+04
5.05200E+00        2.59674793267E+04
5.05800E+00        2.59170200699E+04
5.06400E+00        2.58667042112E+04
5.07000E+00        2.58165312254E+04
5.07600E+00        2.57665005892E+04
5.08200E+00        2.57166117820E+04
5.08800E+00        2.56668642852E+04
5.09400E+00        2.56172575827E+04
5.10000E+00        2.55677911604E+04
5.10600E+00        2.55184645066E+04
5.11200E+00        2.54692771118E+04
5.11800E+00        2.54202284686E+04
5.12400E+00        2.53713180719E+04
5.13000E+00        2.53225454190E+04
5.13600E+00        2.52739100089E+04
5.14200E+00        2.52254113432E+04
5.14800E+00        2.51770489256E+04
5.15400E+00        2.51288222616E+04
5.16000E+00        2.50807308594E+04
5.16600E+00        2.50327742289E+04
5.17200E+00        2.49849518822E+04
5.17800E+00        2.49372633337E+04
5.18400E+00        2.48897080998E+04
5.19000E+00        2.48422856988E+04
5.19600E+00        2.47949956513E+04
5.20200E+00        2.47478374800E+04
5.20800E+00        2.47008107096E+04
5.21400E+00        2.46539148666E+04
5.22000E+00        2.46071494801E+04
5.22600E+00        2.45605140806E+04
5.23200E+00        2.45140082011E+04
5.23800E+00        2.44676313763E+04
5.24400E+00        2.44213831431E+04
5.25000E+00        2.43752630404E+04
5.25600E+00        2.43292706089E+04
5.26200E+00        2.42834053914E+04
5.26800E+00        2.42376669326E+04
5.27400E+00        2.41920547793E+04
5.28000E+00        2.41465684800E+04
5.28600E+00        2.41012075854E+04
5.29200E+00        2.40559716479E+04
5.29800E+00        2.40108602220E+04
5.30400E+00        2.39658728639E+04
5.31000E+00        2.39210091319E+04
5.31600E+00        2.38762685861E+04
5.32200E+00        2.38316507885E+04
5.32800E+00        2.37871553029E+04
5.33400E+00        2.37427816951E+04
5.34000E+00        2.36985295326E+04
5.34600E+00        2.36543983847E+04
5.35200E+00        2.36103878229E+04
5.35800E+00        2.35664974201E+04
5.36400E+00        2.35227267511E+04
5.37000E+00        2.34790753928E+04
5.37600E+00        2.34355429236E+04
5.38200E+00        2.33921289238E+04
5.38800E+00        2.33488329754E+04
5.39400E+00        2.33056546623E+04
5.40000E+00        2.32625935701E+04
5.40600E+00        2.32196492862E+04
5.41200E+00        2.31768213996E+04
5.41800E+00        2.31341095012E+04
5.42400E+00        2.30915131836E+04
5.43000E+00        2.30490320411E+04
5.43600E+00        2.30066656696E+04
5.44200E+00        2.29644136670E+04
5.44800E+00        2.29222756326E+04
5.45400E+00        2.28802511676E+04
5.46000E+00        2.28383398747E+04
5.46600E+00        2.27965413584E+04
5.47200E+00        2.27548552248E+04
5.47800E+00        2.27132810817E+04
5.48400E+00        2.26718185386E+04
5.49000E+00        2.26304672065E+04
5.49600E+00        2.25892266982E+04
5.50200E+00        2.25480966280E+04
5.50800E+00        2.25070766118E+04
5.51400E+00        2.24661662672E+04
5.52000E+00        2.24253652134E+04
5.52600E+00        2.23846730712E+04
5.53200E+00        2.23440894629E+04
5.53800E+00        2.23036140125E+04
5.54400E+00        2.22632463454E+04
5.55000E+00        2.22229860887E+04
5.55600E+00        2.21828328711E+04
5.56200E+00        2.21427863227E+04
5.56800E+00        2.21028460753E+04
5.57400E+00        2.20630117622E+04
5.58000E+00        2.20232830180E+04
5.58600E+00        2.19836594792E+04
5.59200E+00        2.19441407835E+04
5.59800E+00        2.19047265704E+04
5.60400E+00        2.18654164805E+04
5.61000E+00        2.18262101562E+04
5.61600E+00        2.17871072414E+04
5.62200E+00        2.17481073813E+04
5.62800E+00        2.17092102227E+04
5.63400E+00        2.16704154137E+04
5.64000E+00        2.16317226042E+04
5.64600E+00        2.15931314451E+04
5.65200E+00        2.15546415891E+04
5.65800E+00        2.15162526902E+04
5.66400E+00        2.14779644038E+04
5.67000E+00        2.14397763867E+04
5.67600E+00        2.14016882973E+04
5.68200E+00        2.13636997953E+04
5.68800E+00        2.13258105416E+04
5.69400E+00        2.12880201988E+04
5.70000E+00        2.12503284309E+04
5.70600E+00        2.12127349029E+04
5.71200E+00        2.11752392816E+04
5.71800E+00        2.11378412350E+04
5.72400E+00        2.11005404324E+04
5.73000E+00        2.10633365446E+04
5.73600E+00        2.10262292436E+04
5.74200E+00        2.09892182029E+04
5.74800E+00        2.09523030972E+04
5.75400E+00        2.09154836026E+04
5.76000E+00        2.08787593965E+04
5.76600E+00        2.08421301576E+04
5.77200E+00        2.08055955661E+04
5.77800E+00        2.07691553031E+04
5.78400E+00        2.07328090515E+04
5.79000E+00        2.06965564952E+04
5.79600E+00        2.06603973193E+04
5.80200E+00        2.06243312105E+04
5.80800E+00        2.05883578564E+04
5.81400E+00        2.05524769463E+04
5.82000E+00        2.05166881703E+04
5.82600E+00        2.04809912201E+04
5.83200E+00        2.04453857886E+04
5.83800E+00        2.04098715698E+04
5.84400E+00        2.03744482591E+04
5.85000E+00        2.03391155530E+04
5.85600E+00        2.03038731493E+04
5.86200E+00        2.02687207471E+04
5.86800E+00        2.02336580466E+04
5.87400E+00        2.01986847492E+04
5.88000E+00        2.01638005576E+04
5.88600E+00        2.01290051756E+04
5.89200E+00        2.00942983084E+04
5.89800E+00        2.00596796621E+04
5.90400E+00        2.00251489441E+04
5.91000E+00        1.99907058632E+04
5.91600E+00        1.99563501290E+04
5.92200E+00        1.99220814526E+04
5.92800E+00        1.98878995459E+04
5.93400E+00        1.98538041224E+04
5.94000E+00        1.98197948964E+04
5.94600E+00        1.97858715834E+04
5.95200E+00        1.97520339003E+04
5.95800E+00        1.97182815647E+04
5.96400E+00        1.96846142958E+04
5.97000E+00        1.96510318136E+04
5.97600E+00        1.96175338393E+04
5.98200E+00        1.95841200953E+04
5.98800E+00        1.95507903050E+04
5.99400E+00        1.95175441929E+04
6.00000E+00        1.94843814847E+04
6.00600E+00        1.94513019072E+04
6.01200E+00        1.94183051881E+04
6.01800E+00        1.93853910565E+04
6.02400E+00        1.93525592422E+04
6.03000E+00        1.93198094764E+04
6.03600E+00        1.92871414912E+04
6.04200E+00        1.92545550198E+04
6.04800E+00        1.92220497964E+04
6.05400E+00        1.91896255565E+04
6.06000E+00        1.91572820363E+04
6.06600E+00        1.91250189733E+04
6.07200E+00        1.90928361059E+04
6.07800E+00        1.90607331736E+04
6.08400E+00        1.90287099170E+04
6.09000E+00        1.89967660775E+04
6.09600E+00        1.89649013978E+04
6.10200E+00        1.89331156214E+04
6.10800E+00        1.89014084930E+04
6.11400E+00        1.88697797581E+04
6.12000E+00        1.88382291634E+04
6.12600E+00        1.88067564564E+04
6.13200E+00        1.87753613858E+04
6.13800E+00        1.87440437011E+04
6.14400E+00        1.87128031529E+04
6.15000E+00        1.86816394928E+04
6.15600E+00        1.86505524733E+04
6.16200E+00        1.86195418479E+04
6.16800E+00        1.85886073710E+04
6.17400E+00        1.85577487982E+04
6.18000E+00        1.85269658857E+04
6.18600E+00        1.84962583910E+04
6.19200E+00        1.84656260722E+04
6.19800E+00        1.84350686887E+04
6.20400E+00        1.84045860006E+04
6.21000E+00        1.83741777691E+04
6.21600E+00        1.83438437561E+04
6.22200E+00        1.83135837247E+04
6.22800E+00        1.82833974387E+04
6.23400E+00        1.82532846630E+04
6.24000E+00        1.82232451633E+04
6.24600E+00        1.81932787063E+04
6.25200E+00        1.81633850594E+04
6.25800E+00        1.81335639911E+04
6.26400E+00        1.81038152709E+04
6.27000E+00        1.80741386688E+04
6.27600E+00        1.80445339562E+04
6.28200E+00        1.80150009050E+04
6.28800E+00        1.79855392880E+04
6.29400E+00        1.79561488792E+04
6.30000E+00        1.79268294531E+04
6.30600E+00        1.78975807853E+04
6.31200E+00        1.78684026521E+04
6.31800E+00        1.78392948310E+04
6.32400E+00        1.78102570999E+04
6.33000E+00        1.77812892378E+04
6.33600E+00        1.77523910246E+04
6.34200E+00        1.77235622410E+04
6.34800E+00        1.76948026684E+04
6.35400E+00        1.76661120893E+04
6.36000E+00        1.76374902868E+04
6.36600E+00        1.76089370449E+04
6.37200E+00        1.75804521486E+04
6.37800E+00        1.75520353834E+04
6.38400E+00        1.75236865360E+04
6.39000E+00        1.74954053936E+04
6.39600E+00        1.74671917444E+04
6.40200E+00        1.74390453773E+04
6.40800E+00        1.74109660820E+04
6.41400E+00        1.73829536492E+04
6.42000E+00        1.73550078702E+04
6.42600E+00        1.73271285371E+04
6.43200E+00        1.72993154429E+04
6.43800E+00        1.72715683813E+04
6.44400E+00        1.72438871469E+04
6.45000E+00        1.72162715349E+04
6.45600E+00        1.71887213414E+04
6.46200E+00        1.71612363634E+04
6.46800E+00        1.71338163984E+04
6.47400E+00        1.71064612448E+04
6.48000E+00        1.70791707017E+04
6.48600E+00        1.70519445692E+04
6.49200E+00        1.70247826479E+04
6.49800E+00        1.69976847392E+04
6.50400E+00        1.69706506454E+04
6.51000E+00        1.69436801693E+04
6.51600E+00        1.69167731146E+04
6.52200E+00        1.68899292858E+04
6.52800E+00        1.68631484881E+04
6.53400E+00        1.68364305272E+04
6.54000E+00        1.68097752100E+04
6.54600E+00        1.67831823436E+04
6.55200E+00        1.67566517363E+04
6.55800E+00        1.67301831967E+04
6.56400E+00        1.67037765345E+04
6.57000E+00        1.66774315599E+04
6.57600E+00        1.66511480838E+04
6.58200E+00        1.66249259179E+04
6.58800E+00        1.65987648745E+04
6.59400E+00        1.65726647668E+04
6.60000E+00        1.65466254085E+04
6.60600E+00        1.65206466141E+04
6.61200E+00        1.64947281988E+04
6.61800E+00        1.64688699783E+04
6.62400E+00        1.64430717693E+04
6.63000E+00        1.64173333889E+04
6.63600E+00        1.63916546552E+04
6.64200E+00        1.63660353866E+04
6.64800E+00        1.63404754025E+04
6.65400E+00        1.63149745228E+04
6.66000E+00        1.62895325680E+04
6.66600E+00        1.62641493596E+04
6.67200E+00        1.62388247194E+04
6.67800E+00        1.62135584700E+04
6.68400E+00        1.61883504347E+04
6.69000E+00        1.61632004374E+04
6.69600E+00        1.61381083026E+04
6.70200E+00        1.61130738557E+04
6.70800E+00        1.60880969225E+04
6.71400E+00        1.60631773294E+04
6.72000E+00        1.60383149037E+04
6.72600E+00        1.60135094732E+04
6.73200E+00        1.59887608662E+04
6.73800E+00        1.59640689118E+04
6.74400E+00        1.59394334398E+04
6.75000E+00        1.59148542805E+04
6.75600E+00        1.58903312647E+04
6.76200E+00        1.58658642241E+04
6.76800E+00        1.58414529909E+04
6.77400E+00        1.58170973979E+04
6.78000E+00        1.57927972784E+04
6.78600E+00        1.57685524666E+04
6.79200E+00        1.57443627971E+04
6.79800E+00        1.57202281051E+04
6.80400E+00        1.56961482265E+04
6.81000E+00        1.56721229977E+04
6.81600E+00        1.56481522559E+04
6.82200E+00        1.56242358385E+04
6.82800E+00        1.56003735840E+04
6.83400E+00        1.55765653311E+04
6.84000E+00        1.55528109193E+04
6.84600E+00        1.55291101885E+04
6.85200E+00        1.55054629794E+04
6.85800E+00        1.54818691332E+04
6.86400E+00        1.54583284915E+04
6.87000E+00        1.54348408968E+04
6.87600E+00        1.54114061919E+04
6.88200E+00        1.53880242203E+04
6.88800E+00        1.53646948261E+04
6.89400E+00        1.53414178538E+04
6.90000E+00        1.53181931487E+04
6.90600E+00        1.52950205565E+04
6.91200E+00        1.52718999234E+04
6.91800E+00        1.52488310964E+04
6.92400E+00        1.52258139228E+04
6.93000E+00        1.52028482506E+04
6.93600E+00        1.51799339283E+04
6.94200E+00        1.51570708049E+04
6.94800E+00        1.51342587302E+04
6.95400E+00        1.51114975541E+04
6.96000E+00        1.50887871274E+04
6.96600E+00        1.50661273014E+04
6.97200E+00        1.50435179277E+04
6.97800E+00        1.50209588587E+04
6.98400E+00        1.49984499472E+04
6.99000E+00        1.49759910466E+04
6.99600E+00        1.49535820107E+04
7.00200E+00        1.49312226939E+04
7.00800E+00        1.49089129512E+04
7.01400E+00        1.48866526380E+04
7.02000E+00        1.48644416103E+04
7.02600E+00        1.48422797245E+04
7.03200E+00        1.48201668377E+04
7.03800E+00        1.47981028074E+04
7.04400E+00        1.47760874916E+04
7.05000E+00        1.47541207487E+04
7.05600E+00        1.47322024379E+04
7.06200E+00        1.47103324187E+04
7.06800E+00        1.46885105511E+04
7.07400E+00        1.46667366956E+04
7.08000E+00        1.46450107132E+04
7.08600E+00        1.46233324656E+04
7.09200E+00        1.46017018147E+04
7.09800E+00        1.45801186229E+04
7.10400E+00        1.45585827534E+04
7.11000E+00        1.45370940696E+04
7.11600E+00        1.45156524354E+04
7.12200E+00        1.44942577153E+04
7.12800E+00        1.44729097743E+04
7.13400E+00        1.44516084777E+04
7.14000E+00        1.44303536914E+04
7.14600E+00        1.44091452818E+04
7.15200E+00        1.43879831157E+04
7.15800E+00        1.43668670604E+04
7.16400E+00        1.43457969837E+04
7.17000E+00        1.43247727538E+04
7.17600E+00        1.43037942395E+04
7.18200E+00        1.42828613098E+04
7.18800E+00        1.42619738344E+04
7.19400E+00        1.42411316834E+04
7.20000E+00        1.42203347274E+04
7.20600E+00        1.41995828372E+04
7.21200E+00        1.41788758845E+04
7.21800E+00        1.41582137410E+04
7.22400E+00        1.41375962791E+04
7.23000E+00        1.41170233717E+04
7.23600E+00        1.40964948919E+04
7.24200E+00        1.40760107134E+04
7.24800E+00        1.40555707105E+04
7.25400E+00        1.40351747575E+04
7.26000E+00        1.40148227297E+04
7.26600E+00        1.39945145023E+04
7.27200E+00        1.39742499513E+04
7.27800E+00        1.39540289530E+04
7.28400E+00        1.39338513841E+04
7.29000E+00        1.39137171218E+04
7.29600E+00        1.38936260437E+04
7.30200E+00        1.38735780278E+04
7.30800E+00        1.38535729526E+04
7.31400E+00        1.38336106970E+04
7.32000E+00        1.38136911402E+04
7.32600E+00        1.37938141619E+04
7.33200E+00        1.37739796424E+04
7.33800E+00        1.37541874620E+04
7.34400E+00        1.37344375019E+04
7.35000E+00        1.37147296433E+04
7.35600E+00        1.36950637681E+04
7.36200E+00        1.36754397584E+04
7.36800E+00        1.36558574968E+04
7.37400E+00        1.36363168664E+04
7.38000E+00        1.36168177506E+04
7.38600E+00        1.35973600331E+04
7.39200E+00        1.35779435981E+04
7.39800E+00        1.35585683304E+04
7.40400E+00        1.35392341148E+04
7.41000E+00        1.35199408368E+04
7.41600E+00        1.35006883822E+04
7.42200E+00        1.34814766372E+04
7.42800E+00        1.34623054883E+04
7.43400E+00        1.34431748226E+04
7.44000E+00        1.34240845274E+04
7.44600E+00        1.34050344904E+04
7.45200E+00        1.33860245997E+04
7.45800E+00        1.33670547439E+04
7.46400E+00        1.33481248119E+04
7.47000E+00        1.33292346929E+04
7.47600E+00        1.33103842766E+04
7.48200E+00        1.32915734531E+04
7.48800E+00        1.32728021126E+04
7.49400E+00        1.32540701461E+04
7.50000E+00        1.32353774446E+04
7.50600E+00        1.32167238997E+04
7.51200E+00        1.31981094033E+04
7.51800E+00        1.31795338476E+04
7.52400E+00        1.31609971252E+04
7.53000E+00        1.31424991292E+04
7.53600E+00        1.31240397529E+04
7.54200E+00        1.31056188901E+04
7.54800E+00        1.30872364347E+04
7.55400E+00        1.30688922812E+04
7.56000E+00        1.30505863245E+04
7.56600E+00        1.30323184596E+04
7.57200E+00        1.30140885821E+04
7.57800E+00        1.29958965879E+04
7.58400E+00        1.29777423731E+04
7.59000E+00        1.29596258344E+04
7.59600E+00        1.29415468685E+04
7.60200E+00        1.29235053729E+04
7.60800E+00        1.29055012450E+04
7.61400E+00        1.28875343829E+04
7.62000E+00        1.28696046848E+04
7.62600E+00        1.28517120494E+04
7.63200E+00        1.28338563756E+04
7.63800E+00        1.28160375628E+04
7.64400E+00        1.27982555106E+04
7.65000E+00        1.27805101191E+04
7.65600E+00        1.27628012885E+04
7.66200E+00        1.27451289195E+04
7.66800E+00        1.27274929131E+04
7.67400E+00        1.27098931706E+04
7.68000E+00        1.26923295937E+04
7.68600E+00        1.26748020844E+04
7.69200E+00        1.26573105450E+04
7.69800E+00        1.26398548781E+04
7.70400E+00        1.26224349867E+04
7.71000E+00        1.26050507741E+04
7.71600E+00        1.25877021439E+04
7.72200E+00        1.25703890001E+04
7.72800E+00        1.25531112468E+04
7.73400E+00        1.25358687887E+04
7.74000E+00        1.25186615306E+04
7.74600E+00        1.25014893778E+04
7.75200E+00        1.24843522358E+04
7.75800E+00        1.24672500104E+04
7.76400E+00        1.24501826078E+04
7.77000E+00        1.24331499343E+04
7.77600E+00        1.24161518969E+04
7.78200E+00        1.23991884026E+04
7.78800E+00        1.23822593587E+04
7.79400E+00        1.23653646730E+04
7.80000E+00        1.23485042534E+04
7.80600E+00        1.23316780083E+04
7.81200E+00        1.23148858462E+04
7.81800E+00        1.22981276761E+04
7.82400E+00        1.22814034072E+04
7.83000E+00        1.22647129489E+04
7.83600E+00        1.22480562112E+04
7.84200E+00        1.22314331040E+04
7.84800E+00        1.22148435378E+04
7.85400E+00        1.21982874233E+04
7.86000E+00        1.21817646715E+04
7.86600E+00        1.21652751936E+04
7.87200E+00        1.21488189013E+04
7.87800E+00        1.21323957063E+04
7.88400E+00        1.21160055208E+04
7.89000E+00        1.20996482573E+04
7.89600E+00        1.20833238285E+04
7.90200E+00        1.20670321474E+04
7.90800E+00        1.20507731273E+04
7.91400E+00        1.20345466818E+04
7.92000E+00        1.20183527247E+04
7.92600E+00        1.20021911702E+04
7.93200E+00        1.19860619327E+04
7.93800E+00        1.19699649269E+04
7.94400E+00        1.19539000678E+04
7.95000E+00        1.19378672706E+04
7.95600E+00        1.19218664509E+04
7.96200E+00        1.19058975245E+04
7.96800E+00        1.18899604074E+04
7.97400E+00        1.18740550160E+04
7.98000E+00        1.18581812670E+04
7.98600E+00        1.18423390773E+04
7.99200E+00        1.18265283639E+04
7.99800E+00        1.18107490444E+04
8.00400E+00        1.17950010364E+04
8.01000E+00        1.17792842580E+04
8.01600E+00        1.17635986273E+04
8.02200E+00        1.17479440628E+04
8.02800E+00        1.17323204833E+04
8.03400E+00        1.17167278079E+04
8.04000E+00        1.17011659558E+04
8.04600E+00        1.16856348466E+04
8.05200E+00        1.16701344001E+04
8.05800E+00        1.16546645362E+04
8.06400E+00        1.16392251755E+04
8.07000E+00        1.16238162384E+04
8.07600E+00        1.16084376458E+04
8.08200E+00        1.15930893187E+04
8.08800E+00        1.15777711786E+04
8.09400E+00        1.15624831470E+04
8.10000E+00        1.15472251457E+04
8.10600E+00        1.15319970969E+04
8.11200E+00        1.15167989228E+04
8.11800E+00        1.15016305462E+04
8.12400E+00        1.14864918898E+04
8.13000E+00        1.14713828768E+04
8.13600E+00        1.14563034304E+04
8.14200E+00        1.14412534743E+04
8.14800E+00        1.14262329322E+04
8.15400E+00        1.14112417283E+04
8.16000E+00        1.13962797869E+04
8.16600E+00        1.13813470325E+04
8.17200E+00        1.13664433899E+04
8.17800E+00        1.13515687841E+04
8.18400E+00        1.13367231405E+04
8.19000E+00        1.13219063845E+04
8.19600E+00        1.13071184419E+04
8.20200E+00        1.12923592386E+04
8.20800E+00        1.12776287009E+04
8.21400E+00        1.12629267552E+04
8.22000E+00        1.12482533283E+04
8.22600E+00        1.12336083470E+04
8.23200E+00        1.12189917384E+04
8.23800E+00        1.12044034301E+04
8.24400E+00        1.11898433495E+04
8.25000E+00        1.11753114245E+04
8.25600E+00        1.11608075832E+04
8.26200E+00        1.11463317539E+04
8.26800E+00        1.11318838651E+04
8.27400E+00        1.11174638455E+04
8.28000E+00        1.11030716241E+04
8.28600E+00        1.10887071302E+04
8.29200E+00        1.10743702930E+04
8.29800E+00        1.10600610424E+04
8.30400E+00        1.10457793081E+04
8.31000E+00        1.10315250202E+04
8.31600E+00        1.10172981090E+04
8.32200E+00        1.10030985050E+04
8.32800E+00        1.09889261391E+04
8.33400E+00        1.09747809420E+04
8.34000E+00        1.09606628451E+04
8.34600E+00        1.09465717797E+04
8.35200E+00        1.09325076774E+04
8.35800E+00        1.09184704700E+04
8.36400E+00        1.09044600895E+04
8.37000E+00        1.08904764683E+04
8.37600E+00        1.08765195387E+04
8.38200E+00        1.08625892334E+04
8.38800E+00        1.08486854853E+04
8.39400E+00        1.08348082274E+04
8.40000E+00        1.08209573932E+04
8.40600E+00        1.08071329160E+04
8.41200E+00        1.07933347296E+04
8.41800E+00        1.07795627680E+04
8.42400E+00        1.07658169651E+04
8.43000E+00        1.07520972554E+04
8.43600E+00        1.07384035733E+04
8.44200E+00        1.07247358537E+04
8.44800E+00        1.07110940314E+04
8.45400E+00        1.06974780416E+04
8.46000E+00        1.06838878196E+04
8.46600E+00        1.06703233010E+04
8.47200E+00        1.06567844215E+04
8.47800E+00        1.06432711170E+04
8.48400E+00        1.06297833237E+04
8.49000E+00        1.06163209779E+04
8.49600E+00        1.06028840161E+04
8.50200E+00        1.05894723751E+04
8.50800E+00        1.05760859918E+04
8.51400E+00        1.05627248033E+04
8.52000E+00        1.05493887469E+04
8.52600E+00        1.05360777600E+04
8.53200E+00        1.05227917805E+04
8.53800E+00        1.05095307462E+04
8.54400E+00        1.04962945951E+04
8.55000E+00        1.04830832656E+04
8.55600E+00        1.04698966960E+04
8.56200E+00        1.04567348251E+04
8.56800E+00        1.04435975917E+04
8.57400E+00        1.04304849347E+04
8.58000E+00        1.04173967934E+04
8.58600E+00        1.04043331073E+04
8.59200E+00        1.03912938158E+04
8.59800E+00        1.03782788587E+04
8.60400E+00        1.03652881760E+04
8.61000E+00        1.03523217079E+04
8.61600E+00        1.03393793945E+04
8.62200E+00        1.03264611765E+04
8.62800E+00        1.03135669945E+04
8.63400E+00        1.03006967894E+04
8.64000E+00        1.02878505022E+04
8.64600E+00        1.02750280741E+04
8.65200E+00        1.02622294465E+04
8.65800E+00        1.02494545610E+04
8.66400E+00        1.02367033594E+04
8.67000E+00        1.02239757836E+04
8.67600E+00        1.02112717757E+04
8.68200E+00        1.01985912779E+04
8.68800E+00        1.01859342328E+04
8.69400E+00        1.01733005829E+04
8.70000E+00        1.01606902711E+04
8.70600E+00        1.01481032404E+04
8.71200E+00        1.01355394338E+04
8.71800E+00        1.01229987948E+04
8.72400E+00        1.01104812668E+04
8.73000E+00        1.00979867935E+04
8.73600E+00        1.00855153187E+04
8.74200E+00        1.00730667865E+04
8.74800E+00        1.00606411409E+04
8.75400E+00        1.00482383264E+04
8.76000E+00        1.00358582874E+04
8.76600E+00        1.00235009687E+04
8.77200E+00        1.00111663150E+04
8.77800E+00        9.99885427146E+03
8.78400E+00        9.98656478314E+03
8.79000E+00        9.97429779542E+03
8.79600E+00        9.96205325379E+03
8.80200E+00        9.94983110393E+03
8.80800E+00        9.93763129166E+03
8.81400E+00        9.92545376299E+03
8.82000E+00        9.91329846405E+03
8.82600E+00        9.90116534117E+03
8.83200E+00        9.88905434082E+03
8.83800E+00        9.87696540964E+03
8.84400E+00        9.86489849442E+03
8.85000E+00        9.85285354212E+03
8.85600E+00        9.84083049984E+03
8.86200E+00        9.82882931487E+03
8.86800E+00        9.81684993462E+03
8.87400E+00        9.80489230667E+03
8.88000E+00        9.79295637878E+03
8.88600E+00        9.78104209884E+03
8.89200E+00        9.76914941489E+03
8.89800E+00        9.75727827514E+03
8.90400E+00        9.74542862795E+03
8.91000E+00        9.73360042183E+03
8.91600E+00        9.72179360545E+03
8.92200E+00        9.71000812763E+03
8.92800E+00        9.69824393733E+03
8.93400E+00        9.68650098367E+03
8.94000E+00        9.67477921593E+03
8.94600E+00        9.66307858353E+03
8.95200E+00        9.65139903604E+03
8.95800E+00        9.63974052317E+03
8.96400E+00        9.62810299481E+03
8.97000E+00        9.61648640095E+03
8.97600E+00        9.60489069178E+03
8.98200E+00        9.59331581759E+03
8.98800E+00        9.58176172885E+03
8.99400E+00        9.57022837616E+03
9.00000E+00        9.55871571028E+03
9.00600E+00        9.54722368208E+03
9.01200E+00        9.53575224262E+03
9.01800E+00        9.52430134308E+03
9.02400E+00        9.51287093478E+03
9.03000E+00        9.50146096918E+03
9.03600E+00        9.49007139792E+03
9.04200E+00        9.47870217272E+03
9.04800E+00        9.46735324550E+03
9.05400E+00        9.45602456829E+03
9.06000E+00        9.44471609326E+03
9.06600E+00        9.43342777273E+03
9.07200E+00        9.42215955915E+03
9.07800E+00        9.41091140513E+03
9.08400E+00        9.39968326339E+03
9.09000E+00        9.38847508680E+03
9.09600E+00        9.37728682839E+03
9.10200E+00        9.36611844128E+03
9.10800E+00        9.35496987877E+03
9.11400E+00        9.34384109427E+03
9.12000E+00        9.33273204134E+03
9.12600E+00        9.32164267366E+03
9.13200E+00        9.31057294507E+03
9.13800E+00        9.29952280952E+03
9.14400E+00        9.28849222111E+03
9.15000E+00        9.27748113406E+03
9.15600E+00        9.26648950272E+03
9.16200E+00        9.25551728160E+03
9.16800E+00        9.24456442531E+03
9.17400E+00        9.23363088861E+03
9.18000E+00        9.22271662639E+03
9.18600E+00        9.21182159365E+03
9.19200E+00        9.20094574556E+03
9.19800E+00        9.19008903738E+03
9.20400E+00        9.17925142453E+03
9.21000E+00        9.16843286252E+03
9.21600E+00        9.15763330704E+03
9.22200E+00        9.14685271387E+03
9.22800E+00        9.13609103893E+03
9.23400E+00        9.12534823826E+03
9.24000E+00        9.11462426803E+03
9.24600E+00        9.10391908455E+03
9.25200E+00        9.09323264424E+03
9.25800E+00        9.08256490364E+03
9.26400E+00        9.07191581944E+03
9.27000E+00        9.06128534843E+03
9.27600E+00        9.05067344754E+03
9.28200E+00        9.04008007380E+03
9.28800E+00        9.02950518440E+03
9.29400E+00        9.01894873661E+03
9.30000E+00        9.00841068787E+03
9.30600E+00        8.99789099570E+03
9.31200E+00        8.98738961776E+03
9.31800E+00        8.97690651184E+03
9.32400E+00        8.96644163583E+03
9.33000E+00        8.95599494775E+03
9.33600E+00        8.94556640575E+03
9.34200E+00        8.93515596808E+03
9.34800E+00        8.92476359313E+03
9.35400E+00        8.91438923939E+03
9.36000E+00        8.90403286547E+03
9.36600E+00        8.89369443011E+03
9.37200E+00        8.88337389217E+03
9.37800E+00        8.87307121061E+03
9.38400E+00        8.86278634451E+03
9.39000E+00        8.85251925308E+03
9.39600E+00        8.84226989564E+03
9.40200E+00        8.83203823161E+03
9.40800E+00        8.82182422055E+03
9.41400E+00        8.81162782211E+03
9.42000E+00        8.80144899608E+03
9.42600E+00        8.79128770235E+03
9.43200E+00        8.78114390092E+03
9.43800E+00        8.77101755190E+03
9.44400E+00        8.76090861553E+03
9.45000E+00        8.75081705216E+03
9.45600E+00        8.74074282223E+03
9.46200E+00        8.73068588632E+03
9.46800E+00        8.72064620509E+03
9.47400E+00        8.71062373935E+03
9.48000E+00        8.70061844998E+03
9.48600E+00        8.69063029801E+03
9.49200E+00        8.68065924454E+03
9.49800E+00        8.67070525081E+03
9.50400E+00        8.66076827815E+03
9.51000E+00        8.65084828802E+03
9.51600E+00        8.64094524196E+03
9.52200E+00        8.63105910164E+03
9.52800E+00        8.62118982884E+03
9.53400E+00        8.61133738542E+03
9.54000E+00        8.60150173337E+03
9.54600E+00        8.59168283479E+03
9.55200E+00        8.58188065187E+03
9.55800E+00        8.57209514691E+03
9.56400E+00        8.56232628233E+03
9.57000E+00        8.55257402063E+03
9.57600E+00        8.54283832444E+03
9.58200E+00        8.53311915648E+03
9.58800E+00        8.52341647958E+03
9.59400E+00        8.51373025667E+03
9.60000E+00        8.50406045078E+03
9.60600E+00        8.49440702504E+03
9.61200E+00        8.48476994271E+03
9.61800E+00        8.47514916712E+03
9.62400E+00        8.46554466172E+03
9.63000E+00        8.45595639005E+03
9.63600E+00        8.44638431576E+03
9.64200E+00        8.43682840260E+03
9.64800E+00        8.42728861442E+03
9.65400E+00        8.41776491516E+03
9.66000E+00        8.40825726889E+03
9.66600E+00        8.39876563974E+03
9.67200E+00        8.38928999198E+03
9.67800E+00        8.37983028993E+03
9.68400E+00        8.37038649806E+03
9.69000E+00        8.36095858090E+03
9.69600E+00        8.35154650310E+03
9.70200E+00        8.34215022940E+03
9.70800E+00        8.33276972464E+03
9.71400E+00        8.32340495375E+03
9.72000E+00        8.31405588176E+03
9.72600E+00        8.30472247381E+03
9.73200E+00        8.29540469512E+03
9.73800E+00        8.28610251101E+03
9.74400E+00        8.27681588689E+03
9.75000E+00        8.26754478828E+03
9.75600E+00        8.25828918078E+03
9.76200E+00        8.24904903009E+03
9.76800E+00        8.23982430201E+03
9.77400E+00        8.23061496242E+03
9.78000E+00        8.22142097732E+03
9.78600E+00        8.21224231277E+03
9.79200E+00        8.20307893494E+03
9.79800E+00        8.19393081010E+03
9.80400E+00        8.18479790460E+03
9.81000E+00        8.17568018488E+03
9.81600E+00        8.16657761749E+03
9.82200E+00        8.15749016905E+03
9.82800E+00        8.14841780628E+03
9.83400E+00        8.13936049600E+03
9.84000E+00        8.13031820511E+03
9.84600E+00        8.12129090060E+03
9.85200E+00        8.11227854955E+03
9.85800E+00        8.10328111914E+03
9.86400E+00        8.09429857663E+03
9.87000E+00        8.08533088937E+03
9.87600E+00        8.07637802480E+03
9.88200E+00        8.06743995045E+03
9.88800E+00        8.05851663393E+03
9.89400E+00        8.04960804295E+03
9.90000E+00        8.04071414531E+03
9.90600E+00        8.03183490888E+03
9.91200E+00        8.02297030163E+03
9.91800E+00        8.01412029162E+03
9.92400E+00        8.00528484699E+03
9.93000E+00        7.99646393595E+03
9.93600E+00        7.98765752684E+03
9.94200E+00        7.97886558804E+03
9.94800E+00        7.97008808805E+03
9.95400E+00        7.96132499542E+03
9.96000E+00        7.95257627882E+03
9.96600E+00        7.94384190699E+03
9.97200E+00        7.93512184874E+03
9.97800E+00        7.92641607299E+03
9.98400E+00        7.91772454873E+03
9.99000E+00        7.90904724504E+03
9.99600E+00        7.90038413107E+03
1.00020E+01        7.89173517606E+03
1.00080E+01        7.88310034935E+03
1.00140E+01        7.87447962033E+03
1.00200E+01        7.86587295850E+03
1.00260E+01        7.85728033342E+03
1.00320E+01        7.84870171476E+03
1.00380E+01        7.84013707225E+03
1.00440E+01        7.83158637569E+03
1.00500E+01        7.82304959500E+03
1.00560E+01        7.81452670014E+03
1.00620E+01        7.80601766118E+03
1.00680E+01        7.79752244825E+03
1.00740E+01        7.78904103157E+03
1.00800E+01        7.78057338144E+03
1.00860E+01        7.77211946823E+03
1.00920E+01        7.76367926241E+03
1.00980E+01        7.75525273451E+03
1.01040E+01        7.74683985513E+03
1.01100E+01        7.73844059498E+03
1.01160E+01        7.73005492483E+03
1.01220E+01        7.72168281552E+03
1.01280E+01        7.71332423797E+03
1.01340E+01        7.70497916320E+03
1.01400E+01        7.69664756229E+03
1.01460E+01        7.68832940638E+03
1.01520E+01        7.68002466672E+03
1.01580E+01        7.67173331462E+03
1.01640E+01        7.66345532145E+03
1.01700E+01        7.65519065870E+03
1.01760E+01        7.64693929789E+03
1.01820E+01        7.63870121063E+03
1.01880E+01        7.63047636863E+03
1.01940E+01        7.62226474364E+03
1.02000E+01        7.61406630750E+03
1.02060E+01        7.60588103212E+03
1.02120E+01        7.59770888950E+03
1.02180E+01        7.58954985169E+03
1.02240E+01        7.58140389084E+03
1.02300E+01        7.57327097914E+03
1.02360E+01        7.56515108889E+03
1.02420E+01        7.55704419244E+03
1.02480E+01        7.54895026222E+03
1.02540E+01        7.54086927072E+03
1.02600E+01        7.53280119053E+03
1.02660E+01        7.52474599430E+03
1.02720E+01        7.51670365472E+03
1.02780E+01        7.50867414461E+03
1.02840E+01        7.50065743682E+03
1.02900E+01        7.49265350428E+03
1.02960E+01        7.48466232000E+03
1.03020E+01        7.47668385704E+03
1.03080E+01        7.46871808857E+03
1.03140E+01        7.46076498779E+03
1.03200E+01        7.45282452798E+03
1.03260E+01        7.44489668252E+03
1.03320E+01        7.43698142481E+03
1.03380E+01        7.42907872836E+03
1.03440E+01        7.42118856673E+03
1.03500E+01        7.41331091355E+03
1.03560E+01        7.40544574253E+03
1.03620E+01        7.39759302745E+03
1.03680E+01        7.38975274213E+03
1.03740E+01        7.38192486048E+03
1.03800E+01        7.37410935650E+03
1.03860E+01        7.36630620421E+03
1.03920E+01        7.35851537772E+03
1.03980E+01        7.35073685123E+03
1.04040E+01        7.34297059897E+03
1.04100E+01        7.33521659526E+03
1.04160E+01        7.32747481448E+03
1.04220E+01        7.31974523108E+03
1.04280E+01        7.31202781956E+03
1.04340E+01        7.30432255451E+03
1.04400E+01        7.29662941057E+03
1.04460E+01        7.28894836246E+03
1.04520E+01        7.28127938495E+03
1.04580E+01        7.27362245288E+03
1.04640E+01        7.26597754116E+03
1.04700E+01        7.25834462476E+03
1.04760E+01        7.25072367872E+03
1.04820E+01        7.24311467814E+03
1.04880E+01        7.23551759819E+03
1.04940E+01        7.22793241409E+03
1.05000E+01        7.22035910114E+03
1.05060E+01        7.21279763470E+03
1.05120E+01        7.20524799019E+03
1.05180E+01        7.19771014309E+03
1.05240E+01        7.19018406895E+03
1.05300E+01        7.18266974338E+03
1.05360E+01        7.17516714206E+03
1.05420E+01        7.16767624072E+03
1.05480E+01        7.16019701516E+03
1.05540E+01        7.15272944123E+03
1.05600E+01        7.14527349487E+03
1.05660E+01        7.13782915206E+03
1.05720E+01        7.13039638885E+03
1.05780E+01        7.12297518133E+03
1.05840E+01        7.11556550569E+03
1.05900E+01        7.10816733814E+03
1.05960E+01        7.10078065499E+03
1.06020E+01        7.09340543258E+03
1.06080E+01        7.08604164733E+03
1.06140E+01        7.07868927571E+03
1.06200E+01        7.07134829424E+03
1.06260E+01        7.06401867953E+03
1.06320E+01        7.05670040823E+03
1.06380E+01        7.04939345704E+03
1.06440E+01        7.04209780275E+03
1.06500E+01        7.03481342217E+03
1.06560E+01        7.02754029220E+03
1.06620E+01        7.02027838980E+03
1.06680E+01        7.01302769195E+03
1.06740E+01        7.00578817574E+03
1.06800E+01        6.99855981829E+03
1.06860E+01        6.99134259678E+03
1.06920E+01        6.98413648844E+03
1.06980E+01        6.97694147058E+03
1.07040E+01        6.96975752055E+03
1.07100E+01        6.96258461577E+03
1.07160E+01        6.95542273371E+03
1.07220E+01        6.94827185189E+03
1.07280E+01        6.94113194791E+03
1.07340E+01        6.93400299939E+03
1.07400E+01        6.92688498404E+03
1.07460E+01        6.91977787962E+03
1.07520E+01        6.91268166393E+03
1.07580E+01        6.90559631484E+03
1.07640E+01        6.89852181028E+03
1.07700E+01        6.89145812822E+03
1.07760E+01        6.88440524669E+03
1.07820E+01        6.87736314379E+03
1.07880E+01        6.87033179767E+03
1.07940E+01        6.86331118651E+03
1.08000E+01        6.85630128859E+03
1.08060E+01        6.84930208219E+03
1.08120E+01        6.84231354570E+03
1.08180E+01        6.83533565753E+03
1.08240E+01        6.82836839615E+03
1.08300E+01        6.82141174009E+03
1.08360E+01        6.81446566792E+03
1.08420E+01        6.80753015830E+03
1.08480E+01        6.80060518989E+03
1.08540E+01        6.79369074145E+03
1.08600E+01        6.78678679177E+03
1.08660E+01        6.77989331970E+03
1.08720E+01        6.77301030413E+03
1.08780E+01        6.76613772403E+03
1.08840E+01        6.75927555840E+03
1.08900E+01        6.75242378630E+03
1.08960E+01        6.74558238684E+03
1.09020E+01        6.73875133919E+03
1.09080E+01        6.73193062256E+03
1.09140E+01        6.72512021621E+03
1.09200E+01        6.71832009947E+03
1.09260E+01        6.71153025172E+03
1.09320E+01        6.70475065236E+03
1.09380E+01        6.69798128088E+03
1.09440E+01        6.69122211680E+03
1.09500E+01        6.68447313969E+03
1.09560E+01        6.67773432918E+03
1.09620E+01        6.67100566496E+03
1.09680E+01        6.66428712674E+03
1.09740E+01        6.65757869431E+03
1.09800E+01        6.65088034749E+03
1.09860E+01        6.64419206617E+03
1.09920E+01        6.63751383026E+03
1.09980E+01        6.63084561976E+03
1.10040E+01        6.62418741468E+03
1.10100E+01        6.61753919510E+03
1.10160E+01        6.61090094116E+03
1.10220E+01        6.60427263302E+03
1.10280E+01        6.59765425091E+03
1.10340E+01        6.59104577511E+03
1.10400E+01        6.58444718593E+03
1.10460E+01        6.57785846376E+03
1.10520E+01        6.57127958899E+03
1.10580E+01        6.56471054212E+03
1.10640E+01        6.55815130364E+03
1.10700E+01        6.55160185414E+03
1.10760E+01        6.54506217420E+03
1.10820E+01        6.53853224451E+03
1.10880E+01        6.53201204576E+03
1.10940E+01        6.52550155870E+03
1.11000E+01        6.51900076415E+03
1.11060E+01        6.51250964295E+03
1.11120E+01        6.50602817600E+03
1.11180E+01        6.49955634423E+03
1.11240E+01        6.49309412865E+03
1.11300E+01        6.48664151028E+03
1.11360E+01        6.48019847021E+03
1.11420E+01        6.47376498957E+03
1.11480E+01        6.46734104954E+03
1.11540E+01        6.46092663133E+03
1.11600E+01        6.45452171622E+03
1.11660E+01        6.44812628552E+03
1.11720E+01        6.44174032058E+03
1.11780E+01        6.43536380282E+03
1.11840E+01        6.42899671368E+03
1.11900E+01        6.42263903466E+03
1.11960E+01        6.41629074730E+03
1.12020E+01        6.40995183318E+03
1.12080E+01        6.40362227394E+03
1.12140E+01        6.39730205126E+03
1.12200E+01        6.39099114684E+03
1.12260E+01        6.38468954247E+03
1.12320E+01        6.37839721994E+03
1.12380E+01        6.37211416110E+03
1.12440E+01        6.36584034787E+03
1.12500E+01        6.35957576217E+03
1.12560E+01        6.35332038600E+03
1.12620E+01        6.34707420138E+03
1.12680E+01        6.34083719039E+03
1.12740E+01        6.33460933514E+03
1.12800E+01        6.32839061779E+03
1.12860E+01        6.32218102054E+03
1.12920E+01        6.31598052565E+03
1.12980E+01        6.30978911539E+03
1.13040E+01        6.30360677211E+03
1.13100E+01        6.29743347817E+03
1.13160E+01        6.29126921599E+03
1.13220E+01        6.28511396803E+03
1.13280E+01        6.27896771680E+03
1.13340E+01        6.27283044484E+03
1.13400E+01        6.26670213473E+03
1.13460E+01        6.26058276911E+03
1.13520E+01        6.25447233064E+03
1.13580E+01        6.24837080204E+03
1.13640E+01        6.24227816605E+03
1.13700E+01        6.23619440548E+03
1.13760E+01        6.23011950316E+03
1.13820E+01        6.22405344197E+03
1.13880E+01        6.21799620483E+03
1.13940E+01        6.21194777470E+03
1.14000E+01        6.20590813458E+03
1.14060E+01        6.19987726750E+03
1.14120E+01        6.19385515657E+03
1.14180E+01        6.18784178489E+03
1.14240E+01        6.18183713563E+03
1.14300E+01        6.17584119199E+03
1.14360E+01        6.16985393723E+03
1.14420E+01        6.16387535462E+03
1.14480E+01        6.15790542748E+03
1.14540E+01        6.15194413919E+03
1.14600E+01        6.14599147314E+03
1.14660E+01        6.14004741279E+03
1.14720E+01        6.13411194160E+03
1.14780E+01        6.12818504312E+03
1.14840E+01        6.12226670089E+03
1.14900E+01        6.11635689852E+03
1.14960E+01        6.11045561965E+03
1.15020E+01        6.10456284795E+03
1.15080E+01        6.09867856716E+03
1.15140E+01        6.09280276102E+03
1.15200E+01        6.08693541332E+03
1.15260E+01        6.08107650791E+03
1.15320E+01        6.07522602866E+03
1.15380E+01        6.06938395947E+03
1.15440E+01        6.06355028430E+03
1.15500E+01        6.05772498714E+03
1.15560E+01        6.05190805200E+03
1.15620E+01        6.04609946296E+03
1.15680E+01        6.04029920410E+03
1.15740E+01        6.03450725958E+03
1.15800E+01        6.02872361357E+03
1.15860E+01        6.02294825028E+03
1.15920E+01        6.01718115396E+03
1.15980E+01        6.01142230890E+03
1.16040E+01        6.00567169942E+03
1.16100E+01        5.99992930990E+03
1.16160E+01        5.99419512473E+03
1.16220E+01        5.98846912833E+03
1.16280E+01        5.98275130520E+03
1.16340E+01        5.97704163984E+03
1.16400E+01        5.97134011678E+03
1.16460E+01        5.96564672063E+03
1.16520E+01        5.95996143598E+03
1.16580E+01        5.95428424751E+03
1.16640E+01        5.94861513990E+03
1.16700E+01        5.94295409788E+03
1.16760E+01        5.93730110621E+03
1.16820E+01        5.93165614970E+03
1.16880E+01        5.92601921316E+03
1.16940E+01        5.92039028149E+03
1.17000E+01        5.91476933957E+03
1.17060E+01        5.90915637236E+03
1.17120E+01        5.90355136483E+03
1.17180E+01        5.89795430200E+03
1.17240E+01        5.89236516890E+03
1.17300E+01        5.88678395062E+03
1.17360E+01        5.88121063228E+03
1.17420E+01        5.87564519903E+03
1.17480E+01        5.87008763605E+03
1.17540E+01        5.86453792857E+03
1.17600E+01        5.85899606185E+03
1.17660E+01        5.85346202116E+03
1.17720E+01        5.84793579185E+03
1.17780E+01        5.84241735925E+03
1.17840E+01        5.83690670878E+03
1.17900E+01        5.83140382586E+03
1.17960E+01        5.82590869594E+03
1.18020E+01        5.82042130452E+03
1.18080E+01        5.81494163713E+03
1.18140E+01        5.80946967933E+03
1.18200E+01        5.80400541672E+03
1.18260E+01        5.79854883492E+03
1.18320E+01        5.79309991961E+03
1.18380E+01        5.78765865646E+03
1.18440E+01        5.78222503123E+03
1.18500E+01        5.77679902966E+03
1.18560E+01        5.77138063755E+03
1.18620E+01        5.76596984073E+03
1.18680E+01        5.76056662506E+03
1.18740E+01        5.75517097644E+03
1.18800E+01        5.74978288079E+03
1.18860E+01        5.74440232406E+03
1.18920E+01        5.73902929227E+03
1.18980E+01        5.73366377141E+03
1.19040E+01        5.72830574756E+03
1.19100E+01        5.72295520680E+03
1.19160E+01        5.71761213525E+03
1.19220E+01        5.71227651906E+03
1.19280E+01        5.70694834442E+03
1.19340E+01        5.70162759755E+03
1.19400E+01        5.69631426469E+03
1.19460E+01        5.69100833212E+03
1.19520E+01        5.68570978616E+03
1.19580E+01        5.68041861315E+03
1.19640E+01        5.67513479945E+03
1.19700E+01        5.66985833149E+03
1.19760E+01        5.66458919569E+03
1.19820E+01        5.65932737852E+03
1.19880E+01        5.65407286648E+03
1.19940E+01        5.64882564611E+03
1.20000E+01        5.64358570396E+03
1.20060E+01        5.63835302663E+03
1.20120E+01        5.63312760073E+03
1.20180E+01        5.62790941293E+03
1.20240E+01        5.62269844991E+03
1.20300E+01        5.61749469837E+03
1.20360E+01        5.61229814507E+03
1.20420E+01        5.60710877678E+03
1.20480E+01        5.60192658031E+03
1.20540E+01        5.59675154249E+03
1.20600E+01        5.59158365019E+03
1.20660E+01        5.58642289030E+03
1.20720E+01        5.58126924974E+03
1.20780E+01        5.57612271549E+03
1.20840E+01        5.57098327451E+03
1.20900E+01        5.56585091383E+03
1.20960E+01        5.56072562049E+03
1.21020E+01        5.55560738155E+03
1.21080E+01        5.55049618414E+03
1.21140E+01        5.54539201538E+03
1.21200E+01        5.54029486242E+03
1.21260E+01        5.53520471247E+03
1.21320E+01        5.53012155274E+03
1.21380E+01        5.52504537049E+03
1.21440E+01        5.51997615298E+03
1.21500E+01        5.51491388753E+03
1.21560E+01        5.50985856148E+03
1.21620E+01        5.50481016218E+03
1.21680E+01        5.49976867704E+03
1.21740E+01        5.49473409346E+03
1.21800E+01        5.48970639892E+03
1.21860E+01        5.48468558087E+03
1.21920E+01        5.47967162684E+03
1.21980E+01        5.47466452435E+03
1.22040E+01        5.46966426096E+03
1.22100E+01        5.46467082428E+03
1.22160E+01        5.45968420192E+03
1.22220E+01        5.45470438153E+03
1.22280E+01        5.44973135078E+03
1.22340E+01        5.44476509737E+03
1.22400E+01        5.43980560904E+03
1.22460E+01        5.43485287355E+03
1.22520E+01        5.42990687868E+03
1.22580E+01        5.42496761225E+03
1.22640E+01        5.42003506209E+03
1.22700E+01        5.41510921608E+03
1.22760E+01        5.41019006212E+03
1.22820E+01        5.40527758811E+03
1.22880E+01        5.40037178202E+03
1.22940E+01        5.39547263183E+03
1.23000E+01        5.39058012552E+03
1.23060E+01        5.38569425115E+03
1.23120E+01        5.38081499676E+03
1.23180E+01        5.37594235044E+03
1.23240E+01        5.37107630030E+03
1.23300E+01        5.36621683448E+03
1.23360E+01        5.36136394115E+03
1.23420E+01        5.35651760849E+03
1.23480E+01        5.35167782472E+03
1.23540E+01        5.34684457809E+03
1.23600E+01        5.34201785687E+03
1.23660E+01        5.33719764935E+03
1.23720E+01        5.33238394385E+03
1.23780E+01        5.32757672873E+03
1.23840E+01        5.32277599235E+03
1.23900E+01        5.31798172313E+03
1.23960E+01        5.31319390948E+03
1.24020E+01        5.30841253986E+03
1.24080E+01        5.30363760274E+03
1.24140E+01        5.29886908663E+03
1.24200E+01        5.29410698006E+03
1.24260E+01        5.28935127158E+03
1.24320E+01        5.28460194977E+03
1.24380E+01        5.27985900324E+03
1.24440E+01        5.27512242062E+03
1.24500E+01        5.27039219057E+03
1.24560E+01        5.26566830175E+03
1.24620E+01        5.26095074289E+03
1.24680E+01        5.25623950272E+03
1.24740E+01        5.25153456998E+03
1.24800E+01        5.24683593346E+03
1.24860E+01        5.24214358197E+03
1.24920E+01        5.23745750434E+03
1.24980E+01        5.23277768941E+03
1.25040E+01        5.22810412608E+03
1.25100E+01        5.22343680325E+03
1.25160E+01        5.21877570985E+03
1.25220E+01        5.21412083482E+03
1.25280E+01        5.20947216716E+03
1.25340E+01        5.20482969585E+03
1.25400E+01        5.20019340994E+03
1.25460E+01        5.19556329846E+03
1.25520E+01        5.19093935049E+03
1.25580E+01        5.18632155514E+03
1.25640E+01        5.18170990153E+03
1.25700E+01        5.17710437879E+03
1.25760E+01        5.17250497611E+03
1.25820E+01        5.16791168268E+03
1.25880E+01        5.16332448772E+03
1.25940E+01        5.15874338047E+03
1.26000E+01        5.15416835019E+03
1.26060E+01        5.14959938617E+03
1.26120E+01        5.14503647773E+03
1.26180E+01        5.14047961421E+03
1.26240E+01        5.13592878496E+03
1.26300E+01        5.13138397936E+03
1.26360E+01        5.12684518683E+03
1.26420E+01        5.12231239679E+03
1.26480E+01        5.11778559870E+03
1.26540E+01        5.11326478202E+03
1.26600E+01        5.10874993627E+03
1.26660E+01        5.10424105096E+03
1.26720E+01        5.09973811563E+03
1.26780E+01        5.09524111985E+03
1.26840E+01        5.09075005322E+03
1.26900E+01        5.08626490535E+03
1.26960E+01        5.08178566587E+03
1.27020E+01        5.07731232443E+03
1.27080E+01        5.07284487073E+03
1.27140E+01        5.06838329446E+03
1.27200E+01        5.06392758535E+03
1.27260E+01        5.05947773315E+03
1.27320E+01        5.05503372763E+03
1.27380E+01        5.05059555858E+03
1.27440E+01        5.04616321581E+03
1.27500E+01        5.04173668917E+03
1.27560E+01        5.03731596850E+03
1.27620E+01        5.03290104370E+03
1.27680E+01        5.02849190467E+03
1.27740E+01        5.02408854132E+03
1.27800E+01        5.01969094361E+03
1.27860E+01        5.01529910151E+03
1.27920E+01        5.01091300500E+03
1.27980E+01        5.00653264410E+03
1.28040E+01        5.00215800884E+03
1.28100E+01        4.99778908928E+03
1.28160E+01        4.99342587549E+03
1.28220E+01        4.98906835757E+03
1.28280E+01        4.98471652564E+03
1.28340E+01        4.98037036984E+03
1.28400E+01        4.97602988033E+03
1.28460E+01        4.97169504731E+03
1.28520E+01        4.96736586096E+03
1.28580E+01        4.96304231152E+03
1.28640E+01        4.95872438923E+03
1.28700E+01        4.95441208437E+03
1.28760E+01        4.95010538721E+03
1.28820E+01        4.94580428808E+03
1.28880E+01        4.94150877729E+03
1.28940E+01        4.93721884521E+03
1.29000E+01        4.93293448220E+03
1.29060E+01        4.92865567866E+03
1.29120E+01        4.92438242500E+03
1.29180E+01        4.92011471165E+03
1.29240E+01        4.91585252907E+03
1.29300E+01        4.91159586773E+03
1.29360E+01        4.90734471813E+03
1.29420E+01        4.90309907078E+03
1.29480E+01        4.89885891623E+03
1.29540E+01        4.89462424502E+03
1.29600E+01        4.89039504773E+03
1.29660E+01        4.88617131497E+03
1.29720E+01        4.88195303734E+03
1.29780E+01        4.87774020549E+03
1.29840E+01        4.87353281007E+03
1.29900E+01        4.86933084175E+03
1.29960E+01        4.86513429124E+03
1.30020E+01        4.86094314926E+03
1.30080E+01        4.85675740653E+03
1.30140E+01        4.85257705381E+03
1.30200E+01        4.84840208189E+03
1.30260E+01        4.84423248155E+03
1.30320E+01        4.84006824362E+03
1.30380E+01        4.83590935892E+03
1.30440E+01        4.83175581831E+03
1.30500E+01        4.82760761266E+03
1.30560E+01        4.82346473287E+03
1.30620E+01        4.81932716986E+03
1.30680E+01        4.81519491454E+03
1.30740E+01        4.81106795788E+03
1.30800E+01        4.80694629085E+03
1.30860E+01        4.80282990442E+03
1.30920E+01        4.79871878962E+03
1.30980E+01        4.79461293747E+03
1.31040E+01        4.79051233901E+03
1.31100E+01        4.78641698532E+03
1.31160E+01        4.78232686747E+03
1.31220E+01        4.77824197658E+03
1.31280E+01        4.77416230376E+03
1.31340E+01        4.77008784015E+03
1.31400E+01        4.76601857691E+03
1.31460E+01        4.76195450523E+03
1.31520E+01        4.75789561630E+03
1.31580E+01        4.75384190133E+03
1.31640E+01        4.74979335157E+03
1.31700E+01        4.74574995825E+03
1.31760E+01        4.74171171266E+03
1.31820E+01        4.73767860609E+03
1.31880E+01        4.73365062983E+03
1.31940E+01        4.72962777523E+03
1.32000E+01        4.72561003361E+03
1.32060E+01        4.72159739636E+03
1.32120E+01        4.71758985484E+03
1.32180E+01        4.71358740045E+03
1.32240E+01        4.70959002462E+03
1.32300E+01        4.70559771878E+03
1.32360E+01        4.70161047438E+03
1.32420E+01        4.69762828289E+03
1.32480E+01        4.69365113580E+03
1.32540E+01        4.68967902463E+03
1.32600E+01        4.68571194089E+03
1.32660E+01        4.68174987612E+03
1.32720E+01        4.67779282189E+03
1.32780E+01        4.67384076978E+03
1.32840E+01        4.66989371137E+03
1.32900E+01        4.66595163829E+03
1.32960E+01        4.66201454217E+03
1.33020E+01        4.65808241465E+03
1.33080E+01        4.65415524739E+03
1.33140E+01        4.65023303209E+03
1.33200E+01        4.64631576044E+03
1.33260E+01        4.64240342416E+03
1.33320E+01        4.63849601498E+03
1.33380E+01        4.63459352466E+03
1.33440E+01        4.63069594497E+03
1.33500E+01        4.62680326770E+03
1.33560E+01        4.62291548464E+03
1.33620E+01        4.61903258762E+03
1.33680E+01        4.61515456847E+03
1.33740E+01        4.61128141906E+03
1.33800E+01        4.60741313125E+03
1.33860E+01        4.60354969693E+03
1.33920E+01        4.59969110801E+03
1.33980E+01        4.59583735640E+03
1.34040E+01        4.59198843406E+03
1.34100E+01        4.58814433294E+03
1.34160E+01        4.58430504500E+03
1.34220E+01        4.58047056223E+03
1.34280E+01        4.57664087666E+03
1.34340E+01        4.57281598028E+03
1.34400E+01        4.56899586515E+03
1.34460E+01        4.56518052332E+03
1.34520E+01        4.56136994687E+03
1.34580E+01        4.55756412787E+03
1.34640E+01        4.55376305844E+03
1.34700E+01        4.54996673069E+03
1.34760E+01        4.54617513677E+03
1.34820E+01        4.54238826882E+03
1.34880E+01        4.53860611902E+03
1.34940E+01        4.53482867956E+03
1.35000E+01        4.53105594262E+03
1.35060E+01        4.52728790044E+03
1.35120E+01        4.52352454525E+03
1.35180E+01        4.51976586930E+03
1.35240E+01        4.51601186484E+03
1.35300E+01        4.51226252418E+03
1.35360E+01        4.50851783959E+03
1.35420E+01        4.50477780341E+03
1.35480E+01        4.50104240795E+03
1.35540E+01        4.49731164556E+03
1.35600E+01        4.49358550861E+03
1.35660E+01        4.48986398946E+03
1.35720E+01        4.48614708052E+03
1.35780E+01        4.48243477419E+03
1.35840E+01        4.47872706289E+03
1.35900E+01        4.47502393907E+03
1.35960E+01        4.47132539517E+03
1.36020E+01        4.46763142367E+03
1.36080E+01        4.46394201706E+03
1.36140E+01        4.46025716783E+03
1.36200E+01        4.45657686850E+03
1.36260E+01        4.45290111161E+03
1.36320E+01        4.44922988969E+03
1.36380E+01        4.44556319532E+03
1.36440E+01        4.44190102106E+03
1.36500E+01        4.43824335952E+03
1.36560E+01        4.43459020330E+03
1.36620E+01        4.43094154502E+03
1.36680E+01        4.42729737732E+03
1.36740E+01        4.42365769285E+03
1.36800E+01        4.42002248428E+03
1.36860E+01        4.41639174429E+03
1.36920E+01        4.41276546559E+03
1.36980E+01        4.40914364088E+03
1.37040E+01        4.40552626289E+03
1.37100E+01        4.40191332436E+03
1.37160E+01        4.39830481805E+03
1.37220E+01        4.39470073673E+03
1.37280E+01        4.39110107319E+03
1.37340E+01        4.38750582023E+03
1.37400E+01        4.38391497066E+03
1.37460E+01        4.38032851731E+03
1.37520E+01        4.37674645304E+03
1.37580E+01        4.37316877069E+03
1.37640E+01        4.36959546314E+03
1.37700E+01        4.36602652328E+03
1.37760E+01        4.36246194402E+03
1.37820E+01        4.35890171826E+03
1.37880E+01        4.35534583895E+03
1.37940E+01        4.35179429902E+03
1.38000E+01        4.34824709143E+03
1.38060E+01        4.34470420917E+03
1.38120E+01        4.34116564521E+03
1.38180E+01        4.33763139257E+03
1.38240E+01        4.33410144425E+03
1.38300E+01        4.33057579329E+03
1.38360E+01        4.32705443273E+03
1.38420E+01        4.32353735563E+03
1.38480E+01        4.32002455506E+03
1.38540E+01        4.31651602412E+03
1.38600E+01        4.31301175589E+03
1.38660E+01        4.30951174350E+03
1.38720E+01        4.30601598008E+03
1.38780E+01        4.30252445876E+03
1.38840E+01        4.29903717270E+03
1.38900E+01        4.29555411507E+03
1.38960E+01        4.29207527906E+03
1.39020E+01        4.28860065786E+03
1.39080E+01        4.28513024468E+03
1.39140E+01        4.28166403275E+03
1.39200E+01        4.27820201531E+03
1.39260E+01        4.27474418560E+03
1.39320E+01        4.27129053690E+03
1.39380E+01        4.26784106247E+03
1.39440E+01        4.26439575562E+03
1.39500E+01        4.26095460965E+03
1.39560E+01        4.25751761787E+03
1.39620E+01        4.25408477362E+03
1.39680E+01        4.25065607025E+03
1.39740E+01        4.24723150111E+03
1.39800E+01        4.24381105958E+03
1.39860E+01        4.24039473904E+03
1.39920E+01        4.23698253289E+03
1.39980E+01        4.23357443455E+03
1.40040E+01        4.23017043743E+03
