# %ECSV 0.9
# ---
# datatype:
# - {name: wavelength, unit: micron, datatype: float64}
# - {name: flux, unit: microJansky, datatype: float64}
# schema: astropy-2.0
#
#
#  - - File generated by ExoNoodle - -
#         V1.0.0 - MML (CEA-Saclay)
#       2021-02-26 14:01:48.325215
wavelength flux 
3.00000E+00        5.55024289844E+04
3.00600E+00        5.53520412801E+04
3.01200E+00        5.52021989597E+04
3.01800E+00        5.50528999667E+04
3.02400E+00        5.49041422471E+04
3.03000E+00        5.47559237498E+04
3.03600E+00        5.46082424266E+04
3.04200E+00        5.44610962320E+04
3.04800E+00        5.43144831240E+04
3.05400E+00        5.41684010635E+04
3.06000E+00        5.40228480148E+04
3.06600E+00        5.38778219458E+04
3.07200E+00        5.37333208279E+04
3.07800E+00        5.35893426358E+04
3.08400E+00        5.34458853485E+04
3.09000E+00        5.33029469485E+04
3.09600E+00        5.31605254223E+04
3.10200E+00        5.30186187604E+04
3.10800E+00        5.28772249575E+04
3.11400E+00        5.27363420126E+04
3.12000E+00        5.25959679288E+04
3.12600E+00        5.24561007137E+04
3.13200E+00        5.23167383793E+04
3.13800E+00        5.21778789421E+04
3.14400E+00        5.20395204234E+04
3.15000E+00        5.19016608490E+04
3.15600E+00        5.17642982495E+04
3.16200E+00        5.16274306603E+04
3.16800E+00        5.14910561218E+04
3.17400E+00        5.13551726792E+04
3.18000E+00        5.12197783829E+04
3.18600E+00        5.10848712882E+04
3.19200E+00        5.09504494556E+04
3.19800E+00        5.08165109509E+04
3.20400E+00        5.06830538450E+04
3.21000E+00        5.05500762141E+04
3.21600E+00        5.04175761400E+04
3.22200E+00        5.02855517095E+04
3.22800E+00        5.01540010152E+04
3.23400E+00        5.00229221549E+04
3.24000E+00        4.98923132324E+04
3.24600E+00        4.97621723565E+04
3.25200E+00        4.96324976420E+04
3.25800E+00        4.95032872094E+04
3.26400E+00        4.93745391847E+04
3.27000E+00        4.92462516997E+04
3.27600E+00        4.91184228920E+04
3.28200E+00        4.89910509050E+04
3.28800E+00        4.88641338881E+04
3.29400E+00        4.87376699963E+04
3.30000E+00        4.86116573906E+04
3.30600E+00        4.84860942382E+04
3.31200E+00        4.83609787118E+04
3.31800E+00        4.82363089904E+04
3.32400E+00        4.81120832590E+04
3.33000E+00        4.79882997085E+04
3.33600E+00        4.78649565360E+04
3.34200E+00        4.77420519446E+04
3.34800E+00        4.76195841434E+04
3.35400E+00        4.74975513480E+04
3.36000E+00        4.73759517797E+04
3.36600E+00        4.72547836661E+04
3.37200E+00        4.71340452412E+04
3.37800E+00        4.70137347448E+04
3.38400E+00        4.68938504233E+04
3.39000E+00        4.67743905291E+04
3.39600E+00        4.66553533207E+04
3.40200E+00        4.65367370632E+04
3.40800E+00        4.64185400277E+04
3.41400E+00        4.63007604915E+04
3.42000E+00        4.61833967385E+04
3.42600E+00        4.60664470585E+04
3.43200E+00        4.59499097479E+04
3.43800E+00        4.58337831092E+04
3.44400E+00        4.57180654512E+04
3.45000E+00        4.56027550892E+04
3.45600E+00        4.54878503446E+04
3.46200E+00        4.53733495452E+04
3.46800E+00        4.52592510251E+04
3.47400E+00        4.51455531247E+04
3.48000E+00        4.50322541909E+04
3.48600E+00        4.49193525766E+04
3.49200E+00        4.48068466414E+04
3.49800E+00        4.46947347508E+04
3.50400E+00        4.45830152771E+04
3.51000E+00        4.44716865985E+04
3.51600E+00        4.43607470997E+04
3.52200E+00        4.42501951718E+04
3.52800E+00        4.41400292120E+04
3.53400E+00        4.40302476241E+04
3.54000E+00        4.39208488179E+04
3.54600E+00        4.38118312098E+04
3.55200E+00        4.37031932221E+04
3.55800E+00        4.35949332839E+04
3.56400E+00        4.34870498301E+04
3.57000E+00        4.33795413022E+04
3.57600E+00        4.32724061480E+04
3.58200E+00        4.31656428212E+04
3.58800E+00        4.30592497821E+04
3.59400E+00        4.29532254971E+04
3.60000E+00        4.28475684390E+04
3.60600E+00        4.27422770866E+04
3.61200E+00        4.26373499251E+04
3.61800E+00        4.25327854458E+04
3.62400E+00        4.24285821463E+04
3.63000E+00        4.23247385303E+04
3.63600E+00        4.22212531077E+04
3.64200E+00        4.21181243947E+04
3.64800E+00        4.20153509134E+04
3.65400E+00        4.19129311922E+04
3.66000E+00        4.18108637658E+04
3.66600E+00        4.17091471747E+04
3.67200E+00        4.16077799657E+04
3.67800E+00        4.15067606917E+04
3.68400E+00        4.14060879116E+04
3.69000E+00        4.13057601903E+04
3.69600E+00        4.12057760990E+04
3.70200E+00        4.11061342148E+04
3.70800E+00        4.10068331207E+04
3.71400E+00        4.09078714060E+04
3.72000E+00        4.08092476657E+04
3.72600E+00        4.07109605010E+04
3.73200E+00        4.06130085190E+04
3.73800E+00        4.05153903326E+04
3.74400E+00        4.04181045610E+04
3.75000E+00        4.03211498289E+04
3.75600E+00        4.02245247671E+04
3.76200E+00        4.01282280124E+04
3.76800E+00        4.00322582073E+04
3.77400E+00        3.99366140002E+04
3.78000E+00        3.98412940454E+04
3.78600E+00        3.97462970029E+04
3.79200E+00        3.96516215385E+04
3.79800E+00        3.95572663241E+04
3.80400E+00        3.94632300369E+04
3.81000E+00        3.93695113602E+04
3.81600E+00        3.92761089828E+04
3.82200E+00        3.91830215995E+04
3.82800E+00        3.90902479105E+04
3.83400E+00        3.89977866218E+04
3.84000E+00        3.89056364452E+04
3.84600E+00        3.88137960979E+04
3.85200E+00        3.87222643028E+04
3.85800E+00        3.86310397886E+04
3.86400E+00        3.85401212893E+04
3.87000E+00        3.84495075446E+04
3.87600E+00        3.83591972999E+04
3.88200E+00        3.82691893058E+04
3.88800E+00        3.81794823188E+04
3.89400E+00        3.80900751005E+04
3.90000E+00        3.80009664183E+04
3.90600E+00        3.79121550449E+04
3.91200E+00        3.78236397584E+04
3.91800E+00        3.77354193424E+04
3.92400E+00        3.76474925859E+04
3.93000E+00        3.75598582833E+04
3.93600E+00        3.74725152342E+04
3.94200E+00        3.73854622438E+04
3.94800E+00        3.72986981223E+04
3.95400E+00        3.72122216855E+04
3.96000E+00        3.71260317544E+04
3.96600E+00        3.70401271550E+04
3.97200E+00        3.69545067189E+04
3.97800E+00        3.68691692828E+04
3.98400E+00        3.67841136885E+04
3.99000E+00        3.66993387831E+04
3.99600E+00        3.66148434188E+04
4.00200E+00        3.65306264530E+04
4.00800E+00        3.64466867481E+04
4.01400E+00        3.63630231718E+04
4.02000E+00        3.62796345967E+04
4.02600E+00        3.61965199005E+04
4.03200E+00        3.61136779660E+04
4.03800E+00        3.60311076810E+04
4.04400E+00        3.59488079384E+04
4.05000E+00        3.58667776357E+04
4.05600E+00        3.57850156759E+04
4.06200E+00        3.57035209666E+04
4.06800E+00        3.56222924203E+04
4.07400E+00        3.55413289547E+04
4.08000E+00        3.54606294920E+04
4.08600E+00        3.53801929596E+04
4.09200E+00        3.53000182894E+04
4.09800E+00        3.52201044185E+04
4.10400E+00        3.51404502886E+04
4.11000E+00        3.50610548460E+04
4.11600E+00        3.49819170422E+04
4.12200E+00        3.49030358330E+04
4.12800E+00        3.48244101793E+04
4.13400E+00        3.47460390464E+04
4.14000E+00        3.46679214044E+04
4.14600E+00        3.45900562281E+04
4.15200E+00        3.45124424970E+04
4.15800E+00        3.44350791951E+04
4.16400E+00        3.43579653109E+04
4.17000E+00        3.42810998377E+04
4.17600E+00        3.42044817734E+04
4.18200E+00        3.41281101202E+04
4.18800E+00        3.40519838850E+04
4.19400E+00        3.39761020791E+04
4.20000E+00        3.39004637185E+04
4.20600E+00        3.38250678233E+04
4.21200E+00        3.37499134185E+04
4.21800E+00        3.36749995330E+04
4.22400E+00        3.36003252007E+04
4.23000E+00        3.35258894593E+04
4.23600E+00        3.34516913514E+04
4.24200E+00        3.33777299235E+04
4.24800E+00        3.33040042267E+04
4.25400E+00        3.32305133164E+04
4.26000E+00        3.31572562521E+04
4.26600E+00        3.30842320978E+04
4.27200E+00        3.30114399217E+04
4.27800E+00        3.29388787961E+04
4.28400E+00        3.28665477977E+04
4.29000E+00        3.27944460072E+04
4.29600E+00        3.27225725096E+04
4.30200E+00        3.26509263942E+04
4.30800E+00        3.25795067541E+04
4.31400E+00        3.25083126867E+04
4.32000E+00        3.24373432937E+04
4.32600E+00        3.23665976805E+04
4.33200E+00        3.22960749569E+04
4.33800E+00        3.22257742365E+04
4.34400E+00        3.21556946371E+04
4.35000E+00        3.20858352804E+04
4.35600E+00        3.20161952921E+04
4.36200E+00        3.19467738020E+04
4.36800E+00        3.18775699438E+04
4.37400E+00        3.18085828549E+04
4.38000E+00        3.17398116771E+04
4.38600E+00        3.16712555556E+04
4.39200E+00        3.16029136398E+04
4.39800E+00        3.15347850828E+04
4.40400E+00        3.14668690417E+04
4.41000E+00        3.13991646774E+04
4.41600E+00        3.13316711544E+04
4.42200E+00        3.12643876413E+04
4.42800E+00        3.11973133102E+04
4.43400E+00        3.11304473372E+04
4.44000E+00        3.10637889020E+04
4.44600E+00        3.09973371881E+04
4.45200E+00        3.09310913825E+04
4.45800E+00        3.08650506761E+04
4.46400E+00        3.07992142636E+04
4.47000E+00        3.07335813430E+04
4.47600E+00        3.06681511161E+04
4.48200E+00        3.06029227884E+04
4.48800E+00        3.05378955689E+04
4.49400E+00        3.04730686703E+04
4.50000E+00        3.04084413087E+04
4.50600E+00        3.03440127039E+04
4.51200E+00        3.02797820791E+04
4.51800E+00        3.02157486612E+04
4.52400E+00        3.01519116804E+04
4.53000E+00        3.00882703705E+04
4.53600E+00        3.00248239689E+04
4.54200E+00        2.99615717161E+04
4.54800E+00        2.98985128563E+04
4.55400E+00        2.98356466372E+04
4.56000E+00        2.97729723096E+04
4.56600E+00        2.97104891279E+04
4.57200E+00        2.96481963498E+04
4.57800E+00        2.95860932365E+04
4.58400E+00        2.95241790523E+04
4.59000E+00        2.94624530649E+04
4.59600E+00        2.94009145455E+04
4.60200E+00        2.93395627684E+04
4.60800E+00        2.92783970111E+04
4.61400E+00        2.92174165546E+04
4.62000E+00        2.91566206830E+04
4.62600E+00        2.90960086836E+04
4.63200E+00        2.90355798470E+04
4.63800E+00        2.89753334670E+04
4.64400E+00        2.89152688405E+04
4.65000E+00        2.88553852675E+04
4.65600E+00        2.87956820515E+04
4.66200E+00        2.87361584987E+04
4.66800E+00        2.86768139188E+04
4.67400E+00        2.86176476242E+04
4.68000E+00        2.85586589308E+04
4.68600E+00        2.84998471574E+04
4.69200E+00        2.84412116258E+04
4.69800E+00        2.83827516609E+04
4.70400E+00        2.83244665906E+04
4.71000E+00        2.82663557460E+04
4.71600E+00        2.82084184609E+04
4.72200E+00        2.81506540724E+04
4.72800E+00        2.80930619203E+04
4.73400E+00        2.80356413476E+04
4.74000E+00        2.79783917000E+04
4.74600E+00        2.79213123264E+04
4.75200E+00        2.78644025784E+04
4.75800E+00        2.78076618106E+04
4.76400E+00        2.77510893805E+04
4.77000E+00        2.76946846484E+04
4.77600E+00        2.76384469775E+04
4.78200E+00        2.75823757339E+04
4.78800E+00        2.75264702865E+04
4.79400E+00        2.74707300070E+04
4.80000E+00        2.74151542698E+04
4.80600E+00        2.73597424524E+04
4.81200E+00        2.73044939348E+04
4.81800E+00        2.72494080998E+04
4.82400E+00        2.71944843331E+04
4.83000E+00        2.71397220229E+04
4.83600E+00        2.70851205605E+04
4.84200E+00        2.70306793394E+04
4.84800E+00        2.69763977563E+04
4.85400E+00        2.69222752103E+04
4.86000E+00        2.68683111032E+04
4.86600E+00        2.68145048395E+04
4.87200E+00        2.67608558264E+04
4.87800E+00        2.67073634736E+04
4.88400E+00        2.66540271935E+04
4.89000E+00        2.66008464012E+04
4.89600E+00        2.65478205143E+04
4.90200E+00        2.64949489529E+04
4.90800E+00        2.64422311397E+04
4.91400E+00        2.63896665002E+04
4.92000E+00        2.63372544621E+04
4.92600E+00        2.62849944558E+04
4.93200E+00        2.62328859144E+04
4.93800E+00        2.61809282731E+04
4.94400E+00        2.61291209699E+04
4.95000E+00        2.60774634451E+04
4.95600E+00        2.60259551418E+04
4.96200E+00        2.59745955052E+04
4.96800E+00        2.59233839830E+04
4.97400E+00        2.58723200255E+04
4.98000E+00        2.58214030854E+04
4.98600E+00        2.57706326176E+04
4.99200E+00        2.57200080797E+04
4.99800E+00        2.56695289314E+04
5.00400E+00        2.56191946350E+04
5.01000E+00        2.55690046552E+04
5.01600E+00        2.55189584587E+04
5.02200E+00        2.54690555149E+04
5.02800E+00        2.54192952954E+04
5.03400E+00        2.53696772741E+04
5.04000E+00        2.53202009273E+04
5.04600E+00        2.52708657336E+04
5.05200E+00        2.52216711736E+04
5.05800E+00        2.51726167305E+04
5.06400E+00        2.51237018898E+04
5.07000E+00        2.50749261389E+04
5.07600E+00        2.50262889678E+04
5.08200E+00        2.49777898685E+04
5.08800E+00        2.49294283353E+04
5.09400E+00        2.48812038648E+04
5.10000E+00        2.48331159557E+04
5.10600E+00        2.47851641088E+04
5.11200E+00        2.47373478272E+04
5.11800E+00        2.46896666163E+04
5.12400E+00        2.46421199833E+04
5.13000E+00        2.45947074378E+04
5.13600E+00        2.45474284916E+04
5.14200E+00        2.45002826583E+04
5.14800E+00        2.44532694540E+04
5.15400E+00        2.44063883966E+04
5.16000E+00        2.43596390063E+04
5.16600E+00        2.43130208052E+04
5.17200E+00        2.42665333177E+04
5.17800E+00        2.42201760700E+04
5.18400E+00        2.41739485906E+04
5.19000E+00        2.41278504099E+04
5.19600E+00        2.40818810603E+04
5.20200E+00        2.40360400764E+04
5.20800E+00        2.39903269946E+04
5.21400E+00        2.39447413534E+04
5.22000E+00        2.38992826934E+04
5.22600E+00        2.38539505570E+04
5.23200E+00        2.38087444888E+04
5.23800E+00        2.37636640350E+04
5.24400E+00        2.37187087441E+04
5.25000E+00        2.36738781665E+04
5.25600E+00        2.36291718543E+04
5.26200E+00        2.35845893618E+04
5.26800E+00        2.35401302451E+04
5.27400E+00        2.34957940621E+04
5.28000E+00        2.34515803729E+04
5.28600E+00        2.34074887392E+04
5.29200E+00        2.33635187247E+04
5.29800E+00        2.33196698950E+04
5.30400E+00        2.32759418174E+04
5.31000E+00        2.32323340613E+04
5.31600E+00        2.31888461978E+04
5.32200E+00        2.31454777998E+04
5.32800E+00        2.31022284421E+04
5.33400E+00        2.30590977014E+04
5.34000E+00        2.30160851560E+04
5.34600E+00        2.29731903861E+04
5.35200E+00        2.29304129738E+04
5.35800E+00        2.28877525028E+04
5.36400E+00        2.28452085587E+04
5.37000E+00        2.28027807288E+04
5.37600E+00        2.27604686022E+04
5.38200E+00        2.27182717698E+04
5.38800E+00        2.26761898241E+04
5.39400E+00        2.26342223595E+04
5.40000E+00        2.25923689718E+04
5.40600E+00        2.25506292590E+04
5.41200E+00        2.25090028205E+04
5.41800E+00        2.24674892573E+04
5.42400E+00        2.24260881725E+04
5.43000E+00        2.23847991704E+04
5.43600E+00        2.23436218573E+04
5.44200E+00        2.23025558410E+04
5.44800E+00        2.22616007312E+04
5.45400E+00        2.22207561389E+04
5.46000E+00        2.21800216770E+04
5.46600E+00        2.21393969599E+04
5.47200E+00        2.20988816038E+04
5.47800E+00        2.20584752263E+04
5.48400E+00        2.20181774467E+04
5.49000E+00        2.19779878860E+04
5.49600E+00        2.19379061666E+04
5.50200E+00        2.18979319128E+04
5.50800E+00        2.18580647501E+04
5.51400E+00        2.18183043058E+04
5.52000E+00        2.17786502087E+04
5.52600E+00        2.17391020892E+04
5.53200E+00        2.16996595793E+04
5.53800E+00        2.16603223124E+04
5.54400E+00        2.16210899235E+04
5.55000E+00        2.15819620492E+04
5.55600E+00        2.15429383275E+04
5.56200E+00        2.15040183980E+04
5.56800E+00        2.14652019017E+04
5.57400E+00        2.14264884814E+04
5.58000E+00        2.13878777809E+04
5.58600E+00        2.13493694459E+04
5.59200E+00        2.13109631234E+04
5.59800E+00        2.12726584620E+04
5.60400E+00        2.12344551115E+04
5.61000E+00        2.11963527235E+04
5.61600E+00        2.11583509507E+04
5.62200E+00        2.11204494476E+04
5.62800E+00        2.10826478698E+04
5.63400E+00        2.10449458746E+04
5.64000E+00        2.10073431206E+04
5.64600E+00        2.09698392677E+04
5.65200E+00        2.09324339775E+04
5.65800E+00        2.08951269128E+04
5.66400E+00        2.08579177377E+04
5.67000E+00        2.08208061180E+04
5.67600E+00        2.07837917206E+04
5.68200E+00        2.07468742139E+04
5.68800E+00        2.07100532676E+04
5.69400E+00        2.06733285530E+04
5.70000E+00        2.06366997423E+04
5.70600E+00        2.06001665096E+04
5.71200E+00        2.05637285299E+04
5.71800E+00        2.05273854797E+04
5.72400E+00        2.04911370368E+04
5.73000E+00        2.04549828805E+04
5.73600E+00        2.04189226912E+04
5.74200E+00        2.03829561507E+04
5.74800E+00        2.03470829421E+04
5.75400E+00        2.03113027498E+04
5.76000E+00        2.02756152595E+04
5.76600E+00        2.02400201581E+04
5.77200E+00        2.02045171339E+04
5.77800E+00        2.01691058765E+04
5.78400E+00        2.01337860766E+04
5.79000E+00        2.00985574264E+04
5.79600E+00        2.00634196191E+04
5.80200E+00        2.00283723493E+04
5.80800E+00        1.99934153129E+04
5.81400E+00        1.99585482070E+04
5.82000E+00        1.99237707297E+04
5.82600E+00        1.98890825808E+04
5.83200E+00        1.98544834608E+04
5.83800E+00        1.98199730718E+04
5.84400E+00        1.97855511169E+04
5.85000E+00        1.97512173006E+04
5.85600E+00        1.97169713284E+04
5.86200E+00        1.96828129071E+04
5.86800E+00        1.96487417447E+04
5.87400E+00        1.96147575503E+04
5.88000E+00        1.95808600342E+04
5.88600E+00        1.95470489081E+04
5.89200E+00        1.95133238844E+04
5.89800E+00        1.94796846771E+04
5.90400E+00        1.94461310011E+04
5.91000E+00        1.94126625727E+04
5.91600E+00        1.93792791089E+04
5.92200E+00        1.93459803284E+04
5.92800E+00        1.93127659506E+04
5.93400E+00        1.92796356963E+04
5.94000E+00        1.92465892871E+04
5.94600E+00        1.92136264462E+04
5.95200E+00        1.91807468974E+04
5.95800E+00        1.91479503660E+04
5.96400E+00        1.91152365782E+04
5.97000E+00        1.90826052614E+04
5.97600E+00        1.90500561440E+04
5.98200E+00        1.90175889555E+04
5.98800E+00        1.89852034266E+04
5.99400E+00        1.89528992889E+04
6.00000E+00        1.89206762753E+04
6.00600E+00        1.88885341195E+04
6.01200E+00        1.88564725564E+04
6.01800E+00        1.88244913221E+04
6.02400E+00        1.87925901535E+04
6.03000E+00        1.87607687887E+04
6.03600E+00        1.87290269667E+04
6.04200E+00        1.86973644278E+04
6.04800E+00        1.86657809131E+04
6.05400E+00        1.86342761647E+04
6.06000E+00        1.86028499260E+04
6.06600E+00        1.85715019411E+04
6.07200E+00        1.85402319554E+04
6.07800E+00        1.85090397151E+04
6.08400E+00        1.84779249675E+04
6.09000E+00        1.84468874608E+04
6.09600E+00        1.84159269444E+04
6.10200E+00        1.83850431685E+04
6.10800E+00        1.83542358844E+04
6.11400E+00        1.83235048442E+04
6.12000E+00        1.82928498013E+04
6.12600E+00        1.82622705098E+04
6.13200E+00        1.82317667249E+04
6.13800E+00        1.82013382027E+04
6.14400E+00        1.81709847002E+04
6.15000E+00        1.81407059756E+04
6.15600E+00        1.81105017878E+04
6.16200E+00        1.80803718967E+04
6.16800E+00        1.80503160633E+04
6.17400E+00        1.80203340494E+04
6.18000E+00        1.79904256177E+04
6.18600E+00        1.79605905319E+04
6.19200E+00        1.79308285566E+04
6.19800E+00        1.79011394574E+04
6.20400E+00        1.78715230007E+04
6.21000E+00        1.78419789539E+04
6.21600E+00        1.78125070852E+04
6.22200E+00        1.77831071639E+04
6.22800E+00        1.77537789600E+04
6.23400E+00        1.77245222445E+04
6.24000E+00        1.76953367893E+04
6.24600E+00        1.76662223671E+04
6.25200E+00        1.76371787516E+04
6.25800E+00        1.76082057173E+04
6.26400E+00        1.75793030397E+04
6.27000E+00        1.75504704949E+04
6.27600E+00        1.75217078601E+04
6.28200E+00        1.74930149134E+04
6.28800E+00        1.74643914337E+04
6.29400E+00        1.74358372005E+04
6.30000E+00        1.74073519946E+04
6.30600E+00        1.73789355974E+04
6.31200E+00        1.73505877911E+04
6.31800E+00        1.73223083588E+04
6.32400E+00        1.72940970846E+04
6.33000E+00        1.72659537532E+04
6.33600E+00        1.72378781502E+04
6.34200E+00        1.72098700621E+04
6.34800E+00        1.71819292761E+04
6.35400E+00        1.71540555804E+04
6.36000E+00        1.71262487638E+04
6.36600E+00        1.70985086161E+04
6.37200E+00        1.70708349279E+04
6.37800E+00        1.70432274903E+04
6.38400E+00        1.70156860956E+04
6.39000E+00        1.69882105367E+04
6.39600E+00        1.69608006073E+04
6.40200E+00        1.69334561020E+04
6.40800E+00        1.69061768160E+04
6.41400E+00        1.68789625454E+04
6.42000E+00        1.68518130872E+04
6.42600E+00        1.68247282388E+04
6.43200E+00        1.67977077989E+04
6.43800E+00        1.67707515664E+04
6.44400E+00        1.67438593415E+04
6.45000E+00        1.67170309248E+04
6.45600E+00        1.66902661177E+04
6.46200E+00        1.66635647226E+04
6.46800E+00        1.66369265423E+04
6.47400E+00        1.66103513807E+04
6.48000E+00        1.65838390422E+04
6.48600E+00        1.65573893320E+04
6.49200E+00        1.65310020560E+04
6.49800E+00        1.65046770211E+04
6.50400E+00        1.64784140346E+04
6.51000E+00        1.64522129046E+04
6.51600E+00        1.64260734401E+04
6.52200E+00        1.63999954506E+04
6.52800E+00        1.63739787465E+04
6.53400E+00        1.63480231388E+04
6.54000E+00        1.63221284394E+04
6.54600E+00        1.62962944606E+04
6.55200E+00        1.62705210156E+04
6.55800E+00        1.62448079183E+04
6.56400E+00        1.62191549833E+04
6.57000E+00        1.61935620259E+04
6.57600E+00        1.61680288620E+04
6.58200E+00        1.61425553083E+04
6.58800E+00        1.61171411822E+04
6.59400E+00        1.60917863016E+04
6.60000E+00        1.60664904854E+04
6.60600E+00        1.60412535530E+04
6.61200E+00        1.60160753243E+04
6.61800E+00        1.59909556202E+04
6.62400E+00        1.59658942620E+04
6.63000E+00        1.59408910720E+04
6.63600E+00        1.59159458728E+04
6.64200E+00        1.58910584878E+04
6.64800E+00        1.58662287411E+04
6.65400E+00        1.58414564575E+04
6.66000E+00        1.58167414624E+04
6.66600E+00        1.57920835818E+04
6.67200E+00        1.57674826423E+04
6.67800E+00        1.57429384713E+04
6.68400E+00        1.57184508968E+04
6.69000E+00        1.56940197475E+04
6.69600E+00        1.56696448524E+04
6.70200E+00        1.56453260416E+04
6.70800E+00        1.56210631455E+04
6.71400E+00        1.55968559953E+04
6.72000E+00        1.55727044228E+04
6.72600E+00        1.55486082603E+04
6.73200E+00        1.55245673409E+04
6.73800E+00        1.55005814981E+04
6.74400E+00        1.54766505663E+04
6.75000E+00        1.54527743803E+04
6.75600E+00        1.54289527755E+04
6.76200E+00        1.54051855880E+04
6.76800E+00        1.53814726545E+04
6.77400E+00        1.53578138123E+04
6.78000E+00        1.53342088993E+04
6.78600E+00        1.53106577538E+04
6.79200E+00        1.52871602151E+04
6.79800E+00        1.52637161227E+04
6.80400E+00        1.52403253170E+04
6.81000E+00        1.52169876386E+04
6.81600E+00        1.51937029291E+04
6.82200E+00        1.51704710305E+04
6.82800E+00        1.51472917852E+04
6.83400E+00        1.51241650366E+04
6.84000E+00        1.51010906283E+04
6.84600E+00        1.50780684045E+04
6.85200E+00        1.50550982103E+04
6.85800E+00        1.50321798909E+04
6.86400E+00        1.50093132924E+04
6.87000E+00        1.49864982614E+04
6.87600E+00        1.49637346450E+04
6.88200E+00        1.49410222909E+04
6.88800E+00        1.49183610472E+04
6.89400E+00        1.48957507628E+04
6.90000E+00        1.48731912870E+04
6.90600E+00        1.48506824696E+04
6.91200E+00        1.48282241612E+04
6.91800E+00        1.48058162126E+04
6.92400E+00        1.47834584754E+04
6.93000E+00        1.47611508016E+04
6.93600E+00        1.47388930438E+04
6.94200E+00        1.47166850551E+04
6.94800E+00        1.46945266892E+04
6.95400E+00        1.46724178002E+04
6.96000E+00        1.46503582428E+04
6.96600E+00        1.46283478723E+04
6.97200E+00        1.46063865443E+04
6.97800E+00        1.45844741153E+04
6.98400E+00        1.45626104419E+04
6.99000E+00        1.45407953814E+04
6.99600E+00        1.45190287917E+04
7.00200E+00        1.44973105311E+04
7.00800E+00        1.44756404584E+04
7.01400E+00        1.44540184330E+04
7.02000E+00        1.44324443147E+04
7.02600E+00        1.44109179639E+04
7.03200E+00        1.43894392413E+04
7.03800E+00        1.43680080085E+04
7.04400E+00        1.43466241271E+04
7.05000E+00        1.43252874596E+04
7.05600E+00        1.43039978687E+04
7.06200E+00        1.42827552179E+04
7.06800E+00        1.42615593709E+04
7.07400E+00        1.42404101919E+04
7.08000E+00        1.42193075458E+04
7.08600E+00        1.41982512979E+04
7.09200E+00        1.41772413139E+04
7.09800E+00        1.41562774599E+04
7.10400E+00        1.41353596028E+04
7.11000E+00        1.41144876096E+04
7.11600E+00        1.40936613480E+04
7.12200E+00        1.40728806861E+04
7.12800E+00        1.40521454926E+04
7.13400E+00        1.40314556363E+04
7.14000E+00        1.40108109869E+04
7.14600E+00        1.39902114144E+04
7.15200E+00        1.39696567890E+04
7.15800E+00        1.39491469819E+04
7.16400E+00        1.39286818642E+04
7.17000E+00        1.39082613078E+04
7.17600E+00        1.38878851849E+04
7.18200E+00        1.38675533683E+04
7.18800E+00        1.38472657311E+04
7.19400E+00        1.38270221469E+04
7.20000E+00        1.38068224897E+04
7.20600E+00        1.37866666341E+04
7.21200E+00        1.37665544549E+04
7.21800E+00        1.37464858275E+04
7.22400E+00        1.37264606278E+04
7.23000E+00        1.37064787320E+04
7.23600E+00        1.36865400168E+04
7.24200E+00        1.36666443592E+04
7.24800E+00        1.36467916368E+04
7.25400E+00        1.36269817276E+04
7.26000E+00        1.36072145100E+04
7.26600E+00        1.35874898628E+04
7.27200E+00        1.35678076653E+04
7.27800E+00        1.35481677971E+04
7.28400E+00        1.35285701382E+04
7.29000E+00        1.35090145693E+04
7.29600E+00        1.34895009712E+04
7.30200E+00        1.34700292253E+04
7.30800E+00        1.34505992134E+04
7.31400E+00        1.34312108175E+04
7.32000E+00        1.34118639202E+04
7.32600E+00        1.33925584046E+04
7.33200E+00        1.33732941541E+04
7.33800E+00        1.33540710523E+04
7.34400E+00        1.33348889836E+04
7.35000E+00        1.33157478325E+04
7.35600E+00        1.32966474840E+04
7.36200E+00        1.32775878235E+04
7.36800E+00        1.32585687368E+04
7.37400E+00        1.32395901100E+04
7.38000E+00        1.32206518299E+04
7.38600E+00        1.32017537833E+04
7.39200E+00        1.31828958575E+04
7.39800E+00        1.31640779405E+04
7.40400E+00        1.31452999202E+04
7.41000E+00        1.31265616852E+04
7.41600E+00        1.31078631244E+04
7.42200E+00        1.30892041272E+04
7.42800E+00        1.30705845831E+04
7.43400E+00        1.30520043822E+04
7.44000E+00        1.30334634150E+04
7.44600E+00        1.30149615723E+04
7.45200E+00        1.29964987452E+04
7.45800E+00        1.29780748253E+04
7.46400E+00        1.29596897045E+04
7.47000E+00        1.29413432751E+04
7.47600E+00        1.29230354298E+04
7.48200E+00        1.29047660615E+04
7.48800E+00        1.28865350638E+04
7.49400E+00        1.28683423303E+04
7.50000E+00        1.28501877552E+04
7.50600E+00        1.28320712329E+04
7.51200E+00        1.28139926583E+04
7.51800E+00        1.27959519267E+04
7.52400E+00        1.27779489335E+04
7.53000E+00        1.27599835746E+04
7.53600E+00        1.27420557464E+04
7.54200E+00        1.27241653454E+04
7.54800E+00        1.27063122687E+04
7.55400E+00        1.26884964135E+04
7.56000E+00        1.26707176776E+04
7.56600E+00        1.26529759588E+04
7.57200E+00        1.26352711557E+04
7.57800E+00        1.26176031669E+04
7.58400E+00        1.25999718914E+04
7.59000E+00        1.25823772287E+04
7.59600E+00        1.25648190785E+04
7.60200E+00        1.25472973408E+04
7.60800E+00        1.25298119160E+04
7.61400E+00        1.25123627050E+04
7.62000E+00        1.24949496087E+04
7.62600E+00        1.24775725286E+04
7.63200E+00        1.24602313664E+04
7.63800E+00        1.24429260243E+04
7.64400E+00        1.24256564045E+04
7.65000E+00        1.24084224099E+04
7.65600E+00        1.23912239435E+04
7.66200E+00        1.23740609086E+04
7.66800E+00        1.23569332091E+04
7.67400E+00        1.23398407488E+04
7.68000E+00        1.23227834323E+04
7.68600E+00        1.23057611641E+04
7.69200E+00        1.22887738492E+04
7.69800E+00        1.22718213930E+04
7.70400E+00        1.22549037011E+04
7.71000E+00        1.22380206794E+04
7.71600E+00        1.22211722341E+04
7.72200E+00        1.22043582719E+04
7.72800E+00        1.21875786997E+04
7.73400E+00        1.21708334245E+04
7.74000E+00        1.21541223540E+04
7.74600E+00        1.21374453959E+04
7.75200E+00        1.21208024584E+04
7.75800E+00        1.21041934498E+04
7.76400E+00        1.20876182789E+04
7.77000E+00        1.20710768547E+04
7.77600E+00        1.20545690866E+04
7.78200E+00        1.20380948841E+04
7.78800E+00        1.20216541573E+04
7.79400E+00        1.20052468163E+04
7.80000E+00        1.19888727717E+04
7.80600E+00        1.19725319342E+04
7.81200E+00        1.19562242151E+04
7.81800E+00        1.19399495257E+04
7.82400E+00        1.19237077777E+04
7.83000E+00        1.19074988832E+04
7.83600E+00        1.18913227543E+04
7.84200E+00        1.18751793037E+04
7.84800E+00        1.18590684443E+04
7.85400E+00        1.18429900892E+04
7.86000E+00        1.18269441518E+04
7.86600E+00        1.18109305458E+04
7.87200E+00        1.17949491853E+04
7.87800E+00        1.17789999846E+04
7.88400E+00        1.17630828581E+04
7.89000E+00        1.17471977208E+04
7.89600E+00        1.17313444878E+04
7.90200E+00        1.17155230745E+04
7.90800E+00        1.16997333966E+04
7.91400E+00        1.16839753700E+04
7.92000E+00        1.16682489110E+04
7.92600E+00        1.16525539361E+04
7.93200E+00        1.16368903620E+04
7.93800E+00        1.16212581059E+04
7.94400E+00        1.16056570849E+04
7.95000E+00        1.15900872168E+04
7.95600E+00        1.15745484194E+04
7.96200E+00        1.15590406109E+04
7.96800E+00        1.15435637095E+04
7.97400E+00        1.15281176340E+04
7.98000E+00        1.15127023033E+04
7.98600E+00        1.14973176367E+04
7.99200E+00        1.14819635534E+04
7.99800E+00        1.14666399734E+04
8.00400E+00        1.14513468164E+04
8.01000E+00        1.14360840029E+04
8.01600E+00        1.14208514531E+04
8.02200E+00        1.14056490880E+04
8.02800E+00        1.13904768286E+04
8.03400E+00        1.13753345960E+04
8.04000E+00        1.13602223117E+04
8.04600E+00        1.13451398977E+04
8.05200E+00        1.13300872758E+04
8.05800E+00        1.13150643684E+04
8.06400E+00        1.13000710980E+04
8.07000E+00        1.12851073873E+04
8.07600E+00        1.12701731594E+04
8.08200E+00        1.12552683376E+04
8.08800E+00        1.12403928453E+04
8.09400E+00        1.12255466064E+04
8.10000E+00        1.12107295448E+04
8.10600E+00        1.11959415848E+04
8.11200E+00        1.11811826509E+04
8.11800E+00        1.11664526678E+04
8.12400E+00        1.11517515605E+04
8.13000E+00        1.11370792543E+04
8.13600E+00        1.11224356745E+04
8.14200E+00        1.11078207469E+04
8.14800E+00        1.10932343974E+04
8.15400E+00        1.10786765523E+04
8.16000E+00        1.10641471378E+04
8.16600E+00        1.10496460806E+04
8.17200E+00        1.10351733077E+04
8.17800E+00        1.10207287461E+04
8.18400E+00        1.10063123232E+04
8.19000E+00        1.09919239665E+04
8.19600E+00        1.09775636038E+04
8.20200E+00        1.09632311633E+04
8.20800E+00        1.09489265731E+04
8.21400E+00        1.09346497617E+04
8.22000E+00        1.09204006578E+04
8.22600E+00        1.09061791905E+04
8.23200E+00        1.08919852888E+04
8.23800E+00        1.08778188822E+04
8.24400E+00        1.08636799003E+04
8.25000E+00        1.08495682729E+04
8.25600E+00        1.08354839300E+04
8.26200E+00        1.08214268020E+04
8.26800E+00        1.08073968194E+04
8.27400E+00        1.07933939129E+04
8.28000E+00        1.07794180134E+04
8.28600E+00        1.07654690522E+04
8.29200E+00        1.07515469604E+04
8.29800E+00        1.07376516699E+04
8.30400E+00        1.07237831123E+04
8.31000E+00        1.07099412197E+04
8.31600E+00        1.06961259244E+04
8.32200E+00        1.06823371587E+04
8.32800E+00        1.06685748554E+04
8.33400E+00        1.06548389473E+04
8.34000E+00        1.06411293675E+04
8.34600E+00        1.06274460494E+04
8.35200E+00        1.06137889263E+04
8.35800E+00        1.06001579320E+04
8.36400E+00        1.05865530005E+04
8.37000E+00        1.05729740659E+04
8.37600E+00        1.05594210624E+04
8.38200E+00        1.05458939247E+04
8.38800E+00        1.05323925875E+04
8.39400E+00        1.05189169857E+04
8.40000E+00        1.05054670544E+04
8.40600E+00        1.04920427291E+04
8.41200E+00        1.04786439453E+04
8.41800E+00        1.04652706387E+04
8.42400E+00        1.04519227453E+04
8.43000E+00        1.04386002012E+04
8.43600E+00        1.04253029429E+04
8.44200E+00        1.04120309067E+04
8.44800E+00        1.03987840296E+04
8.45400E+00        1.03855622484E+04
8.46000E+00        1.03723655002E+04
8.46600E+00        1.03591937225E+04
8.47200E+00        1.03460468526E+04
8.47800E+00        1.03329248285E+04
8.48400E+00        1.03198275879E+04
8.49000E+00        1.03067550689E+04
8.49600E+00        1.02937072100E+04
8.50200E+00        1.02806839495E+04
8.50800E+00        1.02676852261E+04
8.51400E+00        1.02547109787E+04
8.52000E+00        1.02417611464E+04
8.52600E+00        1.02288356684E+04
8.53200E+00        1.02159344841E+04
8.53800E+00        1.02030575331E+04
8.54400E+00        1.01902047553E+04
8.55000E+00        1.01773760907E+04
8.55600E+00        1.01645714793E+04
8.56200E+00        1.01517908617E+04
8.56800E+00        1.01390341782E+04
8.57400E+00        1.01263013696E+04
8.58000E+00        1.01135923769E+04
8.58600E+00        1.01009071411E+04
8.59200E+00        1.00882456035E+04
8.59800E+00        1.00756077055E+04
8.60400E+00        1.00629933888E+04
8.61000E+00        1.00504025951E+04
8.61600E+00        1.00378352665E+04
8.62200E+00        1.00252913450E+04
8.62800E+00        1.00127707731E+04
8.63400E+00        1.00002734932E+04
8.64000E+00        9.98779944808E+03
8.64600E+00        9.97534858051E+03
8.65200E+00        9.96292083355E+03
8.65800E+00        9.95051615042E+03
8.66400E+00        9.93813447450E+03
8.67000E+00        9.92577574935E+03
8.67600E+00        9.91343991867E+03
8.68200E+00        9.90112692638E+03
8.68800E+00        9.88883671653E+03
8.69400E+00        9.87656923336E+03
8.70000E+00        9.86432442127E+03
8.70600E+00        9.85210222485E+03
8.71200E+00        9.83990258882E+03
8.71800E+00        9.82772545809E+03
8.72400E+00        9.81557077775E+03
8.73000E+00        9.80343849303E+03
8.73600E+00        9.79132854934E+03
8.74200E+00        9.77924089224E+03
8.74800E+00        9.76717546747E+03
8.75400E+00        9.75513222094E+03
8.76000E+00        9.74311109870E+03
8.76600E+00        9.73111204698E+03
8.77200E+00        9.71913501217E+03
8.77800E+00        9.70717994081E+03
8.78400E+00        9.69524677960E+03
8.79000E+00        9.68333547543E+03
8.79600E+00        9.67144597532E+03
8.80200E+00        9.65957822645E+03
8.80800E+00        9.64773217617E+03
8.81400E+00        9.63590777198E+03
8.82000E+00        9.62410496156E+03
8.82600E+00        9.61232369270E+03
8.83200E+00        9.60056391340E+03
8.83800E+00        9.58882557177E+03
8.84400E+00        9.57710861611E+03
8.85000E+00        9.56541299485E+03
8.85600E+00        9.55373865659E+03
8.86200E+00        9.54208555007E+03
8.86800E+00        9.53045362419E+03
8.87400E+00        9.51884282801E+03
8.88000E+00        9.50725311074E+03
8.88600E+00        9.49568442172E+03
8.89200E+00        9.48413671046E+03
8.89800E+00        9.47260992663E+03
8.90400E+00        9.46110402002E+03
8.91000E+00        9.44961894059E+03
8.91600E+00        9.43815463845E+03
8.92200E+00        9.42671106385E+03
8.92800E+00        9.41528816719E+03
8.93400E+00        9.40388589902E+03
8.94000E+00        9.39250421003E+03
8.94600E+00        9.38114305106E+03
8.95200E+00        9.36980237309E+03
8.95800E+00        9.35848212726E+03
8.96400E+00        9.34718226485E+03
8.97000E+00        9.33590273726E+03
8.97600E+00        9.32464349607E+03
8.98200E+00        9.31340449298E+03
8.98800E+00        9.30218567984E+03
8.99400E+00        9.29098700863E+03
9.00000E+00        9.27980843150E+03
9.00600E+00        9.26864990070E+03
9.01200E+00        9.25751136867E+03
9.01800E+00        9.24639278794E+03
9.02400E+00        9.23529411121E+03
9.03000E+00        9.22421529131E+03
9.03600E+00        9.21315628122E+03
9.04200E+00        9.20211703405E+03
9.04800E+00        9.19109750303E+03
9.05400E+00        9.18009764155E+03
9.06000E+00        9.16911740313E+03
9.06600E+00        9.15815674144E+03
9.07200E+00        9.14721561025E+03
9.07800E+00        9.13629396350E+03
9.08400E+00        9.12539175525E+03
9.09000E+00        9.11450893969E+03
9.09600E+00        9.10364547115E+03
9.10200E+00        9.09280130411E+03
9.10800E+00        9.08197639315E+03
9.11400E+00        9.07117069300E+03
9.12000E+00        9.06038415852E+03
9.12600E+00        9.04961674471E+03
9.13200E+00        9.03886840669E+03
9.13800E+00        9.02813909971E+03
9.14400E+00        9.01742877916E+03
9.15000E+00        9.00673740054E+03
9.15600E+00        8.99606491951E+03
9.16200E+00        8.98541129183E+03
9.16800E+00        8.97477647341E+03
9.17400E+00        8.96416042027E+03
9.18000E+00        8.95356308856E+03
9.18600E+00        8.94298443458E+03
9.19200E+00        8.93242441472E+03
9.19800E+00        8.92188298553E+03
9.20400E+00        8.91136010367E+03
9.21000E+00        8.90085572591E+03
9.21600E+00        8.89036980918E+03
9.22200E+00        8.87990231051E+03
9.22800E+00        8.86945318706E+03
9.23400E+00        8.85902239610E+03
9.24000E+00        8.84860989506E+03
9.24600E+00        8.83821564145E+03
9.25200E+00        8.82783959292E+03
9.25800E+00        8.81748170726E+03
9.26400E+00        8.80714194236E+03
9.27000E+00        8.79682025623E+03
9.27600E+00        8.78651660701E+03
9.28200E+00        8.77623095295E+03
9.28800E+00        8.76596325243E+03
9.29400E+00        8.75571346395E+03
9.30000E+00        8.74548154613E+03
9.30600E+00        8.73526745769E+03
9.31200E+00        8.72507115749E+03
9.31800E+00        8.71489260450E+03
9.32400E+00        8.70473175781E+03
9.33000E+00        8.69458857661E+03
9.33600E+00        8.68446302024E+03
9.34200E+00        8.67435504812E+03
9.34800E+00        8.66426461981E+03
9.35400E+00        8.65419169498E+03
9.36000E+00        8.64413623341E+03
9.36600E+00        8.63409819500E+03
9.37200E+00        8.62407753976E+03
9.37800E+00        8.61407422781E+03
9.38400E+00        8.60408821941E+03
9.39000E+00        8.59411947489E+03
9.39600E+00        8.58416795473E+03
9.40200E+00        8.57423361949E+03
9.40800E+00        8.56431642988E+03
9.41400E+00        8.55441634669E+03
9.42000E+00        8.54453333083E+03
9.42600E+00        8.53466734333E+03
9.43200E+00        8.52481834533E+03
9.43800E+00        8.51498629805E+03
9.44400E+00        8.50517116287E+03
9.45000E+00        8.49537290123E+03
9.45600E+00        8.48559147471E+03
9.46200E+00        8.47582684500E+03
9.46800E+00        8.46607897388E+03
9.47400E+00        8.45634782324E+03
9.48000E+00        8.44663335509E+03
9.48600E+00        8.43693553155E+03
9.49200E+00        8.42725431482E+03
9.49800E+00        8.41758966723E+03
9.50400E+00        8.40794155122E+03
9.51000E+00        8.39830992932E+03
9.51600E+00        8.38869476416E+03
9.52200E+00        8.37909601851E+03
9.52800E+00        8.36951365520E+03
9.53400E+00        8.35994763719E+03
9.54000E+00        8.35039792755E+03
9.54600E+00        8.34086448943E+03
9.55200E+00        8.33134728610E+03
9.55800E+00        8.32184628093E+03
9.56400E+00        8.31236143739E+03
9.57000E+00        8.30289271905E+03
9.57600E+00        8.29344008960E+03
9.58200E+00        8.28400351281E+03
9.58800E+00        8.27458295255E+03
9.59400E+00        8.26517837280E+03
9.60000E+00        8.25578973766E+03
9.60600E+00        8.24641701128E+03
9.61200E+00        8.23706015797E+03
9.61800E+00        8.22771914209E+03
9.62400E+00        8.21839392812E+03
9.63000E+00        8.20908448065E+03
9.63600E+00        8.19979076434E+03
9.64200E+00        8.19051274397E+03
9.64800E+00        8.18125038442E+03
9.65400E+00        8.17200365066E+03
9.66000E+00        8.16277250775E+03
9.66600E+00        8.15355692085E+03
9.67200E+00        8.14435685523E+03
9.67800E+00        8.13517227624E+03
9.68400E+00        8.12600314934E+03
9.69000E+00        8.11684944008E+03
9.69600E+00        8.10771111410E+03
9.70200E+00        8.09858813713E+03
9.70800E+00        8.08948047502E+03
9.71400E+00        8.08038809369E+03
9.72000E+00        8.07131095916E+03
9.72600E+00        8.06224903755E+03
9.73200E+00        8.05320229507E+03
9.73800E+00        8.04417069802E+03
9.74400E+00        8.03515421281E+03
9.75000E+00        8.02615280590E+03
9.75600E+00        8.01716644389E+03
9.76200E+00        8.00819509346E+03
9.76800E+00        7.99923872135E+03
9.77400E+00        7.99029729443E+03
9.78000E+00        7.98137077965E+03
9.78600E+00        7.97245914404E+03
9.79200E+00        7.96356235473E+03
9.79800E+00        7.95468037894E+03
9.80400E+00        7.94581318397E+03
9.81000E+00        7.93696073723E+03
9.81600E+00        7.92812300620E+03
9.82200E+00        7.91929995845E+03
9.82800E+00        7.91049156166E+03
9.83400E+00        7.90169778357E+03
9.84000E+00        7.89291859202E+03
9.84600E+00        7.88415395494E+03
9.85200E+00        7.87540384035E+03
9.85800E+00        7.86666821636E+03
9.86400E+00        7.85794705115E+03
9.87000E+00        7.84924031300E+03
9.87600E+00        7.84054797028E+03
9.88200E+00        7.83186999143E+03
9.88800E+00        7.82320634499E+03
9.89400E+00        7.81455699958E+03
9.90000E+00        7.80592192391E+03
9.90600E+00        7.79730108677E+03
9.91200E+00        7.78869445703E+03
9.91800E+00        7.78010200367E+03
9.92400E+00        7.77152369572E+03
9.93000E+00        7.76295950231E+03
9.93600E+00        7.75440939265E+03
9.94200E+00        7.74587333604E+03
9.94800E+00        7.73735130187E+03
9.95400E+00        7.72884325959E+03
9.96000E+00        7.72034917874E+03
9.96600E+00        7.71186902896E+03
9.97200E+00        7.70340277995E+03
9.97800E+00        7.69495040151E+03
9.98400E+00        7.68651186350E+03
9.99000E+00        7.67808713589E+03
9.99600E+00        7.66967618870E+03
1.00020E+01        7.66127899205E+03
1.00080E+01        7.65289551613E+03
1.00140E+01        7.64452573124E+03
1.00200E+01        7.63616960771E+03
1.00260E+01        7.62782711598E+03
1.00320E+01        7.61949822658E+03
1.00380E+01        7.61118291009E+03
1.00440E+01        7.60288113720E+03
1.00500E+01        7.59459287864E+03
1.00560E+01        7.58631810526E+03
1.00620E+01        7.57805678796E+03
1.00680E+01        7.56980889772E+03
1.00740E+01        7.56157440562E+03
1.00800E+01        7.55335328280E+03
1.00860E+01        7.54514550047E+03
1.00920E+01        7.53695102993E+03
1.00980E+01        7.52876984255E+03
1.01040E+01        7.52060190979E+03
1.01100E+01        7.51244720316E+03
1.01160E+01        7.50430569428E+03
1.01220E+01        7.49617735481E+03
1.01280E+01        7.48806215652E+03
1.01340E+01        7.47996007122E+03
1.01400E+01        7.47187107083E+03
1.01460E+01        7.46379512732E+03
1.01520E+01        7.45573221274E+03
1.01580E+01        7.44768229922E+03
1.01640E+01        7.43964535896E+03
1.01700E+01        7.43162136423E+03
1.01760E+01        7.42361028739E+03
1.01820E+01        7.41561210086E+03
1.01880E+01        7.40762677713E+03
1.01940E+01        7.39965428876E+03
1.02000E+01        7.39169460840E+03
1.02060E+01        7.38374770877E+03
1.02120E+01        7.37581356264E+03
1.02180E+01        7.36789214288E+03
1.02240E+01        7.35998342242E+03
1.02300E+01        7.35208737424E+03
1.02360E+01        7.34420397143E+03
1.02420E+01        7.33633318713E+03
1.02480E+01        7.32847499456E+03
1.02540E+01        7.32062936699E+03
1.02600E+01        7.31279627778E+03
1.02660E+01        7.30497570036E+03
1.02720E+01        7.29716760823E+03
1.02780E+01        7.28937197494E+03
1.02840E+01        7.28158877413E+03
1.02900E+01        7.27381797951E+03
1.02960E+01        7.26605956485E+03
1.03020E+01        7.25831350398E+03
1.03080E+01        7.25057977083E+03
1.03140E+01        7.24285833936E+03
1.03200E+01        7.23514918364E+03
1.03260E+01        7.22745227776E+03
1.03320E+01        7.21976759592E+03
1.03380E+01        7.21209511237E+03
1.03440E+01        7.20443480141E+03
1.03500E+01        7.19678663745E+03
1.03560E+01        7.18915059493E+03
1.03620E+01        7.18152664837E+03
1.03680E+01        7.17391477235E+03
1.03740E+01        7.16631494153E+03
1.03800E+01        7.15872713062E+03
1.03860E+01        7.15115131442E+03
1.03920E+01        7.14358746776E+03
1.03980E+01        7.13603556557E+03
1.04040E+01        7.12849558282E+03
1.04100E+01        7.12096749456E+03
1.04160E+01        7.11345127591E+03
1.04220E+01        7.10594690203E+03
1.04280E+01        7.09845434816E+03
1.04340E+01        7.09097358962E+03
1.04400E+01        7.08350460177E+03
1.04460E+01        7.07604736004E+03
1.04520E+01        7.06860183992E+03
1.04580E+01        7.06116801698E+03
1.04640E+01        7.05374586685E+03
1.04700E+01        7.04633536519E+03
1.04760E+01        7.03893648778E+03
1.04820E+01        7.03154921040E+03
1.04880E+01        7.02417350895E+03
1.04940E+01        7.01680935936E+03
1.05000E+01        7.00945673762E+03
1.05060E+01        7.00211561980E+03
1.05120E+01        6.99478598202E+03
1.05180E+01        6.98746780047E+03
1.05240E+01        6.98016105138E+03
1.05300E+01        6.97286571107E+03
1.05360E+01        6.96558175590E+03
1.05420E+01        6.95830916231E+03
1.05480E+01        6.95104790678E+03
1.05540E+01        6.94379796586E+03
1.05600E+01        6.93655931616E+03
1.05660E+01        6.92933193435E+03
1.05720E+01        6.92211579717E+03
1.05780E+01        6.91491088140E+03
1.05840E+01        6.90771716389E+03
1.05900E+01        6.90053462155E+03
1.05960E+01        6.89336323134E+03
1.06020E+01        6.88620297031E+03
1.06080E+01        6.87905381552E+03
1.06140E+01        6.87191574413E+03
1.06200E+01        6.86478873334E+03
1.06260E+01        6.85767276041E+03
1.06320E+01        6.85056780266E+03
1.06380E+01        6.84347383747E+03
1.06440E+01        6.83639084226E+03
1.06500E+01        6.82931879455E+03
1.06560E+01        6.82225767186E+03
1.06620E+01        6.81520745182E+03
1.06680E+01        6.80816811208E+03
1.06740E+01        6.80113963037E+03
1.06800E+01        6.79412198446E+03
1.06860E+01        6.78711515219E+03
1.06920E+01        6.78011911146E+03
1.06980E+01        6.77313384020E+03
1.07040E+01        6.76615931642E+03
1.07100E+01        6.75919551818E+03
1.07160E+01        6.75224242359E+03
1.07220E+01        6.74530001082E+03
1.07280E+01        6.73836825811E+03
1.07340E+01        6.73144714373E+03
1.07400E+01        6.72453664601E+03
1.07460E+01        6.71763674335E+03
1.07520E+01        6.71074741418E+03
1.07580E+01        6.70386863702E+03
1.07640E+01        6.69700039042E+03
1.07700E+01        6.69014265298E+03
1.07760E+01        6.68329540336E+03
1.07820E+01        6.67645862029E+03
1.07880E+01        6.66963228252E+03
1.07940E+01        6.66281636890E+03
1.08000E+01        6.65601085828E+03
1.08060E+01        6.64921572961E+03
1.08120E+01        6.64243096186E+03
1.08180E+01        6.63565653408E+03
1.08240E+01        6.62889242534E+03
1.08300E+01        6.62213861479E+03
1.08360E+01        6.61539508163E+03
1.08420E+01        6.60866180510E+03
1.08480E+01        6.60193876450E+03
1.08540E+01        6.59522593918E+03
1.08600E+01        6.58852330854E+03
1.08660E+01        6.58183085203E+03
1.08720E+01        6.57514854917E+03
1.08780E+01        6.56847637950E+03
1.08840E+01        6.56181432263E+03
1.08900E+01        6.55516235823E+03
1.08960E+01        6.54852046599E+03
1.09020E+01        6.54188862569E+03
1.09080E+01        6.53526681713E+03
1.09140E+01        6.52865502018E+03
1.09200E+01        6.52205321474E+03
1.09260E+01        6.51546138077E+03
1.09320E+01        6.50887949830E+03
1.09380E+01        6.50230754737E+03
1.09440E+01        6.49574550811E+03
1.09500E+01        6.48919336067E+03
1.09560E+01        6.48265108526E+03
1.09620E+01        6.47611866214E+03
1.09680E+01        6.46959607161E+03
1.09740E+01        6.46308329405E+03
1.09800E+01        6.45658030985E+03
1.09860E+01        6.45008709946E+03
1.09920E+01        6.44360364339E+03
1.09980E+01        6.43712992220E+03
1.10040E+01        6.43066591648E+03
1.10100E+01        6.42421160687E+03
1.10160E+01        6.41776697409E+03
1.10220E+01        6.41133199886E+03
1.10280E+01        6.40490666198E+03
1.10340E+01        6.39849094429E+03
1.10400E+01        6.39208482668E+03
1.10460E+01        6.38568829007E+03
1.10520E+01        6.37930131546E+03
1.10580E+01        6.37292388386E+03
1.10640E+01        6.36655597636E+03
1.10700E+01        6.36019757406E+03
1.10760E+01        6.35384865815E+03
1.10820E+01        6.34750920982E+03
1.10880E+01        6.34117921036E+03
1.10940E+01        6.33485864105E+03
1.11000E+01        6.32854748326E+03
1.11060E+01        6.32224571837E+03
1.11120E+01        6.31595332784E+03
1.11180E+01        6.30967029316E+03
1.11240E+01        6.30339659586E+03
1.11300E+01        6.29713221751E+03
1.11360E+01        6.29087713975E+03
1.11420E+01        6.28463134425E+03
1.11480E+01        6.27839481271E+03
1.11540E+01        6.27216752691E+03
1.11600E+01        6.26594946865E+03
1.11660E+01        6.25974061977E+03
1.11720E+01        6.25354096217E+03
1.11780E+01        6.24735047779E+03
1.11840E+01        6.24116914861E+03
1.11900E+01        6.23499695666E+03
1.11960E+01        6.22883388401E+03
1.12020E+01        6.22267991277E+03
1.12080E+01        6.21653502509E+03
1.12140E+01        6.21039920319E+03
1.12200E+01        6.20427242930E+03
1.12260E+01        6.19815468572E+03
1.12320E+01        6.19204595477E+03
1.12380E+01        6.18594621882E+03
1.12440E+01        6.17985546031E+03
1.12500E+01        6.17377366167E+03
1.12560E+01        6.16770080542E+03
1.12620E+01        6.16163687411E+03
1.12680E+01        6.15558185031E+03
1.12740E+01        6.14953571666E+03
1.12800E+01        6.14349845583E+03
1.12860E+01        6.13747005053E+03
1.12920E+01        6.13145048353E+03
1.12980E+01        6.12543973760E+03
1.13040E+01        6.11943779561E+03
1.13100E+01        6.11344464041E+03
1.13160E+01        6.10746025495E+03
1.13220E+01        6.10148462217E+03
1.13280E+01        6.09551772509E+03
1.13340E+01        6.08955954675E+03
1.13400E+01        6.08361007023E+03
1.13460E+01        6.07766927867E+03
1.13520E+01        6.07173715523E+03
1.13580E+01        6.06581368312E+03
1.13640E+01        6.05989884559E+03
1.13700E+01        6.05399262592E+03
1.13760E+01        6.04809500745E+03
1.13820E+01        6.04220597355E+03
1.13880E+01        6.03632550763E+03
1.13940E+01        6.03045359313E+03
1.14000E+01        6.02459021354E+03
1.14060E+01        6.01873535240E+03
1.14120E+01        6.01288899328E+03
1.14180E+01        6.00705111977E+03
1.14240E+01        6.00122171553E+03
1.14300E+01        5.99540076425E+03
1.14360E+01        5.98958824964E+03
1.14420E+01        5.98378415548E+03
1.14480E+01        5.97798846557E+03
1.14540E+01        5.97220116374E+03
1.14600E+01        5.96642223389E+03
1.14660E+01        5.96065165993E+03
1.14720E+01        5.95488942582E+03
1.14780E+01        5.94913551555E+03
1.14840E+01        5.94338991316E+03
1.14900E+01        5.93765260271E+03
1.14960E+01        5.93192356833E+03
1.15020E+01        5.92620279416E+03
1.15080E+01        5.92049026439E+03
1.15140E+01        5.91478596324E+03
1.15200E+01        5.90908987496E+03
1.15260E+01        5.90340198387E+03
1.15320E+01        5.89772227429E+03
1.15380E+01        5.89205073060E+03
1.15440E+01        5.88638733721E+03
1.15500E+01        5.88073207857E+03
1.15560E+01        5.87508493915E+03
1.15620E+01        5.86944590350E+03
1.15680E+01        5.86381495615E+03
1.15740E+01        5.85819208171E+03
1.15800E+01        5.85257726480E+03
1.15860E+01        5.84697049010E+03
1.15920E+01        5.84137174231E+03
1.15980E+01        5.83578100617E+03
1.16040E+01        5.83019826645E+03
1.16100E+01        5.82462350797E+03
1.16160E+01        5.81905671557E+03
1.16220E+01        5.81349787414E+03
1.16280E+01        5.80794696860E+03
1.16340E+01        5.80240398390E+03
1.16400E+01        5.79686890504E+03
1.16460E+01        5.79134171704E+03
1.16520E+01        5.78582240496E+03
1.16580E+01        5.78031095389E+03
1.16640E+01        5.77480734898E+03
1.16700E+01        5.76931157538E+03
1.16760E+01        5.76382361830E+03
1.16820E+01        5.75834346298E+03
1.16880E+01        5.75287109468E+03
1.16940E+01        5.74740649871E+03
1.17000E+01        5.74194966041E+03
1.17060E+01        5.73650056516E+03
1.17120E+01        5.73105919836E+03
1.17180E+01        5.72562554546E+03
1.17240E+01        5.72019959193E+03
1.17300E+01        5.71478132329E+03
1.17360E+01        5.70937072509E+03
1.17420E+01        5.70396778289E+03
1.17480E+01        5.69857248231E+03
1.17540E+01        5.69318480901E+03
1.17600E+01        5.68780474865E+03
1.17660E+01        5.68243228696E+03
1.17720E+01        5.67706740967E+03
1.17780E+01        5.67171010258E+03
1.17840E+01        5.66636035149E+03
1.17900E+01        5.66101814225E+03
1.17960E+01        5.65568346074E+03
1.18020E+01        5.65035629286E+03
1.18080E+01        5.64503662458E+03
1.18140E+01        5.63972444185E+03
1.18200E+01        5.63441973071E+03
1.18260E+01        5.62912247718E+03
1.18320E+01        5.62383266734E+03
1.18380E+01        5.61855028730E+03
1.18440E+01        5.61327532320E+03
1.18500E+01        5.60800776122E+03
1.18560E+01        5.60274758755E+03
1.18620E+01        5.59749478843E+03
1.18680E+01        5.59224935014E+03
1.18740E+01        5.58701125897E+03
1.18800E+01        5.58178050125E+03
1.18860E+01        5.57655706334E+03
1.18920E+01        5.57134093165E+03
1.18980E+01        5.56613209260E+03
1.19040E+01        5.56093053265E+03
1.19100E+01        5.55573623827E+03
1.19160E+01        5.55054919601E+03
1.19220E+01        5.54536939240E+03
1.19280E+01        5.54019681403E+03
1.19340E+01        5.53503144752E+03
1.19400E+01        5.52987327950E+03
1.19460E+01        5.52472229665E+03
1.19520E+01        5.51957848569E+03
1.19580E+01        5.51444183334E+03
1.19640E+01        5.50931232637E+03
1.19700E+01        5.50418995158E+03
1.19760E+01        5.49907469580E+03
1.19820E+01        5.49396654588E+03
1.19880E+01        5.48886548872E+03
1.19940E+01        5.48377151123E+03
1.20000E+01        5.47868460036E+03
1.20060E+01        5.47360474309E+03
1.20120E+01        5.46853192643E+03
1.20180E+01        5.46346613741E+03
1.20240E+01        5.45840736311E+03
1.20300E+01        5.45335559062E+03
1.20360E+01        5.44831080706E+03
1.20420E+01        5.44327299960E+03
1.20480E+01        5.43824215542E+03
1.20540E+01        5.43321826174E+03
1.20600E+01        5.42820130580E+03
1.20660E+01        5.42319127486E+03
1.20720E+01        5.41818815625E+03
1.20780E+01        5.41319193728E+03
1.20840E+01        5.40820260532E+03
1.20900E+01        5.40322014775E+03
1.20960E+01        5.39824455200E+03
1.21020E+01        5.39327580551E+03
1.21080E+01        5.38831389576E+03
1.21140E+01        5.38335881025E+03
1.21200E+01        5.37841053651E+03
1.21260E+01        5.37346906210E+03
1.21320E+01        5.36853437462E+03
1.21380E+01        5.36360646167E+03
1.21440E+01        5.35868531091E+03
1.21500E+01        5.35377091001E+03
1.21560E+01        5.34886324667E+03
1.21620E+01        5.34396230861E+03
1.21680E+01        5.33906808360E+03
1.21740E+01        5.33418055941E+03
1.21800E+01        5.32929972387E+03
1.21860E+01        5.32442556481E+03
1.21920E+01        5.31955807010E+03
1.21980E+01        5.31469722764E+03
1.22040E+01        5.30984302533E+03
1.22100E+01        5.30499545115E+03
1.22160E+01        5.30015449306E+03
1.22220E+01        5.29532013906E+03
1.22280E+01        5.29049237720E+03
1.22340E+01        5.28567119552E+03
1.22400E+01        5.28085658210E+03
1.22460E+01        5.27604852508E+03
1.22520E+01        5.27124701257E+03
1.22580E+01        5.26645203275E+03
1.22640E+01        5.26166357381E+03
1.22700E+01        5.25688162396E+03
1.22760E+01        5.25210617146E+03
1.22820E+01        5.24733720457E+03
1.22880E+01        5.24257471160E+03
1.22940E+01        5.23781868086E+03
1.23000E+01        5.23306910070E+03
1.23060E+01        5.22832595951E+03
1.23120E+01        5.22358924568E+03
1.23180E+01        5.21885894765E+03
1.23240E+01        5.21413505387E+03
1.23300E+01        5.20941755282E+03
1.23360E+01        5.20470643300E+03
1.23420E+01        5.20000168294E+03
1.23480E+01        5.19530329122E+03
1.23540E+01        5.19061124640E+03
1.23600E+01        5.18592553710E+03
1.23660E+01        5.18124615194E+03
1.23720E+01        5.17657307960E+03
1.23780E+01        5.17190630876E+03
1.23840E+01        5.16724582812E+03
1.23900E+01        5.16259162642E+03
1.23960E+01        5.15794369242E+03
1.24020E+01        5.15330201491E+03
1.24080E+01        5.14866658270E+03
1.24140E+01        5.14403738462E+03
1.24200E+01        5.13941440954E+03
1.24260E+01        5.13479764633E+03
1.24320E+01        5.13018708391E+03
1.24380E+01        5.12558271121E+03
1.24440E+01        5.12098451720E+03
1.24500E+01        5.11639249085E+03
1.24560E+01        5.11180662117E+03
1.24620E+01        5.10722689720E+03
1.24680E+01        5.10265330799E+03
1.24740E+01        5.09808584262E+03
1.24800E+01        5.09352449020E+03
1.24860E+01        5.08896923986E+03
1.24920E+01        5.08442008075E+03
1.24980E+01        5.07987700205E+03
1.25040E+01        5.07533999296E+03
1.25100E+01        5.07080904271E+03
1.25160E+01        5.06628414054E+03
1.25220E+01        5.06176527573E+03
1.25280E+01        5.05725243757E+03
1.25340E+01        5.05274561538E+03
1.25400E+01        5.04824479851E+03
1.25460E+01        5.04374997633E+03
1.25520E+01        5.03926113822E+03
1.25580E+01        5.03477827360E+03
1.25640E+01        5.03030137191E+03
1.25700E+01        5.02583042261E+03
1.25760E+01        5.02136541518E+03
1.25820E+01        5.01690633912E+03
1.25880E+01        5.01245318398E+03
1.25940E+01        5.00800593929E+03
1.26000E+01        5.00356459465E+03
1.26060E+01        4.99912913964E+03
1.26120E+01        4.99469956388E+03
1.26180E+01        4.99027585703E+03
1.26240E+01        4.98585800875E+03
1.26300E+01        4.98144600873E+03
1.26360E+01        4.97703984669E+03
1.26420E+01        4.97263951235E+03
1.26480E+01        4.96824499547E+03
1.26540E+01        4.96385628584E+03
1.26600E+01        4.95947337326E+03
1.26660E+01        4.95509624755E+03
1.26720E+01        4.95072489855E+03
1.26780E+01        4.94635931615E+03
1.26840E+01        4.94199949022E+03
1.26900E+01        4.93764541068E+03
1.26960E+01        4.93329706748E+03
1.27020E+01        4.92895445055E+03
1.27080E+01        4.92461754989E+03
1.27140E+01        4.92028635550E+03
1.27200E+01        4.91596085739E+03
1.27260E+01        4.91164104561E+03
1.27320E+01        4.90732691023E+03
1.27380E+01        4.90301844133E+03
1.27440E+01        4.89871562903E+03
1.27500E+01        4.89441846346E+03
1.27560E+01        4.89012693476E+03
1.27620E+01        4.88584103311E+03
1.27680E+01        4.88156074871E+03
1.27740E+01        4.87728607178E+03
1.27800E+01        4.87301699254E+03
1.27860E+01        4.86875350126E+03
1.27920E+01        4.86449558822E+03
1.27980E+01        4.86024324371E+03
1.28040E+01        4.85599645807E+03
1.28100E+01        4.85175522164E+03
1.28160E+01        4.84751952477E+03
1.28220E+01        4.84328935785E+03
1.28280E+01        4.83906471128E+03
1.28340E+01        4.83484557551E+03
1.28400E+01        4.83063194096E+03
1.28460E+01        4.82642379811E+03
1.28520E+01        4.82222113744E+03
1.28580E+01        4.81802394947E+03
1.28640E+01        4.81383222471E+03
1.28700E+01        4.80964595373E+03
1.28760E+01        4.80546512710E+03
1.28820E+01        4.80128973539E+03
1.28880E+01        4.79711976923E+03
1.28940E+01        4.79295521923E+03
1.29000E+01        4.78879607606E+03
1.29060E+01        4.78464233038E+03
1.29120E+01        4.78049397289E+03
1.29180E+01        4.77635099429E+03
1.29240E+01        4.77221338532E+03
1.29300E+01        4.76808113672E+03
1.29360E+01        4.76395423927E+03
1.29420E+01        4.75983268376E+03
1.29480E+01        4.75571646099E+03
1.29540E+01        4.75160556181E+03
1.29600E+01        4.74749997704E+03
1.29660E+01        4.74339969757E+03
1.29720E+01        4.73930471429E+03
1.29780E+01        4.73521501809E+03
1.29840E+01        4.73113059992E+03
1.29900E+01        4.72705145071E+03
1.29960E+01        4.72297756143E+03
1.30020E+01        4.71890892307E+03
1.30080E+01        4.71484552663E+03
1.30140E+01        4.71078736313E+03
1.30200E+01        4.70673442363E+03
1.30260E+01        4.70268669917E+03
1.30320E+01        4.69864418085E+03
1.30380E+01        4.69460685976E+03
1.30440E+01        4.69057472702E+03
1.30500E+01        4.68654777377E+03
1.30560E+01        4.68252599116E+03
1.30620E+01        4.67850937038E+03
1.30680E+01        4.67449790261E+03
1.30740E+01        4.67049157908E+03
1.30800E+01        4.66649039100E+03
1.30860E+01        4.66249432964E+03
1.30920E+01        4.65850338625E+03
1.30980E+01        4.65451755214E+03
1.31040E+01        4.65053681859E+03
1.31100E+01        4.64656117695E+03
1.31160E+01        4.64259061855E+03
1.31220E+01        4.63862513475E+03
1.31280E+01        4.63466471694E+03
1.31340E+01        4.63070935650E+03
1.31400E+01        4.62675904486E+03
1.31460E+01        4.62281377345E+03
1.31520E+01        4.61887353372E+03
1.31580E+01        4.61493831714E+03
1.31640E+01        4.61100811521E+03
1.31700E+01        4.60708291941E+03
1.31760E+01        4.60316272130E+03
1.31820E+01        4.59924751239E+03
1.31880E+01        4.59533728425E+03
1.31940E+01        4.59143202847E+03
1.32000E+01        4.58753173663E+03
1.32060E+01        4.58363640035E+03
1.32120E+01        4.57974601126E+03
1.32180E+01        4.57586056101E+03
1.32240E+01        4.57198004126E+03
1.32300E+01        4.56810444369E+03
1.32360E+01        4.56423376002E+03
1.32420E+01        4.56036798195E+03
1.32480E+01        4.55650710122E+03
1.32540E+01        4.55265110959E+03
1.32600E+01        4.54879999882E+03
1.32660E+01        4.54495376071E+03
1.32720E+01        4.54111238705E+03
1.32780E+01        4.53727586967E+03
1.32840E+01        4.53344420042E+03
1.32900E+01        4.52961737113E+03
1.32960E+01        4.52579537370E+03
1.33020E+01        4.52197820000E+03
1.33080E+01        4.51816584195E+03
1.33140E+01        4.51435829147E+03
1.33200E+01        4.51055554050E+03
1.33260E+01        4.50675758100E+03
1.33320E+01        4.50296440494E+03
1.33380E+01        4.49917600432E+03
1.33440E+01        4.49539237113E+03
1.33500E+01        4.49161349742E+03
1.33560E+01        4.48783937522E+03
1.33620E+01        4.48406999658E+03
1.33680E+01        4.48030535358E+03
1.33740E+01        4.47654543832E+03
1.33800E+01        4.47279024290E+03
1.33860E+01        4.46903975944E+03
1.33920E+01        4.46529398008E+03
1.33980E+01        4.46155289698E+03
1.34040E+01        4.45781650232E+03
1.34100E+01        4.45408478828E+03
1.34160E+01        4.45035774707E+03
1.34220E+01        4.44663537091E+03
1.34280E+01        4.44291765203E+03
1.34340E+01        4.43920458270E+03
1.34400E+01        4.43549615517E+03
1.34460E+01        4.43179236174E+03
1.34520E+01        4.42809319471E+03
1.34580E+01        4.42439864640E+03
1.34640E+01        4.42070870913E+03
1.34700E+01        4.41702337527E+03
1.34760E+01        4.41334263716E+03
1.34820E+01        4.40966648721E+03
1.34880E+01        4.40599491779E+03
1.34940E+01        4.40232792133E+03
1.35000E+01        4.39866549026E+03
1.35060E+01        4.39500761700E+03
1.35120E+01        4.39135429404E+03
1.35180E+01        4.38770551383E+03
1.35240E+01        4.38406126888E+03
1.35300E+01        4.38042155168E+03
1.35360E+01        4.37678635477E+03
1.35420E+01        4.37315567066E+03
1.35480E+01        4.36952949193E+03
1.35540E+01        4.36590781112E+03
1.35600E+01        4.36229062084E+03
1.35660E+01        4.35867791367E+03
1.35720E+01        4.35506968223E+03
1.35780E+01        4.35146591914E+03
1.35840E+01        4.34786661706E+03
1.35900E+01        4.34427176863E+03
1.35960E+01        4.34068136653E+03
1.36020E+01        4.33709540346E+03
1.36080E+01        4.33351387211E+03
1.36140E+01        4.32993676520E+03
1.36200E+01        4.32636407546E+03
1.36260E+01        4.32279579566E+03
1.36320E+01        4.31923191853E+03
1.36380E+01        4.31567243688E+03
1.36440E+01        4.31211734348E+03
1.36500E+01        4.30856663114E+03
1.36560E+01        4.30502029270E+03
1.36620E+01        4.30147832097E+03
1.36680E+01        4.29794070882E+03
1.36740E+01        4.29440744912E+03
1.36800E+01        4.29087853473E+03
1.36860E+01        4.28735395856E+03
1.36920E+01        4.28383371352E+03
1.36980E+01        4.28031779253E+03
1.37040E+01        4.27680618853E+03
1.37100E+01        4.27329889446E+03
1.37160E+01        4.26979590331E+03
1.37220E+01        4.26629720804E+03
1.37280E+01        4.26280280166E+03
1.37340E+01        4.25931267718E+03
1.37400E+01        4.25582682761E+03
1.37460E+01        4.25234524600E+03
1.37520E+01        4.24886792540E+03
1.37580E+01        4.24539485888E+03
1.37640E+01        4.24192603951E+03
1.37700E+01        4.23846146040E+03
1.37760E+01        4.23500111464E+03
1.37820E+01        4.23154499536E+03
1.37880E+01        4.22809309571E+03
1.37940E+01        4.22464540882E+03
1.38000E+01        4.22120192786E+03
1.38060E+01        4.21776264602E+03
1.38120E+01        4.21432755647E+03
1.38180E+01        4.21089665244E+03
1.38240E+01        4.20746992713E+03
1.38300E+01        4.20404737378E+03
1.38360E+01        4.20062898564E+03
1.38420E+01        4.19721475596E+03
1.38480E+01        4.19380467803E+03
1.38540E+01        4.19039874512E+03
1.38600E+01        4.18699695054E+03
1.38660E+01        4.18359928760E+03
1.38720E+01        4.18020574964E+03
1.38780E+01        4.17681632998E+03
1.38840E+01        4.17343102200E+03
1.38900E+01        4.17004981905E+03
1.38960E+01        4.16667271451E+03
1.39020E+01        4.16329970179E+03
1.39080E+01        4.15993077428E+03
1.39140E+01        4.15656592541E+03
1.39200E+01        4.15320514862E+03
1.39260E+01        4.14984843735E+03
1.39320E+01        4.14649578506E+03
1.39380E+01        4.14314718523E+03
1.39440E+01        4.13980263133E+03
1.39500E+01        4.13646211689E+03
1.39560E+01        4.13312563540E+03
1.39620E+01        4.12979318039E+03
1.39680E+01        4.12646474540E+03
1.39740E+01        4.12314032398E+03
1.39800E+01        4.11981990970E+03
1.39860E+01        4.11650349613E+03
1.39920E+01        4.11319107687E+03
1.39980E+01        4.10988264551E+03
1.40040E+01        4.10657819568E+03
