# %ECSV 0.9
# ---
# datatype:
# - {name: wavelength, unit: micron, datatype: float64}
# - {name: flux, unit: microJansky, datatype: float64}
# schema: astropy-2.0
#
#
#  - - File generated by ExoNoodle - -
#         V1.0.0 - MML (CEA-Saclay)
#       2021-02-26 14:01:48.325215
wavelength flux 
3.00000E+00        5.69760485967E+04
3.00600E+00        5.68217354173E+04
3.01200E+00        5.66679815302E+04
3.01800E+00        5.65147848282E+04
3.02400E+00        5.63621432066E+04
3.03000E+00        5.62100545639E+04
3.03600E+00        5.60585168010E+04
3.04200E+00        5.59075278222E+04
3.04800E+00        5.57570855349E+04
3.05400E+00        5.56071878496E+04
3.06000E+00        5.54578326805E+04
3.06600E+00        5.53090179451E+04
3.07200E+00        5.51607415645E+04
3.07800E+00        5.50130014638E+04
3.08400E+00        5.48657955716E+04
3.09000E+00        5.47191218205E+04
3.09600E+00        5.45729781473E+04
3.10200E+00        5.44273624929E+04
3.10800E+00        5.42822728021E+04
3.11400E+00        5.41377070244E+04
3.12000E+00        5.39936631135E+04
3.12600E+00        5.38501390276E+04
3.13200E+00        5.37071327294E+04
3.13800E+00        5.35646421864E+04
3.14400E+00        5.34226653707E+04
3.15000E+00        5.32812002590E+04
3.15600E+00        5.31402448333E+04
3.16200E+00        5.29997970803E+04
3.16800E+00        5.28598549915E+04
3.17400E+00        5.27204165638E+04
3.18000E+00        5.25814797990E+04
3.18600E+00        5.24430427043E+04
3.19200E+00        5.23051032920E+04
3.19800E+00        5.21676595798E+04
3.20400E+00        5.20307095906E+04
3.21000E+00        5.18942513530E+04
3.21600E+00        5.17582829008E+04
3.22200E+00        5.16228022735E+04
3.22800E+00        5.14878075162E+04
3.23400E+00        5.13532966795E+04
3.24000E+00        5.12192678196E+04
3.24600E+00        5.10857189988E+04
3.25200E+00        5.09526482846E+04
3.25800E+00        5.08200537508E+04
3.26400E+00        5.06879334768E+04
3.27000E+00        5.05562855478E+04
3.27600E+00        5.04251080552E+04
3.28200E+00        5.02943990959E+04
3.28800E+00        5.01641567733E+04
3.29400E+00        5.00343791964E+04
3.30000E+00        4.99050644805E+04
3.30600E+00        4.97762107468E+04
3.31200E+00        4.96478161227E+04
3.31800E+00        4.95198787417E+04
3.32400E+00        4.93923967434E+04
3.33000E+00        4.92653682738E+04
3.33600E+00        4.91387914848E+04
3.34200E+00        4.90126645347E+04
3.34800E+00        4.88869855881E+04
3.35400E+00        4.87617528157E+04
3.36000E+00        4.86369643946E+04
3.36600E+00        4.85126185081E+04
3.37200E+00        4.83887133460E+04
3.37800E+00        4.82652471043E+04
3.38400E+00        4.81422179854E+04
3.39000E+00        4.80196241980E+04
3.39600E+00        4.78974639573E+04
3.40200E+00        4.77757354847E+04
3.40800E+00        4.76544370082E+04
3.41400E+00        4.75335667621E+04
3.42000E+00        4.74131229872E+04
3.42600E+00        4.72931039307E+04
3.43200E+00        4.71735078462E+04
3.43800E+00        4.70543329938E+04
3.44400E+00        4.69355776400E+04
3.45000E+00        4.68172400577E+04
3.45600E+00        4.66993185265E+04
3.46200E+00        4.65818113322E+04
3.46800E+00        4.64647167672E+04
3.47400E+00        4.63480331304E+04
3.48000E+00        4.62317587270E+04
3.48600E+00        4.61158918690E+04
3.49200E+00        4.60004308745E+04
3.49800E+00        4.58853740684E+04
3.50400E+00        4.57707197818E+04
3.51000E+00        4.56564663525E+04
3.51600E+00        4.55426121245E+04
3.52200E+00        4.54291554487E+04
3.52800E+00        4.53160946820E+04
3.53400E+00        4.52034281881E+04
3.54000E+00        4.50911543369E+04
3.54600E+00        4.49792715051E+04
3.55200E+00        4.48677780754E+04
3.55800E+00        4.47566724373E+04
3.56400E+00        4.46459529866E+04
3.57000E+00        4.45356181255E+04
3.57600E+00        4.44256662627E+04
3.58200E+00        4.43160958134E+04
3.58800E+00        4.42069051989E+04
3.59400E+00        4.40980928471E+04
3.60000E+00        4.39896571925E+04
3.60600E+00        4.38815966756E+04
3.61200E+00        4.37739097434E+04
3.61800E+00        4.36665948494E+04
3.62400E+00        4.35596504534E+04
3.63000E+00        4.34530750213E+04
3.63600E+00        4.33468670257E+04
3.64200E+00        4.32410249453E+04
3.64800E+00        4.31355472651E+04
3.65400E+00        4.30304324765E+04
3.66000E+00        4.29256790771E+04
3.66600E+00        4.28212855708E+04
3.67200E+00        4.27172504678E+04
3.67800E+00        4.26135722845E+04
3.68400E+00        4.25102495434E+04
3.69000E+00        4.24072807735E+04
3.69600E+00        4.23046645098E+04
3.70200E+00        4.22023992934E+04
3.70800E+00        4.21004836720E+04
3.71400E+00        4.19989161989E+04
3.72000E+00        4.18976954339E+04
3.72600E+00        4.17968199429E+04
3.73200E+00        4.16962882978E+04
3.73800E+00        4.15960990766E+04
3.74400E+00        4.14962508635E+04
3.75000E+00        4.13967422486E+04
3.75600E+00        4.12975718282E+04
3.76200E+00        4.11987382047E+04
3.76800E+00        4.11002399861E+04
3.77400E+00        4.10020757870E+04
3.78000E+00        4.09042442274E+04
3.78600E+00        4.08067439336E+04
3.79200E+00        4.07095735379E+04
3.79800E+00        4.06127316782E+04
3.80400E+00        4.05162169987E+04
3.81000E+00        4.04200281492E+04
3.81600E+00        4.03241637854E+04
3.82200E+00        4.02286225691E+04
3.82800E+00        4.01334031677E+04
3.83400E+00        4.00385042544E+04
3.84000E+00        3.99439245084E+04
3.84600E+00        3.98496626146E+04
3.85200E+00        3.97557172635E+04
3.85800E+00        3.96620871516E+04
3.86400E+00        3.95687709809E+04
3.87000E+00        3.94757674593E+04
3.87600E+00        3.93830753003E+04
3.88200E+00        3.92906932230E+04
3.88800E+00        3.91986199523E+04
3.89400E+00        3.91068542186E+04
3.90000E+00        3.90153947579E+04
3.90600E+00        3.89242403118E+04
3.91200E+00        3.88333896277E+04
3.91800E+00        3.87428414582E+04
3.92400E+00        3.86525945617E+04
3.93000E+00        3.85626477019E+04
3.93600E+00        3.84729996482E+04
3.94200E+00        3.83836491752E+04
3.94800E+00        3.82945950633E+04
3.95400E+00        3.82058360981E+04
3.96000E+00        3.81173710705E+04
3.96600E+00        3.80291987772E+04
3.97200E+00        3.79413180198E+04
3.97800E+00        3.78537276055E+04
3.98400E+00        3.77664263469E+04
3.99000E+00        3.76794130617E+04
3.99600E+00        3.75926865731E+04
4.00200E+00        3.75062457093E+04
4.00800E+00        3.74200893041E+04
4.01400E+00        3.73342161961E+04
4.02000E+00        3.72486252296E+04
4.02600E+00        3.71633152536E+04
4.03200E+00        3.70782851227E+04
4.03800E+00        3.69935336963E+04
4.04400E+00        3.69090598391E+04
4.05000E+00        3.68248624209E+04
4.05600E+00        3.67409403165E+04
4.06200E+00        3.66572924059E+04
4.06800E+00        3.65739175740E+04
4.07400E+00        3.64908147108E+04
4.08000E+00        3.64079827113E+04
4.08600E+00        3.63254204754E+04
4.09200E+00        3.62431269082E+04
4.09800E+00        3.61611009194E+04
4.10400E+00        3.60793414239E+04
4.11000E+00        3.59978473413E+04
4.11600E+00        3.59166175963E+04
4.12200E+00        3.58356511183E+04
4.12800E+00        3.57549468414E+04
4.13400E+00        3.56745037050E+04
4.14000E+00        3.55943206527E+04
4.14600E+00        3.55143966333E+04
4.15200E+00        3.54347306003E+04
4.15800E+00        3.53553215117E+04
4.16400E+00        3.52761683304E+04
4.17000E+00        3.51972700242E+04
4.17600E+00        3.51186255651E+04
4.18200E+00        3.50402339301E+04
4.18800E+00        3.49620941007E+04
4.19400E+00        3.48842050632E+04
4.20000E+00        3.48065658083E+04
4.20600E+00        3.47291753313E+04
4.21200E+00        3.46520326321E+04
4.21800E+00        3.45751367151E+04
4.22400E+00        3.44984865894E+04
4.23000E+00        3.44220812683E+04
4.23600E+00        3.43459197698E+04
4.24200E+00        3.42700011162E+04
4.24800E+00        3.41943243344E+04
4.25400E+00        3.41188884556E+04
4.26000E+00        3.40436925155E+04
4.26600E+00        3.39687355540E+04
4.27200E+00        3.38940166156E+04
4.27800E+00        3.38195347489E+04
4.28400E+00        3.37452890070E+04
4.29000E+00        3.36712784473E+04
4.29600E+00        3.35975021313E+04
4.30200E+00        3.35239591249E+04
4.30800E+00        3.34506484983E+04
4.31400E+00        3.33775693257E+04
4.32000E+00        3.33047206858E+04
4.32600E+00        3.32321016614E+04
4.33200E+00        3.31597113392E+04
4.33800E+00        3.30875488103E+04
4.34400E+00        3.30156131701E+04
4.35000E+00        3.29439035176E+04
4.35600E+00        3.28724189564E+04
4.36200E+00        3.28011585938E+04
4.36800E+00        3.27301215415E+04
4.37400E+00        3.26593069148E+04
4.38000E+00        3.25887138335E+04
4.38600E+00        3.25183414211E+04
4.39200E+00        3.24481888050E+04
4.39800E+00        3.23782551169E+04
4.40400E+00        3.23085394921E+04
4.41000E+00        3.22390410701E+04
4.41600E+00        3.21697589941E+04
4.42200E+00        3.21006924112E+04
4.42800E+00        3.20318404726E+04
4.43400E+00        3.19632023331E+04
4.44000E+00        3.18947771514E+04
4.44600E+00        3.18265640902E+04
4.45200E+00        3.17585623156E+04
4.45800E+00        3.16907709979E+04
4.46400E+00        3.16231893109E+04
4.47000E+00        3.15558164322E+04
4.47600E+00        3.14886515433E+04
4.48200E+00        3.14216938292E+04
4.48800E+00        3.13549424786E+04
4.49400E+00        3.12883966840E+04
4.50000E+00        3.12220556415E+04
4.50600E+00        3.11559185508E+04
4.51200E+00        3.10899846153E+04
4.51800E+00        3.10242530419E+04
4.52400E+00        3.09587230413E+04
4.53000E+00        3.08933938275E+04
4.53600E+00        3.08282646183E+04
4.54200E+00        3.07633346348E+04
4.54800E+00        3.06986031018E+04
4.55400E+00        3.06340692476E+04
4.56000E+00        3.05697323039E+04
4.56600E+00        3.05055915059E+04
4.57200E+00        3.04416460923E+04
4.57800E+00        3.03778953053E+04
4.58400E+00        3.03143383902E+04
4.59000E+00        3.02509745962E+04
4.59600E+00        3.01878031755E+04
4.60200E+00        3.01248233837E+04
4.60800E+00        3.00620344801E+04
4.61400E+00        2.99994357269E+04
4.62000E+00        2.99370263900E+04
4.62600E+00        2.98748057383E+04
4.63200E+00        2.98127730442E+04
4.63800E+00        2.97509275833E+04
4.64400E+00        2.96892686345E+04
4.65000E+00        2.96277954799E+04
4.65600E+00        2.95665074048E+04
4.66200E+00        2.95054036979E+04
4.66800E+00        2.94444836509E+04
4.67400E+00        2.93837465587E+04
4.68000E+00        2.93231917194E+04
4.68600E+00        2.92628184345E+04
4.69200E+00        2.92026260082E+04
4.69800E+00        2.91426137481E+04
4.70400E+00        2.90827809648E+04
4.71000E+00        2.90231269722E+04
4.71600E+00        2.89636510870E+04
4.72200E+00        2.89043526291E+04
4.72800E+00        2.88452309215E+04
4.73400E+00        2.87862852901E+04
4.74000E+00        2.87275150639E+04
4.74600E+00        2.86689195749E+04
4.75200E+00        2.86104981581E+04
4.75800E+00        2.85522501515E+04
4.76400E+00        2.84941748960E+04
4.77000E+00        2.84362717354E+04
4.77600E+00        2.83785400166E+04
4.78200E+00        2.83209790893E+04
4.78800E+00        2.82635883062E+04
4.79400E+00        2.82063670226E+04
4.80000E+00        2.81493145972E+04
4.80600E+00        2.80924303910E+04
4.81200E+00        2.80357137682E+04
4.81800E+00        2.79791640958E+04
4.82400E+00        2.79227807435E+04
4.83000E+00        2.78665630839E+04
4.83600E+00        2.78105104924E+04
4.84200E+00        2.77546223471E+04
4.84800E+00        2.76988980289E+04
4.85400E+00        2.76433369216E+04
4.86000E+00        2.75879384114E+04
4.86600E+00        2.75327018876E+04
4.87200E+00        2.74776267419E+04
4.87800E+00        2.74227123690E+04
4.88400E+00        2.73679581661E+04
4.89000E+00        2.73133635330E+04
4.89600E+00        2.72589278724E+04
4.90200E+00        2.72046505895E+04
4.90800E+00        2.71505310921E+04
4.91400E+00        2.70965687907E+04
4.92000E+00        2.70427630985E+04
4.92600E+00        2.69891134309E+04
4.93200E+00        2.69356192065E+04
4.93800E+00        2.68822798459E+04
4.94400E+00        2.68290947726E+04
4.95000E+00        2.67760634125E+04
4.95600E+00        2.67231851941E+04
4.96200E+00        2.66704595485E+04
4.96800E+00        2.66178859090E+04
4.97400E+00        2.65654637118E+04
4.98000E+00        2.65131923953E+04
4.98600E+00        2.64610714005E+04
4.99200E+00        2.64091001708E+04
4.99800E+00        2.63572781521E+04
5.00400E+00        2.63056047927E+04
5.01000E+00        2.62540795434E+04
5.01600E+00        2.62027018573E+04
5.02200E+00        2.61514711899E+04
5.02800E+00        2.61003869992E+04
5.03400E+00        2.60494487456E+04
5.04000E+00        2.59986558917E+04
5.04600E+00        2.59480079025E+04
5.05200E+00        2.58975042455E+04
5.05800E+00        2.58471443904E+04
5.06400E+00        2.57969278092E+04
5.07000E+00        2.57468539763E+04
5.07600E+00        2.56969223683E+04
5.08200E+00        2.56471324641E+04
5.08800E+00        2.55974837451E+04
5.09400E+00        2.55479756946E+04
5.10000E+00        2.54986077984E+04
5.10600E+00        2.54493795444E+04
5.11200E+00        2.54002904230E+04
5.11800E+00        2.53513399264E+04
5.12400E+00        2.53025275494E+04
5.13000E+00        2.52538527888E+04
5.13600E+00        2.52053151436E+04
5.14200E+00        2.51569141151E+04
5.14800E+00        2.51086492066E+04
5.15400E+00        2.50605199236E+04
5.16000E+00        2.50125257738E+04
5.16600E+00        2.49646662671E+04
5.17200E+00        2.49169409153E+04
5.17800E+00        2.48693492326E+04
5.18400E+00        2.48218907351E+04
5.19000E+00        2.47745649411E+04
5.19600E+00        2.47273713709E+04
5.20200E+00        2.46803095469E+04
5.20800E+00        2.46333789936E+04
5.21400E+00        2.45865792375E+04
5.22000E+00        2.45399098073E+04
5.22600E+00        2.44933702336E+04
5.23200E+00        2.44469600489E+04
5.23800E+00        2.44006787880E+04
5.24400E+00        2.43545259875E+04
5.25000E+00        2.43085011861E+04
5.25600E+00        2.42626039244E+04
5.26200E+00        2.42168337451E+04
5.26800E+00        2.41711901927E+04
5.27400E+00        2.41256728137E+04
5.28000E+00        2.40802811567E+04
5.28600E+00        2.40350147721E+04
5.29200E+00        2.39898732123E+04
5.29800E+00        2.39448560315E+04
5.30400E+00        2.38999627860E+04
5.31000E+00        2.38551930337E+04
5.31600E+00        2.38105463348E+04
5.32200E+00        2.37660222511E+04
5.32800E+00        2.37216203462E+04
5.33400E+00        2.36773401859E+04
5.34000E+00        2.36331813375E+04
5.34600E+00        2.35891433704E+04
5.35200E+00        2.35452258557E+04
5.35800E+00        2.35014283665E+04
5.36400E+00        2.34577504774E+04
5.37000E+00        2.34141917651E+04
5.37600E+00        2.33707518080E+04
5.38200E+00        2.33274301863E+04
5.38800E+00        2.32842264820E+04
5.39400E+00        2.32411402788E+04
5.40000E+00        2.31981711623E+04
5.40600E+00        2.31553187198E+04
5.41200E+00        2.31125825403E+04
5.41800E+00        2.30699622145E+04
5.42400E+00        2.30274573351E+04
5.43000E+00        2.29850674962E+04
5.43600E+00        2.29427922938E+04
5.44200E+00        2.29006313256E+04
5.44800E+00        2.28585841909E+04
5.45400E+00        2.28166504909E+04
5.46000E+00        2.27748298282E+04
5.46600E+00        2.27331218072E+04
5.47200E+00        2.26915260342E+04
5.47800E+00        2.26500421167E+04
5.48400E+00        2.26086696643E+04
5.49000E+00        2.25674082880E+04
5.49600E+00        2.25262576004E+04
5.50200E+00        2.24852172160E+04
5.50800E+00        2.24442867505E+04
5.51400E+00        2.24034658216E+04
5.52000E+00        2.23627540485E+04
5.52600E+00        2.23221510518E+04
5.53200E+00        2.22816564540E+04
5.53800E+00        2.22412698789E+04
5.54400E+00        2.22009909521E+04
5.55000E+00        2.21608193006E+04
5.55600E+00        2.21207545531E+04
5.56200E+00        2.20807963397E+04
5.56800E+00        2.20409442922E+04
5.57400E+00        2.20011980439E+04
5.58000E+00        2.19615572294E+04
5.58600E+00        2.19220214852E+04
5.59200E+00        2.18825904492E+04
5.59800E+00        2.18432637605E+04
5.60400E+00        2.18040410602E+04
5.61000E+00        2.17649219904E+04
5.61600E+00        2.17259061951E+04
5.62200E+00        2.16869933196E+04
5.62800E+00        2.16481830106E+04
5.63400E+00        2.16094749164E+04
5.64000E+00        2.15708686867E+04
5.64600E+00        2.15323639727E+04
5.65200E+00        2.14939604269E+04
5.65800E+00        2.14556577035E+04
5.66400E+00        2.14174554578E+04
5.67000E+00        2.13793533468E+04
5.67600E+00        2.13413510288E+04
5.68200E+00        2.13034481635E+04
5.68800E+00        2.12656444121E+04
5.69400E+00        2.12279394371E+04
5.70000E+00        2.11903329024E+04
5.70600E+00        2.11528244733E+04
5.71200E+00        2.11154138166E+04
5.71800E+00        2.10781006002E+04
5.72400E+00        2.10408844937E+04
5.73000E+00        2.10037651677E+04
5.73600E+00        2.09667422944E+04
5.74200E+00        2.09298155474E+04
5.74800E+00        2.08929846014E+04
5.75400E+00        2.08562491326E+04
5.76000E+00        2.08196088184E+04
5.76600E+00        2.07830633377E+04
5.77200E+00        2.07466123706E+04
5.77800E+00        2.07102555985E+04
5.78400E+00        2.06739927041E+04
5.79000E+00        2.06378233716E+04
5.79600E+00        2.06017472861E+04
5.80200E+00        2.05657641343E+04
5.80800E+00        2.05298736040E+04
5.81400E+00        2.04940753845E+04
5.82000E+00        2.04583691661E+04
5.82600E+00        2.04227546406E+04
5.83200E+00        2.03872315007E+04
5.83800E+00        2.03517994408E+04
5.84400E+00        2.03164581562E+04
5.85000E+00        2.02812073436E+04
5.85600E+00        2.02460467009E+04
5.86200E+00        2.02109759272E+04
5.86800E+00        2.01759947228E+04
5.87400E+00        2.01411027893E+04
5.88000E+00        2.01062998295E+04
5.88600E+00        2.00715855472E+04
5.89200E+00        2.00369596477E+04
5.89800E+00        2.00024218373E+04
5.90400E+00        1.99679718236E+04
5.91000E+00        1.99336093151E+04
5.91600E+00        1.98993340219E+04
5.92200E+00        1.98651456550E+04
5.92800E+00        1.98310439266E+04
5.93400E+00        1.97970285501E+04
5.94000E+00        1.97630992399E+04
5.94600E+00        1.97292557119E+04
5.95200E+00        1.96954976828E+04
5.95800E+00        1.96618248705E+04
5.96400E+00        1.96282369942E+04
5.97000E+00        1.95947337741E+04
5.97600E+00        1.95613149315E+04
5.98200E+00        1.95279801889E+04
5.98800E+00        1.94947292698E+04
5.99400E+00        1.94615618988E+04
6.00000E+00        1.94284778019E+04
6.00600E+00        1.93954767058E+04
6.01200E+00        1.93625583385E+04
6.01800E+00        1.93297224290E+04
6.02400E+00        1.92969687075E+04
6.03000E+00        1.92642969051E+04
6.03600E+00        1.92317067542E+04
6.04200E+00        1.91991979880E+04
6.04800E+00        1.91667703409E+04
6.05400E+00        1.91344235485E+04
6.06000E+00        1.91021573472E+04
6.06600E+00        1.90699714745E+04
6.07200E+00        1.90378656690E+04
6.07800E+00        1.90058396704E+04
6.08400E+00        1.89738932193E+04
6.09000E+00        1.89420260575E+04
6.09600E+00        1.89102379275E+04
6.10200E+00        1.88785285731E+04
6.10800E+00        1.88468977392E+04
6.11400E+00        1.88153451713E+04
6.12000E+00        1.87838706163E+04
6.12600E+00        1.87524738219E+04
6.13200E+00        1.87211545368E+04
6.13800E+00        1.86899125108E+04
6.14400E+00        1.86587474946E+04
6.15000E+00        1.86276592399E+04
6.15600E+00        1.85966474993E+04
6.16200E+00        1.85657120266E+04
6.16800E+00        1.85348525763E+04
6.17400E+00        1.85040689039E+04
6.18000E+00        1.84733607661E+04
6.18600E+00        1.84427279204E+04
6.19200E+00        1.84121701251E+04
6.19800E+00        1.83816871396E+04
6.20400E+00        1.83512787243E+04
6.21000E+00        1.83209446404E+04
6.21600E+00        1.82906846502E+04
6.22200E+00        1.82604985167E+04
6.22800E+00        1.82303860041E+04
6.23400E+00        1.82003468772E+04
6.24000E+00        1.81703809019E+04
6.24600E+00        1.81404878452E+04
6.25200E+00        1.81106674745E+04
6.25800E+00        1.80809195587E+04
6.26400E+00        1.80512438671E+04
6.27000E+00        1.80216401702E+04
6.27600E+00        1.79921082393E+04
6.28200E+00        1.79626478465E+04
6.28800E+00        1.79332587650E+04
6.29400E+00        1.79039407687E+04
6.30000E+00        1.78746936323E+04
6.30600E+00        1.78455171316E+04
6.31200E+00        1.78164110432E+04
6.31800E+00        1.77873751444E+04
6.32400E+00        1.77584092135E+04
6.33000E+00        1.77295130298E+04
6.33600E+00        1.77006863731E+04
6.34200E+00        1.76719290244E+04
6.34800E+00        1.76432407652E+04
6.35400E+00        1.76146213782E+04
6.36000E+00        1.75860706467E+04
6.36600E+00        1.75575883548E+04
6.37200E+00        1.75291742877E+04
6.37800E+00        1.75008282311E+04
6.38400E+00        1.74725499717E+04
6.39000E+00        1.74443392970E+04
6.39600E+00        1.74161959954E+04
6.40200E+00        1.73881198559E+04
6.40800E+00        1.73601106684E+04
6.41400E+00        1.73321682238E+04
6.42000E+00        1.73042923134E+04
6.42600E+00        1.72764827297E+04
6.43200E+00        1.72487392657E+04
6.43800E+00        1.72210617154E+04
6.44400E+00        1.71934498735E+04
6.45000E+00        1.71659035353E+04
6.45600E+00        1.71384224972E+04
6.46200E+00        1.71110065563E+04
6.46800E+00        1.70836555102E+04
6.47400E+00        1.70563691576E+04
6.48000E+00        1.70291472978E+04
6.48600E+00        1.70019897309E+04
6.49200E+00        1.69748962578E+04
6.49800E+00        1.69478666801E+04
6.50400E+00        1.69209008000E+04
6.51000E+00        1.68939984209E+04
6.51600E+00        1.68671593464E+04
6.52200E+00        1.68403833812E+04
6.52800E+00        1.68136703307E+04
6.53400E+00        1.67870200008E+04
6.54000E+00        1.67604321985E+04
6.54600E+00        1.67339067312E+04
6.55200E+00        1.67074434072E+04
6.55800E+00        1.66810420355E+04
6.56400E+00        1.66547024258E+04
6.57000E+00        1.66284243885E+04
6.57600E+00        1.66022077347E+04
6.58200E+00        1.65760522763E+04
6.58800E+00        1.65499578258E+04
6.59400E+00        1.65239241964E+04
6.60000E+00        1.64979512022E+04
6.60600E+00        1.64720386577E+04
6.61200E+00        1.64461863783E+04
6.61800E+00        1.64203941801E+04
6.62400E+00        1.63946618797E+04
6.63000E+00        1.63689892945E+04
6.63600E+00        1.63433762428E+04
6.64200E+00        1.63178225431E+04
6.64800E+00        1.62923280150E+04
6.65400E+00        1.62668924786E+04
6.66000E+00        1.62415157546E+04
6.66600E+00        1.62161976646E+04
6.67200E+00        1.61909380306E+04
6.67800E+00        1.61657366755E+04
6.68400E+00        1.61405934226E+04
6.69000E+00        1.61155080961E+04
6.69600E+00        1.60904805207E+04
6.70200E+00        1.60655105218E+04
6.70800E+00        1.60405979255E+04
6.71400E+00        1.60157425585E+04
6.72000E+00        1.59909442480E+04
6.72600E+00        1.59662028221E+04
6.73200E+00        1.59415181094E+04
6.73800E+00        1.59168899391E+04
6.74400E+00        1.58923181411E+04
6.75000E+00        1.58678025459E+04
6.75600E+00        1.58433429846E+04
6.76200E+00        1.58189392890E+04
6.76800E+00        1.57945912915E+04
6.77400E+00        1.57702988250E+04
6.78000E+00        1.57460617231E+04
6.78600E+00        1.57218798200E+04
6.79200E+00        1.56977529507E+04
6.79800E+00        1.56736809504E+04
6.80400E+00        1.56496636553E+04
6.81000E+00        1.56257009020E+04
6.81600E+00        1.56017925276E+04
6.82200E+00        1.55779383701E+04
6.82800E+00        1.55541382679E+04
6.83400E+00        1.55303920599E+04
6.84000E+00        1.55066995859E+04
6.84600E+00        1.54830606859E+04
6.85200E+00        1.54594752007E+04
6.85800E+00        1.54359429718E+04
6.86400E+00        1.54124638410E+04
6.87000E+00        1.53890376509E+04
6.87600E+00        1.53656642445E+04
6.88200E+00        1.53423434654E+04
6.88800E+00        1.53190751580E+04
6.89400E+00        1.52958591670E+04
6.90000E+00        1.52726953378E+04
6.90600E+00        1.52495835163E+04
6.91200E+00        1.52265235488E+04
6.91800E+00        1.52035152826E+04
6.92400E+00        1.51805585652E+04
6.93000E+00        1.51576532446E+04
6.93600E+00        1.51347991697E+04
6.94200E+00        1.51119961896E+04
6.94800E+00        1.50892441541E+04
6.95400E+00        1.50665429135E+04
6.96000E+00        1.50438923188E+04
6.96600E+00        1.50212922213E+04
6.97200E+00        1.49987424729E+04
6.97800E+00        1.49762429261E+04
6.98400E+00        1.49537934339E+04
6.99000E+00        1.49313938499E+04
6.99600E+00        1.49090440281E+04
7.00200E+00        1.48867438230E+04
7.00800E+00        1.48644930899E+04
7.01400E+00        1.48422916843E+04
7.02000E+00        1.48201394624E+04
7.02600E+00        1.47980362808E+04
7.03200E+00        1.47759819967E+04
7.03800E+00        1.47539764678E+04
7.04400E+00        1.47320195523E+04
7.05000E+00        1.47101111088E+04
7.05600E+00        1.46882509967E+04
7.06200E+00        1.46664390755E+04
7.06800E+00        1.46446752056E+04
7.07400E+00        1.46229592476E+04
7.08000E+00        1.46012910627E+04
7.08600E+00        1.45796705126E+04
7.09200E+00        1.45580974596E+04
7.09800E+00        1.45365717663E+04
7.10400E+00        1.45150932958E+04
7.11000E+00        1.44936619119E+04
7.11600E+00        1.44722774786E+04
7.12200E+00        1.44509398607E+04
7.12800E+00        1.44296489231E+04
7.13400E+00        1.44084045316E+04
7.14000E+00        1.43872065521E+04
7.14600E+00        1.43660548511E+04
7.15200E+00        1.43449492958E+04
7.15800E+00        1.43238897535E+04
7.16400E+00        1.43028760922E+04
7.17000E+00        1.42819081804E+04
7.17600E+00        1.42609858868E+04
7.18200E+00        1.42401090809E+04
7.18800E+00        1.42192776324E+04
7.19400E+00        1.41984914116E+04
7.20000E+00        1.41777502892E+04
7.20600E+00        1.41570541364E+04
7.21200E+00        1.41364028248E+04
7.21800E+00        1.41157962264E+04
7.22400E+00        1.40952342139E+04
7.23000E+00        1.40747166601E+04
7.23600E+00        1.40542434384E+04
7.24200E+00        1.40338144228E+04
7.24800E+00        1.40134294876E+04
7.25400E+00        1.39930885074E+04
7.26000E+00        1.39727913575E+04
7.26600E+00        1.39525379135E+04
7.27200E+00        1.39323280514E+04
7.27800E+00        1.39121616477E+04
7.28400E+00        1.38920385793E+04
7.29000E+00        1.38719587236E+04
7.29600E+00        1.38519219583E+04
7.30200E+00        1.38319281617E+04
7.30800E+00        1.38119772124E+04
7.31400E+00        1.37920689893E+04
7.32000E+00        1.37722033720E+04
7.32600E+00        1.37523802404E+04
7.33200E+00        1.37325994748E+04
7.33800E+00        1.37128609558E+04
7.34400E+00        1.36931645646E+04
7.35000E+00        1.36735101827E+04
7.35600E+00        1.36538976922E+04
7.36200E+00        1.36343269753E+04
7.36800E+00        1.36147979148E+04
7.37400E+00        1.35953103939E+04
7.38000E+00        1.35758642962E+04
7.38600E+00        1.35564595057E+04
7.39200E+00        1.35370959067E+04
7.39800E+00        1.35177733840E+04
7.40400E+00        1.34984918228E+04
7.41000E+00        1.34792511086E+04
7.41600E+00        1.34600511275E+04
7.42200E+00        1.34408917658E+04
7.42800E+00        1.34217729102E+04
7.43400E+00        1.34026944479E+04
7.44000E+00        1.33836562663E+04
7.44600E+00        1.33646582535E+04
7.45200E+00        1.33457002977E+04
7.45800E+00        1.33267822875E+04
7.46400E+00        1.33079041121E+04
7.47000E+00        1.32890656609E+04
7.47600E+00        1.32702668237E+04
7.48200E+00        1.32515074907E+04
7.48800E+00        1.32327875524E+04
7.49400E+00        1.32141068999E+04
7.50000E+00        1.31954654243E+04
7.50600E+00        1.31768630175E+04
7.51200E+00        1.31582995715E+04
7.51800E+00        1.31397749786E+04
7.52400E+00        1.31212891318E+04
7.53000E+00        1.31028419240E+04
7.53600E+00        1.30844332489E+04
7.54200E+00        1.30660630004E+04
7.54800E+00        1.30477310727E+04
7.55400E+00        1.30294373603E+04
7.56000E+00        1.30111817582E+04
7.56600E+00        1.29929641618E+04
7.57200E+00        1.29747844667E+04
7.57800E+00        1.29566425690E+04
7.58400E+00        1.29385383650E+04
7.59000E+00        1.29204717514E+04
7.59600E+00        1.29024426253E+04
7.60200E+00        1.28844508841E+04
7.60800E+00        1.28664964256E+04
7.61400E+00        1.28485791480E+04
7.62000E+00        1.28306989496E+04
7.62600E+00        1.28128557292E+04
7.63200E+00        1.27950493861E+04
7.63800E+00        1.27772798196E+04
7.64400E+00        1.27595469297E+04
7.65000E+00        1.27418506163E+04
7.65600E+00        1.27241907801E+04
7.66200E+00        1.27065673219E+04
7.66800E+00        1.26889801427E+04
7.67400E+00        1.26714291442E+04
7.68000E+00        1.26539142280E+04
7.68600E+00        1.26364352965E+04
7.69200E+00        1.26189922519E+04
7.69800E+00        1.26015849972E+04
7.70400E+00        1.25842134354E+04
7.71000E+00        1.25668774700E+04
7.71600E+00        1.25495770048E+04
7.72200E+00        1.25323119438E+04
7.72800E+00        1.25150821916E+04
7.73400E+00        1.24978876527E+04
7.74000E+00        1.24807282322E+04
7.74600E+00        1.24636038356E+04
7.75200E+00        1.24465143684E+04
7.75800E+00        1.24294597368E+04
7.76400E+00        1.24124398469E+04
7.77000E+00        1.23954546054E+04
7.77600E+00        1.23785039192E+04
7.78200E+00        1.23615876955E+04
7.78800E+00        1.23447058420E+04
7.79400E+00        1.23278582664E+04
7.80000E+00        1.23110448769E+04
7.80600E+00        1.22942655819E+04
7.81200E+00        1.22775202903E+04
7.81800E+00        1.22608089110E+04
7.82400E+00        1.22441313534E+04
7.83000E+00        1.22274875272E+04
7.83600E+00        1.22108773424E+04
7.84200E+00        1.21943007091E+04
7.84800E+00        1.21777575381E+04
7.85400E+00        1.21612477400E+04
7.86000E+00        1.21447712260E+04
7.86600E+00        1.21283279076E+04
7.87200E+00        1.21119176965E+04
7.87800E+00        1.20955405046E+04
7.88400E+00        1.20791962444E+04
7.89000E+00        1.20628848283E+04
7.89600E+00        1.20466061693E+04
7.90200E+00        1.20303601806E+04
7.90800E+00        1.20141467754E+04
7.91400E+00        1.19979658677E+04
7.92000E+00        1.19818173714E+04
7.92600E+00        1.19657012007E+04
7.93200E+00        1.19496172703E+04
7.93800E+00        1.19335654951E+04
7.94400E+00        1.19175457900E+04
7.95000E+00        1.19015580706E+04
7.95600E+00        1.18856022526E+04
7.96200E+00        1.18696782518E+04
7.96800E+00        1.18537859845E+04
7.97400E+00        1.18379253672E+04
7.98000E+00        1.18220963167E+04
7.98600E+00        1.18062987500E+04
7.99200E+00        1.17905325844E+04
7.99800E+00        1.17747977376E+04
8.00400E+00        1.17590941273E+04
8.01000E+00        1.17434216717E+04
8.01600E+00        1.17277802892E+04
8.02200E+00        1.17121698983E+04
8.02800E+00        1.16965904181E+04
8.03400E+00        1.16810417676E+04
8.04000E+00        1.16655238664E+04
8.04600E+00        1.16500366340E+04
8.05200E+00        1.16345799905E+04
8.05800E+00        1.16191538561E+04
8.06400E+00        1.16037581512E+04
8.07000E+00        1.15883927965E+04
8.07600E+00        1.15730577130E+04
8.08200E+00        1.15577528220E+04
8.08800E+00        1.15424780449E+04
8.09400E+00        1.15272333035E+04
8.10000E+00        1.15120185198E+04
8.10600E+00        1.14968336160E+04
8.11200E+00        1.14816785145E+04
8.11800E+00        1.14665531382E+04
8.12400E+00        1.14514574100E+04
8.13000E+00        1.14363912531E+04
8.13600E+00        1.14213545911E+04
8.14200E+00        1.14063473476E+04
8.14800E+00        1.13913694466E+04
8.15400E+00        1.13764208124E+04
8.16000E+00        1.13615013693E+04
8.16600E+00        1.13466110421E+04
8.17200E+00        1.13317497557E+04
8.17800E+00        1.13169174352E+04
8.18400E+00        1.13021140061E+04
8.19000E+00        1.12873393941E+04
8.19600E+00        1.12725935249E+04
8.20200E+00        1.12578763248E+04
8.20800E+00        1.12431877201E+04
8.21400E+00        1.12285276374E+04
8.22000E+00        1.12138960034E+04
8.22600E+00        1.11992927453E+04
8.23200E+00        1.11847177904E+04
8.23800E+00        1.11701710660E+04
8.24400E+00        1.11556525001E+04
8.25000E+00        1.11411620206E+04
8.25600E+00        1.11266995556E+04
8.26200E+00        1.11122650337E+04
8.26800E+00        1.10978583834E+04
8.27400E+00        1.10834795337E+04
8.28000E+00        1.10691284136E+04
8.28600E+00        1.10548049524E+04
8.29200E+00        1.10405090798E+04
8.29800E+00        1.10262407255E+04
8.30400E+00        1.10119998195E+04
8.31000E+00        1.09977862920E+04
8.31600E+00        1.09836000735E+04
8.32200E+00        1.09694410946E+04
8.32800E+00        1.09553092861E+04
8.33400E+00        1.09412045792E+04
8.34000E+00        1.09271269051E+04
8.34600E+00        1.09130761955E+04
8.35200E+00        1.08990523819E+04
8.35800E+00        1.08850553965E+04
8.36400E+00        1.08710851712E+04
8.37000E+00        1.08571416386E+04
8.37600E+00        1.08432247311E+04
8.38200E+00        1.08293343816E+04
8.38800E+00        1.08154705232E+04
8.39400E+00        1.08016330889E+04
8.40000E+00        1.07878220122E+04
8.40600E+00        1.07740372268E+04
8.41200E+00        1.07602786665E+04
8.41800E+00        1.07465462654E+04
8.42400E+00        1.07328399576E+04
8.43000E+00        1.07191596777E+04
8.43600E+00        1.07055053603E+04
8.44200E+00        1.06918769402E+04
8.44800E+00        1.06782743526E+04
8.45400E+00        1.06646975326E+04
8.46000E+00        1.06511464158E+04
8.46600E+00        1.06376209378E+04
8.47200E+00        1.06241210345E+04
8.47800E+00        1.06106466420E+04
8.48400E+00        1.05971976964E+04
8.49000E+00        1.05837741343E+04
8.49600E+00        1.05703758924E+04
8.50200E+00        1.05570029074E+04
8.50800E+00        1.05436551164E+04
8.51400E+00        1.05303324567E+04
8.52000E+00        1.05170348656E+04
8.52600E+00        1.05037622809E+04
8.53200E+00        1.04905146403E+04
8.53800E+00        1.04772918818E+04
8.54400E+00        1.04640939437E+04
8.55000E+00        1.04509207643E+04
8.55600E+00        1.04377722822E+04
8.56200E+00        1.04246484362E+04
8.56800E+00        1.04115491652E+04
8.57400E+00        1.03984744084E+04
8.58000E+00        1.03854241050E+04
8.58600E+00        1.03723981947E+04
8.59200E+00        1.03593966172E+04
8.59800E+00        1.03464193122E+04
8.60400E+00        1.03334662199E+04
8.61000E+00        1.03205372806E+04
8.61600E+00        1.03076324346E+04
8.62200E+00        1.02947516226E+04
8.62800E+00        1.02818947853E+04
8.63400E+00        1.02690618639E+04
8.64000E+00        1.02562527993E+04
8.64600E+00        1.02434675330E+04
8.65200E+00        1.02307060065E+04
8.65800E+00        1.02179681614E+04
8.66400E+00        1.02052539397E+04
8.67000E+00        1.01925632833E+04
8.67600E+00        1.01798961346E+04
8.68200E+00        1.01672524359E+04
8.68800E+00        1.01546321298E+04
8.69400E+00        1.01420351590E+04
8.70000E+00        1.01294614665E+04
8.70600E+00        1.01169109953E+04
8.71200E+00        1.01043836888E+04
8.71800E+00        1.00918794903E+04
8.72400E+00        1.00793983435E+04
8.73000E+00        1.00669401921E+04
8.73600E+00        1.00545049802E+04
8.74200E+00        1.00420926518E+04
8.74800E+00        1.00297031512E+04
8.75400E+00        1.00173364229E+04
8.76000E+00        1.00049924114E+04
8.76600E+00        9.99267106171E+03
8.77200E+00        9.98037231862E+03
8.77800E+00        9.96809612730E+03
8.78400E+00        9.95584243305E+03
8.79000E+00        9.94361118130E+03
8.79600E+00        9.93140231768E+03
8.80200E+00        9.91921578796E+03
8.80800E+00        9.90705153809E+03
8.81400E+00        9.89490951418E+03
8.82000E+00        9.88278966249E+03
8.82600E+00        9.87069192944E+03
8.83200E+00        9.85861626163E+03
8.83800E+00        9.84656260579E+03
8.84400E+00        9.83453090885E+03
8.85000E+00        9.82252111785E+03
8.85600E+00        9.81053318003E+03
8.86200E+00        9.79856704277E+03
8.86800E+00        9.78662265360E+03
8.87400E+00        9.77469996022E+03
8.88000E+00        9.76279891048E+03
8.88600E+00        9.75091945238E+03
8.89200E+00        9.73906153408E+03
8.89800E+00        9.72722510390E+03
8.90400E+00        9.71541011031E+03
8.91000E+00        9.70361650192E+03
8.91600E+00        9.69184422752E+03
8.92200E+00        9.68009323602E+03
8.92800E+00        9.66836347651E+03
8.93400E+00        9.65665489822E+03
8.94000E+00        9.64496745051E+03
8.94600E+00        9.63330108292E+03
8.95200E+00        9.62165574514E+03
8.95800E+00        9.61003138698E+03
8.96400E+00        9.59842795842E+03
8.97000E+00        9.58684540959E+03
8.97600E+00        9.57528369076E+03
8.98200E+00        9.56374275234E+03
8.98800E+00        9.55222254489E+03
8.99400E+00        9.54072301914E+03
9.00000E+00        9.52924412593E+03
9.00600E+00        9.51778581625E+03
9.01200E+00        9.50634804127E+03
9.01800E+00        9.49493075225E+03
9.02400E+00        9.48353390064E+03
9.03000E+00        9.47215743801E+03
9.03600E+00        9.46080131607E+03
9.04200E+00        9.44946548669E+03
9.04800E+00        9.43814990185E+03
9.05400E+00        9.42685451370E+03
9.06000E+00        9.41557927453E+03
9.06600E+00        9.40432413674E+03
9.07200E+00        9.39308905290E+03
9.07800E+00        9.38187397570E+03
9.08400E+00        9.37067885799E+03
9.09000E+00        9.35950365273E+03
9.09600E+00        9.34834831305E+03
9.10200E+00        9.33721279217E+03
9.10800E+00        9.32609704350E+03
9.11400E+00        9.31500102055E+03
9.12000E+00        9.30392467697E+03
9.12600E+00        9.29286796656E+03
9.13200E+00        9.28183084325E+03
9.13800E+00        9.27081326108E+03
9.14400E+00        9.25981517427E+03
9.15000E+00        9.24883653713E+03
9.15600E+00        9.23787730411E+03
9.16200E+00        9.22693742983E+03
9.16800E+00        9.21601686898E+03
9.17400E+00        9.20511557644E+03
9.18000E+00        9.19423350719E+03
9.18600E+00        9.18337061633E+03
9.19200E+00        9.17252685913E+03
9.19800E+00        9.16170219094E+03
9.20400E+00        9.15089656728E+03
9.21000E+00        9.14010994378E+03
9.21600E+00        9.12934227620E+03
9.22200E+00        9.11859352043E+03
9.22800E+00        9.10786363249E+03
9.23400E+00        9.09715256851E+03
9.24000E+00        9.08646028477E+03
9.24600E+00        9.07578673767E+03
9.25200E+00        9.06513188371E+03
9.25800E+00        9.05449567956E+03
9.26400E+00        9.04387808198E+03
9.27000E+00        9.03327904786E+03
9.27600E+00        9.02269853423E+03
9.28200E+00        9.01213649822E+03
9.28800E+00        9.00159289711E+03
9.29400E+00        8.99106768827E+03
9.30000E+00        8.98056082923E+03
9.30600E+00        8.97007227761E+03
9.31200E+00        8.95960199116E+03
9.31800E+00        8.94914992777E+03
9.32400E+00        8.93871604541E+03
9.33000E+00        8.92830030222E+03
9.33600E+00        8.91790265642E+03
9.34200E+00        8.90752306637E+03
9.34800E+00        8.89716149053E+03
9.35400E+00        8.88681788751E+03
9.36000E+00        8.87649221601E+03
9.36600E+00        8.86618443485E+03
9.37200E+00        8.85589450299E+03
9.37800E+00        8.84562237948E+03
9.38400E+00        8.83536802350E+03
9.39000E+00        8.82513139434E+03
9.39600E+00        8.81491245141E+03
9.40200E+00        8.80471115425E+03
9.40800E+00        8.79452746247E+03
9.41400E+00        8.78436133585E+03
9.42000E+00        8.77421273425E+03
9.42600E+00        8.76408161765E+03
9.43200E+00        8.75396794615E+03
9.43800E+00        8.74387167995E+03
9.44400E+00        8.73379277938E+03
9.45000E+00        8.72373120487E+03
9.45600E+00        8.71368691696E+03
9.46200E+00        8.70365987632E+03
9.46800E+00        8.69365004370E+03
9.47400E+00        8.68365737999E+03
9.48000E+00        8.67368184618E+03
9.48600E+00        8.66372340336E+03
9.49200E+00        8.65378201274E+03
9.49800E+00        8.64385763564E+03
9.50400E+00        8.63395023349E+03
9.51000E+00        8.62405976783E+03
9.51600E+00        8.61418620028E+03
9.52200E+00        8.60432949262E+03
9.52800E+00        8.59448960669E+03
9.53400E+00        8.58466650446E+03
9.54000E+00        8.57486014800E+03
9.54600E+00        8.56507049950E+03
9.55200E+00        8.55529752122E+03
9.55800E+00        8.54554117558E+03
9.56400E+00        8.53580142506E+03
9.57000E+00        8.52607823226E+03
9.57600E+00        8.51637155988E+03
9.58200E+00        8.50668137075E+03
9.58800E+00        8.49700762776E+03
9.59400E+00        8.48735029394E+03
9.60000E+00        8.47770933241E+03
9.60600E+00        8.46808470638E+03
9.61200E+00        8.45847637920E+03
9.61800E+00        8.44888431427E+03
9.62400E+00        8.43930847514E+03
9.63000E+00        8.42974882543E+03
9.63600E+00        8.42020532887E+03
9.64200E+00        8.41067794931E+03
9.64800E+00        8.40116665067E+03
9.65400E+00        8.39167139698E+03
9.66000E+00        8.38219215238E+03
9.66600E+00        8.37272888111E+03
9.67200E+00        8.36328154749E+03
9.67800E+00        8.35385011595E+03
9.68400E+00        8.34443455104E+03
9.69000E+00        8.33503481736E+03
9.69600E+00        8.32565087966E+03
9.70200E+00        8.31628270275E+03
9.70800E+00        8.30693025155E+03
9.71400E+00        8.29759349109E+03
9.72000E+00        8.28827238647E+03
9.72600E+00        8.27896690290E+03
9.73200E+00        8.26967700570E+03
9.73800E+00        8.26040266026E+03
9.74400E+00        8.25114383208E+03
9.75000E+00        8.24190048676E+03
9.75600E+00        8.23267258998E+03
9.76200E+00        8.22346010752E+03
9.76800E+00        8.21426300526E+03
9.77400E+00        8.20508124917E+03
9.78000E+00        8.19591480530E+03
9.78600E+00        8.18676363983E+03
9.79200E+00        8.17762771899E+03
9.79800E+00        8.16850700912E+03
9.80400E+00        8.15940147667E+03
9.81000E+00        8.15031108816E+03
9.81600E+00        8.14123581020E+03
9.82200E+00        8.13217560950E+03
9.82800E+00        8.12313045286E+03
9.83400E+00        8.11410030718E+03
9.84000E+00        8.10508513943E+03
9.84600E+00        8.09608491669E+03
9.85200E+00        8.08709960612E+03
9.85800E+00        8.07812917496E+03
9.86400E+00        8.06917359056E+03
9.87000E+00        8.06023282035E+03
9.87600E+00        8.05130683184E+03
9.88200E+00        8.04239559264E+03
9.88800E+00        8.03349907045E+03
9.89400E+00        8.02461723305E+03
9.90000E+00        8.01575004830E+03
9.90600E+00        8.00689748417E+03
9.91200E+00        7.99805950870E+03
9.91800E+00        7.98923609002E+03
9.92400E+00        7.98042719634E+03
9.93000E+00        7.97163279597E+03
9.93600E+00        7.96285285731E+03
9.94200E+00        7.95408734882E+03
9.94800E+00        7.94533623906E+03
9.95400E+00        7.93659949669E+03
9.96000E+00        7.92787709043E+03
9.96600E+00        7.91916898909E+03
9.97200E+00        7.91047516158E+03
9.97800E+00        7.90179557687E+03
9.98400E+00        7.89313020404E+03
9.99000E+00        7.88447901224E+03
9.99600E+00        7.87584197069E+03
1.00020E+01        7.86721904872E+03
1.00080E+01        7.85861021572E+03
1.00140E+01        7.85001544117E+03
1.00200E+01        7.84143469464E+03
1.00260E+01        7.83286794577E+03
1.00320E+01        7.82431516430E+03
1.00380E+01        7.81577632002E+03
1.00440E+01        7.80725138283E+03
1.00500E+01        7.79874032269E+03
1.00560E+01        7.79024310966E+03
1.00620E+01        7.78175971387E+03
1.00680E+01        7.77329010552E+03
1.00740E+01        7.76483425492E+03
1.00800E+01        7.75639213242E+03
1.00860E+01        7.74796370849E+03
1.00920E+01        7.73954895364E+03
1.00980E+01        7.73114783848E+03
1.01040E+01        7.72276033370E+03
1.01100E+01        7.71438641007E+03
1.01160E+01        7.70602603842E+03
1.01220E+01        7.69767918968E+03
1.01280E+01        7.68934583483E+03
1.01340E+01        7.68102594497E+03
1.01400E+01        7.67271949123E+03
1.01460E+01        7.66442644485E+03
1.01520E+01        7.65614677713E+03
1.01580E+01        7.64788045945E+03
1.01640E+01        7.63962746327E+03
1.01700E+01        7.63138776012E+03
1.01760E+01        7.62316132161E+03
1.01820E+01        7.61494811943E+03
1.01880E+01        7.60674812533E+03
1.01940E+01        7.59856131115E+03
1.02000E+01        7.59038764879E+03
1.02060E+01        7.58222711024E+03
1.02120E+01        7.57407966756E+03
1.02180E+01        7.56594529287E+03
1.02240E+01        7.55782395838E+03
1.02300E+01        7.54971563638E+03
1.02360E+01        7.54162029920E+03
1.02420E+01        7.53353791927E+03
1.02480E+01        7.52546846910E+03
1.02540E+01        7.51741192125E+03
1.02600E+01        7.50936824835E+03
1.02660E+01        7.50133742314E+03
1.02720E+01        7.49331941839E+03
1.02780E+01        7.48531420695E+03
1.02840E+01        7.47732176177E+03
1.02900E+01        7.46934205583E+03
1.02960E+01        7.46137506221E+03
1.03020E+01        7.45342075405E+03
1.03080E+01        7.44547910457E+03
1.03140E+01        7.43755008704E+03
1.03200E+01        7.42963367481E+03
1.03260E+01        7.42172984132E+03
1.03320E+01        7.41383856005E+03
1.03380E+01        7.40595980456E+03
1.03440E+01        7.39809354848E+03
1.03500E+01        7.39023976552E+03
1.03560E+01        7.38239842944E+03
1.03620E+01        7.37456951408E+03
1.03680E+01        7.36675299334E+03
1.03740E+01        7.35894884119E+03
1.03800E+01        7.35115703169E+03
1.03860E+01        7.34337753893E+03
1.03920E+01        7.33561033710E+03
1.03980E+01        7.32785540043E+03
1.04040E+01        7.32011270325E+03
1.04100E+01        7.31238221991E+03
1.04160E+01        7.30466392488E+03
1.04220E+01        7.29695779266E+03
1.04280E+01        7.28926379782E+03
1.04340E+01        7.28158191502E+03
1.04400E+01        7.27391211896E+03
1.04460E+01        7.26625438441E+03
1.04520E+01        7.25860868621E+03
1.04580E+01        7.25097499928E+03
1.04640E+01        7.24335329857E+03
1.04700E+01        7.23574355913E+03
1.04760E+01        7.22814575605E+03
1.04820E+01        7.22055986450E+03
1.04880E+01        7.21298585971E+03
1.04940E+01        7.20542371697E+03
1.05000E+01        7.19787341163E+03
1.05060E+01        7.19033491911E+03
1.05120E+01        7.18280821491E+03
1.05180E+01        7.17529327456E+03
1.05240E+01        7.16779007367E+03
1.05300E+01        7.16029858792E+03
1.05360E+01        7.15281879304E+03
1.05420E+01        7.14535066483E+03
1.05480E+01        7.13789417915E+03
1.05540E+01        7.13044931192E+03
1.05600E+01        7.12301603912E+03
1.05660E+01        7.11559433680E+03
1.05720E+01        7.10818418107E+03
1.05780E+01        7.10078554809E+03
1.05840E+01        7.09339841410E+03
1.05900E+01        7.08602275539E+03
1.05960E+01        7.07865854830E+03
1.06020E+01        7.07130576924E+03
1.06080E+01        7.06396439470E+03
1.06140E+01        7.05663440120E+03
1.06200E+01        7.04931576533E+03
1.06260E+01        7.04200846375E+03
1.06320E+01        7.03471247317E+03
1.06380E+01        7.02742777036E+03
1.06440E+01        7.02015433215E+03
1.06500E+01        7.01289213543E+03
1.06560E+01        7.00564115715E+03
1.06620E+01        6.99840137432E+03
1.06680E+01        6.99117276400E+03
1.06740E+01        6.98395530331E+03
1.06800E+01        6.97674896945E+03
1.06860E+01        6.96955373965E+03
1.06920E+01        6.96236959120E+03
1.06980E+01        6.95519650148E+03
1.07040E+01        6.94803444788E+03
1.07100E+01        6.94088340788E+03
1.07160E+01        6.93374335901E+03
1.07220E+01        6.92661427885E+03
1.07280E+01        6.91949614505E+03
1.07340E+01        6.91238893531E+03
1.07400E+01        6.90529262738E+03
1.07460E+01        6.89820719907E+03
1.07520E+01        6.89113262825E+03
1.07580E+01        6.88406889284E+03
1.07640E+01        6.87701597083E+03
1.07700E+01        6.86997384024E+03
1.07760E+01        6.86294247918E+03
1.07820E+01        6.85592186578E+03
1.07880E+01        6.84891197824E+03
1.07940E+01        6.84191279483E+03
1.08000E+01        6.83492429385E+03
1.08060E+01        6.82794645368E+03
1.08120E+01        6.82097925272E+03
1.08180E+01        6.81402266945E+03
1.08240E+01        6.80707668240E+03
1.08300E+01        6.80014127016E+03
1.08360E+01        6.79321641136E+03
1.08420E+01        6.78630208469E+03
1.08480E+01        6.77939826890E+03
1.08540E+01        6.77250494277E+03
1.08600E+01        6.76562208517E+03
1.08660E+01        6.75874967499E+03
1.08720E+01        6.75188769119E+03
1.08780E+01        6.74503611277E+03
1.08840E+01        6.73819491881E+03
1.08900E+01        6.73136408841E+03
1.08960E+01        6.72454360074E+03
1.09020E+01        6.71773343501E+03
1.09080E+01        6.71093357050E+03
1.09140E+01        6.70414398653E+03
1.09200E+01        6.69736466247E+03
1.09260E+01        6.69059557774E+03
1.09320E+01        6.68383671183E+03
1.09380E+01        6.67708804426E+03
1.09440E+01        6.67034955460E+03
1.09500E+01        6.66362122249E+03
1.09560E+01        6.65690302760E+03
1.09620E+01        6.65019494967E+03
1.09680E+01        6.64349696847E+03
1.09740E+01        6.63680906385E+03
1.09800E+01        6.63013121567E+03
1.09860E+01        6.62346340386E+03
1.09920E+01        6.61680560842E+03
1.09980E+01        6.61015780937E+03
1.10040E+01        6.60351998679E+03
1.10100E+01        6.59689212081E+03
1.10160E+01        6.59027419161E+03
1.10220E+01        6.58366617941E+03
1.10280E+01        6.57706806449E+03
1.10340E+01        6.57047982718E+03
1.10400E+01        6.56390144785E+03
1.10460E+01        6.55733290693E+03
1.10520E+01        6.55077418487E+03
1.10580E+01        6.54422526222E+03
1.10640E+01        6.53768611952E+03
1.10700E+01        6.53115673740E+03
1.10760E+01        6.52463709651E+03
1.10820E+01        6.51812717758E+03
1.10880E+01        6.51162696135E+03
1.10940E+01        6.50513642863E+03
1.11000E+01        6.49865556027E+03
1.11060E+01        6.49218433718E+03
1.11120E+01        6.48572274030E+03
1.11180E+01        6.47927075063E+03
1.11240E+01        6.47282834920E+03
1.11300E+01        6.46639551709E+03
1.11360E+01        6.45997223546E+03
1.11420E+01        6.45355848546E+03
1.11480E+01        6.44715424833E+03
1.11540E+01        6.44075950534E+03
1.11600E+01        6.43437423781E+03
1.11660E+01        6.42799842710E+03
1.11720E+01        6.42163205462E+03
1.11780E+01        6.41527510181E+03
1.11840E+01        6.40892755020E+03
1.11900E+01        6.40258938130E+03
1.11960E+01        6.39626057672E+03
1.12020E+01        6.38994111810E+03
1.12080E+01        6.38363098710E+03
1.12140E+01        6.37733016546E+03
1.12200E+01        6.37103863493E+03
1.12260E+01        6.36475637735E+03
1.12320E+01        6.35848337456E+03
1.12380E+01        6.35221960846E+03
1.12440E+01        6.34596506100E+03
1.12500E+01        6.33971971417E+03
1.12560E+01        6.33348355000E+03
1.12620E+01        6.32725655057E+03
1.12680E+01        6.32103869800E+03
1.12740E+01        6.31482997445E+03
1.12800E+01        6.30863036214E+03
1.12860E+01        6.30243984330E+03
1.12920E+01        6.29625840024E+03
1.12980E+01        6.29008601528E+03
1.13040E+01        6.28392267081E+03
1.13100E+01        6.27776834925E+03
1.13160E+01        6.27162303307E+03
1.13220E+01        6.26548670476E+03
1.13280E+01        6.25935934689E+03
1.13340E+01        6.25324094203E+03
1.13400E+01        6.24713147282E+03
1.13460E+01        6.24103092194E+03
1.13520E+01        6.23493927211E+03
1.13580E+01        6.22885650607E+03
1.13640E+01        6.22278260663E+03
1.13700E+01        6.21671755664E+03
1.13760E+01        6.21066133897E+03
1.13820E+01        6.20461393655E+03
1.13880E+01        6.19857533234E+03
1.13940E+01        6.19254550935E+03
1.14000E+01        6.18652445063E+03
1.14060E+01        6.18051213926E+03
1.14120E+01        6.17450855837E+03
1.14180E+01        6.16851369112E+03
1.14240E+01        6.16252752074E+03
1.14300E+01        6.15655003046E+03
1.14360E+01        6.15058120357E+03
1.14420E+01        6.14462102341E+03
1.14480E+01        6.13866947335E+03
1.14540E+01        6.13272653678E+03
1.14600E+01        6.12679219717E+03
1.14660E+01        6.12086643799E+03
1.14720E+01        6.11494924279E+03
1.14780E+01        6.10904059511E+03
1.14840E+01        6.10314047858E+03
1.14900E+01        6.09724887683E+03
1.14960E+01        6.09136577355E+03
1.15020E+01        6.08549115246E+03
1.15080E+01        6.07962499733E+03
1.15140E+01        6.07376729195E+03
1.15200E+01        6.06791802017E+03
1.15260E+01        6.06207716585E+03
1.15320E+01        6.05624471293E+03
1.15380E+01        6.05042064535E+03
1.15440E+01        6.04460494710E+03
1.15500E+01        6.03879760222E+03
1.15560E+01        6.03299859477E+03
1.15620E+01        6.02720790886E+03
1.15680E+01        6.02142552863E+03
1.15740E+01        6.01565143827E+03
1.15800E+01        6.00988562200E+03
1.15860E+01        6.00412806406E+03
1.15920E+01        5.99837874875E+03
1.15980E+01        5.99263766042E+03
1.16040E+01        5.98690478341E+03
1.16100E+01        5.98118010214E+03
1.16160E+01        5.97546360105E+03
1.16220E+01        5.96975526462E+03
1.16280E+01        5.96405507735E+03
1.16340E+01        5.95836302382E+03
1.16400E+01        5.95267908859E+03
1.16460E+01        5.94700325630E+03
1.16520E+01        5.94133551161E+03
1.16580E+01        5.93567583921E+03
1.16640E+01        5.93002422384E+03
1.16700E+01        5.92438065026E+03
1.16760E+01        5.91874510328E+03
1.16820E+01        5.91311756774E+03
1.16880E+01        5.90749802852E+03
1.16940E+01        5.90188647052E+03
1.17000E+01        5.89628287870E+03
1.17060E+01        5.89068723804E+03
1.17120E+01        5.88509953355E+03
1.17180E+01        5.87951975028E+03
1.17240E+01        5.87394787333E+03
1.17300E+01        5.86838388782E+03
1.17360E+01        5.86282777890E+03
1.17420E+01        5.85727953177E+03
1.17480E+01        5.85173913165E+03
1.17540E+01        5.84620656380E+03
1.17600E+01        5.84068181352E+03
1.17660E+01        5.83516486615E+03
1.17720E+01        5.82965570704E+03
1.17780E+01        5.82415432159E+03
1.17840E+01        5.81866069523E+03
1.17900E+01        5.81317481344E+03
1.17960E+01        5.80769666172E+03
1.18020E+01        5.80222622559E+03
1.18080E+01        5.79676349062E+03
1.18140E+01        5.79130844242E+03
1.18200E+01        5.78586106662E+03
1.18260E+01        5.78042134890E+03
1.18320E+01        5.77498927494E+03
1.18380E+01        5.76956483050E+03
1.18440E+01        5.76414800132E+03
1.18500E+01        5.75873877323E+03
1.18560E+01        5.75333713204E+03
1.18620E+01        5.74794306363E+03
1.18680E+01        5.74255655390E+03
1.18740E+01        5.73717758878E+03
1.18800E+01        5.73180615424E+03
1.18860E+01        5.72644223626E+03
1.18920E+01        5.72108582089E+03
1.18980E+01        5.71573689419E+03
1.19040E+01        5.71039544224E+03
1.19100E+01        5.70506145118E+03
1.19160E+01        5.69973490716E+03
1.19220E+01        5.69441579638E+03
1.19280E+01        5.68910410505E+03
1.19340E+01        5.68379981944E+03
1.19400E+01        5.67850292582E+03
1.19460E+01        5.67321341052E+03
1.19520E+01        5.66793125989E+03
1.19580E+01        5.66265646030E+03
1.19640E+01        5.65738899817E+03
1.19700E+01        5.65212885993E+03
1.19760E+01        5.64687603207E+03
1.19820E+01        5.64163050110E+03
1.19880E+01        5.63639225354E+03
1.19940E+01        5.63116127596E+03
1.20000E+01        5.62593755496E+03
1.20060E+01        5.62072107718E+03
1.20120E+01        5.61551182927E+03
1.20180E+01        5.61030979791E+03
1.20240E+01        5.60511496984E+03
1.20300E+01        5.59992733181E+03
1.20360E+01        5.59474687058E+03
1.20420E+01        5.58957357299E+03
1.20480E+01        5.58440742586E+03
1.20540E+01        5.57924841607E+03
1.20600E+01        5.57409653052E+03
1.20660E+01        5.56895175615E+03
1.20720E+01        5.56381407991E+03
1.20780E+01        5.55868348880E+03
1.20840E+01        5.55355996984E+03
1.20900E+01        5.54844351007E+03
1.20960E+01        5.54333409659E+03
1.21020E+01        5.53823171650E+03
1.21080E+01        5.53313635693E+03
1.21140E+01        5.52804800506E+03
1.21200E+01        5.52296664809E+03
1.21260E+01        5.51789227323E+03
1.21320E+01        5.51282486776E+03
1.21380E+01        5.50776441894E+03
1.21440E+01        5.50271091410E+03
1.21500E+01        5.49766434058E+03
1.21560E+01        5.49262468574E+03
1.21620E+01        5.48759193700E+03
1.21680E+01        5.48256608176E+03
1.21740E+01        5.47754710751E+03
1.21800E+01        5.47253500171E+03
1.21860E+01        5.46752975188E+03
1.21920E+01        5.46253134557E+03
1.21980E+01        5.45753977034E+03
1.22040E+01        5.45255501379E+03
1.22100E+01        5.44757706355E+03
1.22160E+01        5.44260590727E+03
1.22220E+01        5.43764153264E+03
1.22280E+01        5.43268392736E+03
1.22340E+01        5.42773307917E+03
1.22400E+01        5.42278897584E+03
1.22460E+01        5.41785160516E+03
1.22520E+01        5.41292095495E+03
1.22580E+01        5.40799701305E+03
1.22640E+01        5.40307976735E+03
1.22700E+01        5.39816920574E+03
1.22760E+01        5.39326531615E+03
1.22820E+01        5.38836808655E+03
1.22880E+01        5.38347750491E+03
1.22940E+01        5.37859355924E+03
1.23000E+01        5.37371623759E+03
1.23060E+01        5.36884552801E+03
1.23120E+01        5.36398141861E+03
1.23180E+01        5.35912389749E+03
1.23240E+01        5.35427295280E+03
1.23300E+01        5.34942857272E+03
1.23360E+01        5.34459074543E+03
1.23420E+01        5.33975945917E+03
1.23480E+01        5.33493470218E+03
1.23540E+01        5.33011646275E+03
1.23600E+01        5.32530472916E+03
1.23660E+01        5.32049948977E+03
1.23720E+01        5.31570073291E+03
1.23780E+01        5.31090844697E+03
1.23840E+01        5.30612262035E+03
1.23900E+01        5.30134324150E+03
1.23960E+01        5.29657029886E+03
1.24020E+01        5.29180378093E+03
1.24080E+01        5.28704367621E+03
1.24140E+01        5.28228997324E+03
1.24200E+01        5.27754266058E+03
1.24260E+01        5.27280172681E+03
1.24320E+01        5.26806716056E+03
1.24380E+01        5.26333895045E+03
1.24440E+01        5.25861708514E+03
1.24500E+01        5.25390155334E+03
1.24560E+01        5.24919234374E+03
1.24620E+01        5.24448944509E+03
1.24680E+01        5.23979284615E+03
1.24740E+01        5.23510253571E+03
1.24800E+01        5.23041850258E+03
1.24860E+01        5.22574073559E+03
1.24920E+01        5.22106922362E+03
1.24980E+01        5.21640395554E+03
1.25040E+01        5.21174492027E+03
1.25100E+01        5.20709210675E+03
1.25160E+01        5.20244550393E+03
1.25220E+01        5.19780510080E+03
1.25280E+01        5.19317088636E+03
1.25340E+01        5.18854284966E+03
1.25400E+01        5.18392097975E+03
1.25460E+01        5.17930526571E+03
1.25520E+01        5.17469569665E+03
1.25580E+01        5.17009226170E+03
1.25640E+01        5.16549495000E+03
1.25700E+01        5.16090375075E+03
1.25760E+01        5.15631865313E+03
1.25820E+01        5.15173964638E+03
1.25880E+01        5.14716671974E+03
1.25940E+01        5.14259986249E+03
1.26000E+01        5.13803906392E+03
1.26060E+01        5.13348431336E+03
1.26120E+01        5.12893560014E+03
1.26180E+01        5.12439291363E+03
1.26240E+01        5.11985624322E+03
1.26300E+01        5.11532557833E+03
1.26360E+01        5.11080090838E+03
1.26420E+01        5.10628222285E+03
1.26480E+01        5.10176951121E+03
1.26540E+01        5.09726276297E+03
1.26600E+01        5.09276196765E+03
1.26660E+01        5.08826711481E+03
1.26720E+01        5.08377819403E+03
1.26780E+01        5.07929519489E+03
1.26840E+01        5.07481810702E+03
1.26900E+01        5.07034692006E+03
1.26960E+01        5.06588162368E+03
1.27020E+01        5.06142220756E+03
1.27080E+01        5.05696866142E+03
1.27140E+01        5.05252097498E+03
1.27200E+01        5.04807913800E+03
1.27260E+01        5.04364314026E+03
1.27320E+01        5.03921297156E+03
1.27380E+01        5.03478862171E+03
1.27440E+01        5.03037008057E+03
1.27500E+01        5.02595733799E+03
1.27560E+01        5.02155038387E+03
1.27620E+01        5.01714920812E+03
1.27680E+01        5.01275380066E+03
1.27740E+01        5.00836415145E+03
1.27800E+01        5.00398025047E+03
1.27860E+01        4.99960208771E+03
1.27920E+01        4.99522965319E+03
1.27980E+01        4.99086293696E+03
1.28040E+01        4.98650192907E+03
1.28100E+01        4.98214661960E+03
1.28160E+01        4.97779699867E+03
1.28220E+01        4.97345305639E+03
1.28280E+01        4.96911478292E+03
1.28340E+01        4.96478216843E+03
1.28400E+01        4.96045520310E+03
1.28460E+01        4.95613387714E+03
1.28520E+01        4.95181818079E+03
1.28580E+01        4.94750810431E+03
1.28640E+01        4.94320363796E+03
1.28700E+01        4.93890477205E+03
1.28760E+01        4.93461149688E+03
1.28820E+01        4.93032380279E+03
1.28880E+01        4.92604168016E+03
1.28940E+01        4.92176511934E+03
1.29000E+01        4.91749411074E+03
1.29060E+01        4.91322864479E+03
1.29120E+01        4.90896871192E+03
1.29180E+01        4.90471430260E+03
1.29240E+01        4.90046540730E+03
1.29300E+01        4.89622201652E+03
1.29360E+01        4.89198412080E+03
1.29420E+01        4.88775171067E+03
1.29480E+01        4.88352477670E+03
1.29540E+01        4.87930330947E+03
1.29600E+01        4.87508729958E+03
1.29660E+01        4.87087673765E+03
1.29720E+01        4.86667161434E+03
1.29780E+01        4.86247192031E+03
1.29840E+01        4.85827764623E+03
1.29900E+01        4.85408878281E+03
1.29960E+01        4.84990532078E+03
1.30020E+01        4.84572725087E+03
1.30080E+01        4.84155456386E+03
1.30140E+01        4.83738725052E+03
1.30200E+01        4.83322530166E+03
1.30260E+01        4.82906870810E+03
1.30320E+01        4.82491746068E+03
1.30380E+01        4.82077155026E+03
1.30440E+01        4.81663096772E+03
1.30500E+01        4.81249570396E+03
1.30560E+01        4.80836574991E+03
1.30620E+01        4.80424109649E+03
1.30680E+01        4.80012173467E+03
1.30740E+01        4.79600765543E+03
1.30800E+01        4.79189884976E+03
1.30860E+01        4.78779530867E+03
1.30920E+01        4.78369702321E+03
1.30980E+01        4.77960398442E+03
1.31040E+01        4.77551618338E+03
1.31100E+01        4.77143361117E+03
1.31160E+01        4.76735625892E+03
1.31220E+01        4.76328411774E+03
1.31280E+01        4.75921717879E+03
1.31340E+01        4.75515543323E+03
1.31400E+01        4.75109887225E+03
1.31460E+01        4.74704748705E+03
1.31520E+01        4.74300126885E+03
1.31580E+01        4.73896020890E+03
1.31640E+01        4.73492429846E+03
1.31700E+01        4.73089352879E+03
1.31760E+01        4.72686789121E+03
1.31820E+01        4.72284737702E+03
1.31880E+01        4.71883197755E+03
1.31940E+01        4.71482168417E+03
1.32000E+01        4.71081648823E+03
1.32060E+01        4.70681638113E+03
1.32120E+01        4.70282135427E+03
1.32180E+01        4.69883139907E+03
1.32240E+01        4.69484650698E+03
1.32300E+01        4.69086666946E+03
1.32360E+01        4.68689187799E+03
1.32420E+01        4.68292212405E+03
1.32480E+01        4.67895739917E+03
1.32540E+01        4.67499769488E+03
1.32600E+01        4.67104300272E+03
1.32660E+01        4.66709331426E+03
1.32720E+01        4.66314862109E+03
1.32780E+01        4.65920891481E+03
1.32840E+01        4.65527418704E+03
1.32900E+01        4.65134442942E+03
1.32960E+01        4.64741963360E+03
1.33020E+01        4.64349979125E+03
1.33080E+01        4.63958489406E+03
1.33140E+01        4.63567493375E+03
1.33200E+01        4.63176990203E+03
1.33260E+01        4.62786979065E+03
1.33320E+01        4.62397459137E+03
1.33380E+01        4.62008429595E+03
1.33440E+01        4.61619889621E+03
1.33500E+01        4.61231838393E+03
1.33560E+01        4.60844275097E+03
1.33620E+01        4.60457198915E+03
1.33680E+01        4.60070609034E+03
1.33740E+01        4.59684504642E+03
1.33800E+01        4.59298884928E+03
1.33860E+01        4.58913749084E+03
1.33920E+01        4.58529096302E+03
1.33980E+01        4.58144925777E+03
1.34040E+01        4.57761236706E+03
1.34100E+01        4.57378028286E+03
1.34160E+01        4.56995299717E+03
1.34220E+01        4.56613050199E+03
1.34280E+01        4.56231278937E+03
1.34340E+01        4.55849985135E+03
1.34400E+01        4.55469167998E+03
1.34460E+01        4.55088826735E+03
1.34520E+01        4.54708960555E+03
1.34580E+01        4.54329568669E+03
1.34640E+01        4.53950650290E+03
1.34700E+01        4.53572204633E+03
1.34760E+01        4.53194230912E+03
1.34820E+01        4.52816728347E+03
1.34880E+01        4.52439696157E+03
1.34940E+01        4.52063133561E+03
1.35000E+01        4.51687039783E+03
1.35060E+01        4.51311414047E+03
1.35120E+01        4.50936255578E+03
1.35180E+01        4.50561563604E+03
1.35240E+01        4.50187337353E+03
1.35300E+01        4.49813576056E+03
1.35360E+01        4.49440278945E+03
1.35420E+01        4.49067445254E+03
1.35480E+01        4.48695074217E+03
1.35540E+01        4.48323165072E+03
1.35600E+01        4.47951717057E+03
1.35660E+01        4.47580729411E+03
1.35720E+01        4.47210201377E+03
1.35780E+01        4.46840132197E+03
1.35840E+01        4.46470521116E+03
1.35900E+01        4.46101367380E+03
1.35960E+01        4.45732670237E+03
1.36020E+01        4.45364428935E+03
1.36080E+01        4.44996642726E+03
1.36140E+01        4.44629310862E+03
1.36200E+01        4.44262432596E+03
1.36260E+01        4.43896007184E+03
1.36320E+01        4.43530033884E+03
1.36380E+01        4.43164511952E+03
1.36440E+01        4.42799440650E+03
1.36500E+01        4.42434819238E+03
1.36560E+01        4.42070646979E+03
1.36620E+01        4.41706923139E+03
1.36680E+01        4.41343646982E+03
1.36740E+01        4.40980817776E+03
1.36800E+01        4.40618434791E+03
1.36860E+01        4.40256497296E+03
1.36920E+01        4.39895004564E+03
1.36980E+01        4.39533955867E+03
1.37040E+01        4.39173350481E+03
1.37100E+01        4.38813187682E+03
1.37160E+01        4.38453466748E+03
1.37220E+01        4.38094186958E+03
1.37280E+01        4.37735347593E+03
1.37340E+01        4.37376947935E+03
1.37400E+01        4.37018987267E+03
1.37460E+01        4.36661464876E+03
1.37520E+01        4.36304380046E+03
1.37580E+01        4.35947732067E+03
1.37640E+01        4.35591520228E+03
1.37700E+01        4.35235743819E+03
1.37760E+01        4.34880402134E+03
1.37820E+01        4.34525494465E+03
1.37880E+01        4.34171020108E+03
1.37940E+01        4.33816978359E+03
1.38000E+01        4.33463368518E+03
1.38060E+01        4.33110189882E+03
1.38120E+01        4.32757441753E+03
1.38180E+01        4.32405123434E+03
1.38240E+01        4.32053234227E+03
1.38300E+01        4.31701773439E+03
1.38360E+01        4.31350740375E+03
1.38420E+01        4.31000134343E+03
1.38480E+01        4.30649954654E+03
1.38540E+01        4.30300200616E+03
1.38600E+01        4.29950871544E+03
1.38660E+01        4.29601966749E+03
1.38720E+01        4.29253485547E+03
1.38780E+01        4.28905427254E+03
1.38840E+01        4.28557791188E+03
1.38900E+01        4.28210576667E+03
1.38960E+01        4.27863783012E+03
1.39020E+01        4.27517409545E+03
1.39080E+01        4.27171455589E+03
1.39140E+01        4.26825920468E+03
1.39200E+01        4.26480803508E+03
1.39260E+01        4.26136104036E+03
1.39320E+01        4.25791821381E+03
1.39380E+01        4.25447954872E+03
1.39440E+01        4.25104503841E+03
1.39500E+01        4.24761467620E+03
1.39560E+01        4.24418845543E+03
1.39620E+01        4.24076636945E+03
1.39680E+01        4.23734841163E+03
1.39740E+01        4.23393457535E+03
1.39800E+01        4.23052485399E+03
1.39860E+01        4.22711924096E+03
1.39920E+01        4.22371772968E+03
1.39980E+01        4.22032031359E+03
1.40040E+01        4.21692698612E+03
