# %ECSV 0.9
# ---
# datatype:
# - {name: wavelength, unit: micron, datatype: float64}
# - {name: flux, unit: microJansky, datatype: float64}
# schema: astropy-2.0
#
#
#  - - File generated by ExoNoodle - -
#         V1.0.0 - MML (CEA-Saclay)
#       2021-02-26 14:01:48.325215
wavelength flux 
3.00000E+00        5.71206345368E+04
3.00600E+00        5.69662745357E+04
3.01200E+00        5.68124723874E+04
3.01800E+00        5.66592259986E+04
3.02400E+00        5.65065332785E+04
3.03000E+00        5.63543921387E+04
3.03600E+00        5.62028004942E+04
3.04200E+00        5.60517562626E+04
3.04800E+00        5.59012573645E+04
3.05400E+00        5.57513017240E+04
3.06000E+00        5.56018872684E+04
3.06600E+00        5.54530119282E+04
3.07200E+00        5.53046736377E+04
3.07800E+00        5.51568703349E+04
3.08400E+00        5.50095999612E+04
3.09000E+00        5.48628604623E+04
3.09600E+00        5.47166497873E+04
3.10200E+00        5.45709658899E+04
3.10800E+00        5.44258067276E+04
3.11400E+00        5.42811702621E+04
3.12000E+00        5.41370544595E+04
3.12600E+00        5.39934572904E+04
3.13200E+00        5.38503767297E+04
3.13800E+00        5.37078107569E+04
3.14400E+00        5.35657573561E+04
3.15000E+00        5.34242145163E+04
3.15600E+00        5.32831802310E+04
3.16200E+00        5.31426524987E+04
3.16800E+00        5.30026293229E+04
3.17400E+00        5.28631087119E+04
3.18000E+00        5.27240886792E+04
3.18600E+00        5.25855672433E+04
3.19200E+00        5.24475424279E+04
3.19800E+00        5.23100122621E+04
3.20400E+00        5.21729747800E+04
3.21000E+00        5.20364280213E+04
3.21600E+00        5.19003700309E+04
3.22200E+00        5.17647988593E+04
3.22800E+00        5.16297125624E+04
3.23400E+00        5.14951092018E+04
3.24000E+00        5.13609868443E+04
3.24600E+00        5.12273435629E+04
3.25200E+00        5.10941774358E+04
3.25800E+00        5.09614865473E+04
3.26400E+00        5.08292689870E+04
3.27000E+00        5.06975228508E+04
3.27600E+00        5.05662462401E+04
3.28200E+00        5.04354372623E+04
3.28800E+00        5.03050940307E+04
3.29400E+00        5.01752146644E+04
3.30000E+00        5.00457972888E+04
3.30600E+00        4.99168400349E+04
3.31200E+00        4.97883410400E+04
3.31800E+00        4.96602984473E+04
3.32400E+00        4.95327104062E+04
3.33000E+00        4.94055750722E+04
3.33600E+00        4.92788906069E+04
3.34200E+00        4.91526551779E+04
3.34800E+00        4.90268669592E+04
3.35400E+00        4.89015241310E+04
3.36000E+00        4.87766248794E+04
3.36600E+00        4.86521673972E+04
3.37200E+00        4.85281498831E+04
3.37800E+00        4.84045705422E+04
3.38400E+00        4.82814275859E+04
3.39000E+00        4.81587192317E+04
3.39600E+00        4.80364437037E+04
3.40200E+00        4.79145992322E+04
3.40800E+00        4.77931840538E+04
3.41400E+00        4.76721964114E+04
3.42000E+00        4.75516345544E+04
3.42600E+00        4.74314967384E+04
3.43200E+00        4.73117812256E+04
3.43800E+00        4.71924862843E+04
3.44400E+00        4.70736101893E+04
3.45000E+00        4.69551512220E+04
3.45600E+00        4.68371076698E+04
3.46200E+00        4.67194778269E+04
3.46800E+00        4.66022599936E+04
3.47400E+00        4.64854524768E+04
3.48000E+00        4.63690535896E+04
3.48600E+00        4.62530616518E+04
3.49200E+00        4.61374749893E+04
3.49800E+00        4.60222919347E+04
3.50400E+00        4.59075108269E+04
3.51000E+00        4.57931300111E+04
3.51600E+00        4.56791478391E+04
3.52200E+00        4.55655626690E+04
3.52800E+00        4.54523728652E+04
3.53400E+00        4.53395767988E+04
3.54000E+00        4.52271728470E+04
3.54600E+00        4.51151593935E+04
3.55200E+00        4.50035348286E+04
3.55800E+00        4.48922975485E+04
3.56400E+00        4.47814459563E+04
3.57000E+00        4.46709784612E+04
3.57600E+00        4.45608934787E+04
3.58200E+00        4.44511894308E+04
3.58800E+00        4.43418647459E+04
3.59400E+00        4.42329178586E+04
3.60000E+00        4.41243472100E+04
3.60600E+00        4.40161512472E+04
3.61200E+00        4.39083284240E+04
3.61800E+00        4.38008772003E+04
3.62400E+00        4.36937960424E+04
3.63000E+00        4.35870834228E+04
3.63600E+00        4.34807378202E+04
3.64200E+00        4.33747577198E+04
3.64800E+00        4.32691416128E+04
3.65400E+00        4.31638879969E+04
3.66000E+00        4.30589953758E+04
3.66600E+00        4.29544622596E+04
3.67200E+00        4.28502871644E+04
3.67800E+00        4.27464686127E+04
3.68400E+00        4.26430051330E+04
3.69000E+00        4.25398952602E+04
3.69600E+00        4.24371375351E+04
3.70200E+00        4.23347305047E+04
3.70800E+00        4.22326727222E+04
3.71400E+00        4.21309627469E+04
3.72000E+00        4.20295991442E+04
3.72600E+00        4.19285804855E+04
3.73200E+00        4.18279053482E+04
3.73800E+00        4.17275723161E+04
3.74400E+00        4.16275799786E+04
3.75000E+00        4.15279269313E+04
3.75600E+00        4.14286117760E+04
3.76200E+00        4.13296331201E+04
3.76800E+00        4.12309895771E+04
3.77400E+00        4.11326797668E+04
3.78000E+00        4.10347023144E+04
3.78600E+00        4.09370558513E+04
3.79200E+00        4.08397390148E+04
3.79800E+00        4.07427504480E+04
3.80400E+00        4.06460888000E+04
3.81000E+00        4.05497527256E+04
3.81600E+00        4.04537408855E+04
3.82200E+00        4.03580519461E+04
3.82800E+00        4.02626845799E+04
3.83400E+00        4.01676374648E+04
3.84000E+00        4.00729092846E+04
3.84600E+00        3.99784987291E+04
3.85200E+00        3.98844044933E+04
3.85800E+00        3.97906252784E+04
3.86400E+00        3.96971597910E+04
3.87000E+00        3.96040067434E+04
3.87600E+00        3.95111648536E+04
3.88200E+00        3.94186328453E+04
3.88800E+00        3.93264094477E+04
3.89400E+00        3.92344933955E+04
3.90000E+00        3.91428834291E+04
3.90600E+00        3.90515782945E+04
3.91200E+00        3.89605767432E+04
3.91800E+00        3.88698775320E+04
3.92400E+00        3.87794794235E+04
3.93000E+00        3.86893811856E+04
3.93600E+00        3.85995815917E+04
3.94200E+00        3.85100794205E+04
3.94800E+00        3.84208734564E+04
3.95400E+00        3.83319624890E+04
3.96000E+00        3.82433453132E+04
3.96600E+00        3.81550207294E+04
3.97200E+00        3.80669875434E+04
3.97800E+00        3.79792445660E+04
3.98400E+00        3.78917906136E+04
3.99000E+00        3.78046245077E+04
3.99600E+00        3.77177450752E+04
4.00200E+00        3.76311511482E+04
4.00800E+00        3.75448415638E+04
4.01400E+00        3.74588151646E+04
4.02000E+00        3.73730707982E+04
4.02600E+00        3.72876073173E+04
4.03200E+00        3.72024235799E+04
4.03800E+00        3.71175184491E+04
4.04400E+00        3.70328907928E+04
4.05000E+00        3.69485394844E+04
4.05600E+00        3.68644634021E+04
4.06200E+00        3.67806614291E+04
4.06800E+00        3.66971324538E+04
4.07400E+00        3.66138753694E+04
4.08000E+00        3.65308890742E+04
4.08600E+00        3.64481724713E+04
4.09200E+00        3.63657244689E+04
4.09800E+00        3.62835439801E+04
4.10400E+00        3.62016299228E+04
4.11000E+00        3.61199812197E+04
4.11600E+00        3.60385967986E+04
4.12200E+00        3.59574755919E+04
4.12800E+00        3.58766165368E+04
4.13400E+00        3.57960185756E+04
4.14000E+00        3.57156806550E+04
4.14600E+00        3.56356017266E+04
4.15200E+00        3.55557807467E+04
4.15800E+00        3.54762166765E+04
4.16400E+00        3.53969084815E+04
4.17000E+00        3.53178551323E+04
4.17600E+00        3.52390556038E+04
4.18200E+00        3.51605088757E+04
4.18800E+00        3.50822139323E+04
4.19400E+00        3.50041697625E+04
4.20000E+00        3.49263753597E+04
4.20600E+00        3.48488297219E+04
4.21200E+00        3.47715318517E+04
4.21800E+00        3.46944807560E+04
4.22400E+00        3.46176754463E+04
4.23000E+00        3.45411149388E+04
4.23600E+00        3.44647982537E+04
4.24200E+00        3.43887244161E+04
4.24800E+00        3.43128924551E+04
4.25400E+00        3.42373014045E+04
4.26000E+00        3.41619503023E+04
4.26600E+00        3.40868381909E+04
4.27200E+00        3.40119641172E+04
4.27800E+00        3.39373271320E+04
4.28400E+00        3.38629262909E+04
4.29000E+00        3.37887606534E+04
4.29600E+00        3.37148292834E+04
4.30200E+00        3.36411312491E+04
4.30800E+00        3.35676656227E+04
4.31400E+00        3.34944314810E+04
4.32000E+00        3.34214279045E+04
4.32600E+00        3.33486539783E+04
4.33200E+00        3.32761087912E+04
4.33800E+00        3.32037914366E+04
4.34400E+00        3.31317010117E+04
4.35000E+00        3.30598366178E+04
4.35600E+00        3.29881973604E+04
4.36200E+00        3.29167823490E+04
4.36800E+00        3.28455906970E+04
4.37400E+00        3.27746215221E+04
4.38000E+00        3.27038739457E+04
4.38600E+00        3.26333470933E+04
4.39200E+00        3.25630400944E+04
4.39800E+00        3.24929520825E+04
4.40400E+00        3.24230821948E+04
4.41000E+00        3.23534295726E+04
4.41600E+00        3.22839933609E+04
4.42200E+00        3.22147727089E+04
4.42800E+00        3.21457667692E+04
4.43400E+00        3.20769746986E+04
4.44000E+00        3.20083956576E+04
4.44600E+00        3.19400288105E+04
4.45200E+00        3.18718733253E+04
4.45800E+00        3.18039283738E+04
4.46400E+00        3.17361931316E+04
4.47000E+00        3.16686667780E+04
4.47600E+00        3.16013484961E+04
4.48200E+00        3.15342374724E+04
4.48800E+00        3.14673328975E+04
4.49400E+00        3.14006339652E+04
4.50000E+00        3.13341398734E+04
4.50600E+00        3.12678498232E+04
4.51200E+00        3.12017630196E+04
4.51800E+00        3.11358786711E+04
4.52400E+00        3.10701959898E+04
4.53000E+00        3.10047141912E+04
4.53600E+00        3.09394324945E+04
4.54200E+00        3.08743501224E+04
4.54800E+00        3.08094663011E+04
4.55400E+00        3.07447802603E+04
4.56000E+00        3.06802912331E+04
4.56600E+00        3.06159984561E+04
4.57200E+00        3.05519011693E+04
4.57800E+00        3.04879986163E+04
4.58400E+00        3.04242900439E+04
4.59000E+00        3.03607747024E+04
4.59600E+00        3.02974518453E+04
4.60200E+00        3.02343207298E+04
4.60800E+00        3.01713806161E+04
4.61400E+00        3.01086307679E+04
4.62000E+00        3.00460704522E+04
4.62600E+00        2.99836989393E+04
4.63200E+00        2.99215155026E+04
4.63800E+00        2.98595194192E+04
4.64400E+00        2.97977099689E+04
4.65000E+00        2.97360864351E+04
4.65600E+00        2.96746481043E+04
4.66200E+00        2.96133942663E+04
4.66800E+00        2.95523242138E+04
4.67400E+00        2.94914372431E+04
4.68000E+00        2.94307326533E+04
4.68600E+00        2.93702097468E+04
4.69200E+00        2.93098678291E+04
4.69800E+00        2.92497062088E+04
4.70400E+00        2.91897241976E+04
4.71000E+00        2.91299211103E+04
4.71600E+00        2.90702962648E+04
4.72200E+00        2.90108489818E+04
4.72800E+00        2.89515785855E+04
4.73400E+00        2.88924844026E+04
4.74000E+00        2.88335657633E+04
4.74600E+00        2.87748220004E+04
4.75200E+00        2.87162524498E+04
4.75800E+00        2.86578564506E+04
4.76400E+00        2.85996333445E+04
4.77000E+00        2.85415824763E+04
4.77600E+00        2.84837031938E+04
4.78200E+00        2.84259948475E+04
4.78800E+00        2.83684567909E+04
4.79400E+00        2.83110883805E+04
4.80000E+00        2.82538889754E+04
4.80600E+00        2.81968579379E+04
4.81200E+00        2.81399946327E+04
4.81800E+00        2.80832984278E+04
4.82400E+00        2.80267686936E+04
4.83000E+00        2.79704048036E+04
4.83600E+00        2.79142061339E+04
4.84200E+00        2.78581720633E+04
4.84800E+00        2.78023019737E+04
4.85400E+00        2.77465952494E+04
4.86000E+00        2.76910512775E+04
4.86600E+00        2.76356694480E+04
4.87200E+00        2.75804491534E+04
4.87800E+00        2.75253897889E+04
4.88400E+00        2.74704907526E+04
4.89000E+00        2.74157514450E+04
4.89600E+00        2.73611712693E+04
4.90200E+00        2.73067496315E+04
4.90800E+00        2.72524859400E+04
4.91400E+00        2.71983796061E+04
4.92000E+00        2.71444300434E+04
4.92600E+00        2.70906366682E+04
4.93200E+00        2.70369988995E+04
4.93800E+00        2.69835161587E+04
4.94400E+00        2.69301878698E+04
4.95000E+00        2.68770134593E+04
4.95600E+00        2.68239923563E+04
4.96200E+00        2.67711239924E+04
4.96800E+00        2.67184078017E+04
4.97400E+00        2.66658432207E+04
4.98000E+00        2.66134296884E+04
4.98600E+00        2.65611666465E+04
4.99200E+00        2.65090535388E+04
4.99800E+00        2.64570898118E+04
5.00400E+00        2.64052749143E+04
5.01000E+00        2.63536082975E+04
5.01600E+00        2.63020894151E+04
5.02200E+00        2.62507177231E+04
5.02800E+00        2.61994926800E+04
5.03400E+00        2.61484137466E+04
5.04000E+00        2.60974803860E+04
5.04600E+00        2.60466920637E+04
5.05200E+00        2.59960482476E+04
5.05800E+00        2.59455484078E+04
5.06400E+00        2.58951920169E+04
5.07000E+00        2.58449785495E+04
5.07600E+00        2.57949074829E+04
5.08200E+00        2.57449782962E+04
5.08800E+00        2.56951904712E+04
5.09400E+00        2.56455434918E+04
5.10000E+00        2.55960368439E+04
5.10600E+00        2.55466700161E+04
5.11200E+00        2.54974424990E+04
5.11800E+00        2.54483537852E+04
5.12400E+00        2.53994033698E+04
5.13000E+00        2.53505907500E+04
5.13600E+00        2.53019154252E+04
5.14200E+00        2.52533768970E+04
5.14800E+00        2.52049746690E+04
5.15400E+00        2.51567082471E+04
5.16000E+00        2.51085771393E+04
5.16600E+00        2.50605808558E+04
5.17200E+00        2.50127189087E+04
5.17800E+00        2.49649908126E+04
5.18400E+00        2.49173960837E+04
5.19000E+00        2.48699342408E+04
5.19600E+00        2.48226048043E+04
5.20200E+00        2.47754072970E+04
5.20800E+00        2.47283412437E+04
5.21400E+00        2.46814061711E+04
5.22000E+00        2.46346016082E+04
5.22600E+00        2.45879270856E+04
5.23200E+00        2.45413821365E+04
5.23800E+00        2.44949662956E+04
5.24400E+00        2.44486790999E+04
5.25000E+00        2.44025200882E+04
5.25600E+00        2.43564888014E+04
5.26200E+00        2.43105847824E+04
5.26800E+00        2.42648075760E+04
5.27400E+00        2.42191567289E+04
5.28000E+00        2.41736317897E+04
5.28600E+00        2.41282323092E+04
5.29200E+00        2.40829578399E+04
5.29800E+00        2.40378079363E+04
5.30400E+00        2.39927821546E+04
5.31000E+00        2.39478800533E+04
5.31600E+00        2.39031011924E+04
5.32200E+00        2.38584451340E+04
5.32800E+00        2.38139114419E+04
5.33400E+00        2.37694996820E+04
5.34000E+00        2.37252094218E+04
5.34600E+00        2.36810402308E+04
5.35200E+00        2.36369916803E+04
5.35800E+00        2.35930633434E+04
5.36400E+00        2.35492547950E+04
5.37000E+00        2.35055656119E+04
5.37600E+00        2.34619953725E+04
5.38200E+00        2.34185436572E+04
5.38800E+00        2.33752100481E+04
5.39400E+00        2.33319941290E+04
5.40000E+00        2.32888954857E+04
5.40600E+00        2.32459137054E+04
5.41200E+00        2.32030483773E+04
5.41800E+00        2.31602990922E+04
5.42400E+00        2.31176654429E+04
5.43000E+00        2.30751470236E+04
5.43600E+00        2.30327434303E+04
5.44200E+00        2.29904542608E+04
5.44800E+00        2.29482791146E+04
5.45400E+00        2.29062175926E+04
5.46000E+00        2.28642692979E+04
5.46600E+00        2.28224338348E+04
5.47200E+00        2.27807108095E+04
5.47800E+00        2.27390998297E+04
5.48400E+00        2.26976005051E+04
5.49000E+00        2.26562124465E+04
5.49600E+00        2.26149352668E+04
5.50200E+00        2.25737685803E+04
5.50800E+00        2.25327120030E+04
5.51400E+00        2.24917651524E+04
5.52000E+00        2.24509276478E+04
5.52600E+00        2.24101991099E+04
5.53200E+00        2.23695791610E+04
5.53800E+00        2.23290674252E+04
5.54400E+00        2.22886635278E+04
5.55000E+00        2.22483670961E+04
5.55600E+00        2.22081777585E+04
5.56200E+00        2.21680951454E+04
5.56800E+00        2.21281188884E+04
5.57400E+00        2.20882486208E+04
5.58000E+00        2.20484839773E+04
5.58600E+00        2.20088245943E+04
5.59200E+00        2.19692701097E+04
5.59800E+00        2.19298201626E+04
5.60400E+00        2.18904743939E+04
5.61000E+00        2.18512324460E+04
5.61600E+00        2.18120939627E+04
5.62200E+00        2.17730585892E+04
5.62800E+00        2.17341259722E+04
5.63400E+00        2.16952957600E+04
5.64000E+00        2.16565676022E+04
5.64600E+00        2.16179411500E+04
5.65200E+00        2.15794160559E+04
5.65800E+00        2.15409919739E+04
5.66400E+00        2.15026685594E+04
5.67000E+00        2.14644454692E+04
5.67600E+00        2.14263223617E+04
5.68200E+00        2.13882988964E+04
5.68800E+00        2.13503747345E+04
5.69400E+00        2.13125495385E+04
5.70000E+00        2.12748229721E+04
5.70600E+00        2.12371947005E+04
5.71200E+00        2.11996643906E+04
5.71800E+00        2.11622317101E+04
5.72400E+00        2.11248963284E+04
5.73000E+00        2.10876579163E+04
5.73600E+00        2.10505161458E+04
5.74200E+00        2.10134706902E+04
5.74800E+00        2.09765212244E+04
5.75400E+00        2.09396674243E+04
5.76000E+00        2.09029089674E+04
5.76600E+00        2.08662455324E+04
5.77200E+00        2.08296767992E+04
5.77800E+00        2.07932024493E+04
5.78400E+00        2.07568221652E+04
5.79000E+00        2.07205356308E+04
5.79600E+00        2.06843425314E+04
5.80200E+00        2.06482425535E+04
5.80800E+00        2.06122353847E+04
5.81400E+00        2.05763207142E+04
5.82000E+00        2.05404982322E+04
5.82600E+00        2.05047676304E+04
5.83200E+00        2.04691286014E+04
5.83800E+00        2.04335808394E+04
5.84400E+00        2.03981240396E+04
5.85000E+00        2.03627578986E+04
5.85600E+00        2.03274821142E+04
5.86200E+00        2.02922963852E+04
5.86800E+00        2.02572004120E+04
5.87400E+00        2.02221938960E+04
5.88000E+00        2.01872765397E+04
5.88600E+00        2.01524480469E+04
5.89200E+00        2.01177081227E+04
5.89800E+00        2.00830564733E+04
5.90400E+00        2.00484928061E+04
5.91000E+00        2.00140168296E+04
5.91600E+00        1.99796282536E+04
5.92200E+00        1.99453267889E+04
5.92800E+00        1.99111121477E+04
5.93400E+00        1.98769840431E+04
5.94000E+00        1.98429421896E+04
5.94600E+00        1.98089863027E+04
5.95200E+00        1.97751160989E+04
5.95800E+00        1.97413312962E+04
5.96400E+00        1.97076316135E+04
5.97000E+00        1.96740167707E+04
5.97600E+00        1.96404864891E+04
5.98200E+00        1.96070404909E+04
5.98800E+00        1.95736784996E+04
5.99400E+00        1.95404002397E+04
6.00000E+00        1.95072054367E+04
6.00600E+00        1.94740938173E+04
6.01200E+00        1.94410651094E+04
6.01800E+00        1.94081190417E+04
6.02400E+00        1.93752553443E+04
6.03000E+00        1.93424737482E+04
6.03600E+00        1.93097739853E+04
6.04200E+00        1.92771557890E+04
6.04800E+00        1.92446188934E+04
6.05400E+00        1.92121630337E+04
6.06000E+00        1.91797879463E+04
6.06600E+00        1.91474933686E+04
6.07200E+00        1.91152790389E+04
6.07800E+00        1.90831446967E+04
6.08400E+00        1.90510900825E+04
6.09000E+00        1.90191149377E+04
6.09600E+00        1.89872190048E+04
6.10200E+00        1.89554020274E+04
6.10800E+00        1.89236637500E+04
6.11400E+00        1.88920039182E+04
6.12000E+00        1.88604222785E+04
6.12600E+00        1.88289185785E+04
6.13200E+00        1.87974925667E+04
6.13800E+00        1.87661439926E+04
6.14400E+00        1.87348726068E+04
6.15000E+00        1.87036781607E+04
6.15600E+00        1.86725604069E+04
6.16200E+00        1.86415190987E+04
6.16800E+00        1.86105539905E+04
6.17400E+00        1.85796648378E+04
6.18000E+00        1.85488513969E+04
6.18600E+00        1.85181134250E+04
6.19200E+00        1.84874506804E+04
6.19800E+00        1.84568629222E+04
6.20400E+00        1.84263499105E+04
6.21000E+00        1.83959114065E+04
6.21600E+00        1.83655471721E+04
6.22200E+00        1.83352569701E+04
6.22800E+00        1.83050405645E+04
6.23400E+00        1.82748977200E+04
6.24000E+00        1.82448282023E+04
6.24600E+00        1.82148317779E+04
6.25200E+00        1.81849082143E+04
6.25800E+00        1.81550572799E+04
6.26400E+00        1.81252787440E+04
6.27000E+00        1.80955723768E+04
6.27600E+00        1.80659379494E+04
6.28200E+00        1.80363752336E+04
6.28800E+00        1.80068840025E+04
6.29400E+00        1.79774640296E+04
6.30000E+00        1.79481150896E+04
6.30600E+00        1.79188369579E+04
6.31200E+00        1.78896294109E+04
6.31800E+00        1.78604922257E+04
6.32400E+00        1.78314251805E+04
6.33000E+00        1.78024280542E+04
6.33600E+00        1.77735006264E+04
6.34200E+00        1.77446426779E+04
6.34800E+00        1.77158539900E+04
6.35400E+00        1.76871343450E+04
6.36000E+00        1.76584835262E+04
6.36600E+00        1.76299013174E+04
6.37200E+00        1.76013875034E+04
6.37800E+00        1.75729418699E+04
6.38400E+00        1.75445642033E+04
6.39000E+00        1.75162542908E+04
6.39600E+00        1.74880119206E+04
6.40200E+00        1.74598368814E+04
6.40800E+00        1.74317289631E+04
6.41400E+00        1.74036879560E+04
6.42000E+00        1.73757136515E+04
6.42600E+00        1.73478058416E+04
6.43200E+00        1.73199643193E+04
6.43800E+00        1.72921888782E+04
6.44400E+00        1.72644793127E+04
6.45000E+00        1.72368354181E+04
6.45600E+00        1.72092569904E+04
6.46200E+00        1.71817438264E+04
6.46800E+00        1.71542957236E+04
6.47400E+00        1.71269124804E+04
6.48000E+00        1.70995938959E+04
6.48600E+00        1.70723397699E+04
6.49200E+00        1.70451499031E+04
6.49800E+00        1.70180240967E+04
6.50400E+00        1.69909621530E+04
6.51000E+00        1.69639638748E+04
6.51600E+00        1.69370290657E+04
6.52200E+00        1.69101575300E+04
6.52800E+00        1.68833490729E+04
6.53400E+00        1.68566035002E+04
6.54000E+00        1.68299206184E+04
6.54600E+00        1.68033002349E+04
6.55200E+00        1.67767421576E+04
6.55800E+00        1.67502461952E+04
6.56400E+00        1.67238121573E+04
6.57000E+00        1.66974398540E+04
6.57600E+00        1.66711290962E+04
6.58200E+00        1.66448796954E+04
6.58800E+00        1.66186914640E+04
6.59400E+00        1.65925642150E+04
6.60000E+00        1.65664977621E+04
6.60600E+00        1.65404919196E+04
6.61200E+00        1.65145465027E+04
6.61800E+00        1.64886613272E+04
6.62400E+00        1.64628362095E+04
6.63000E+00        1.64370709667E+04
6.63600E+00        1.64113654168E+04
6.64200E+00        1.63857193783E+04
6.64800E+00        1.63601326702E+04
6.65400E+00        1.63346051126E+04
6.66000E+00        1.63091365259E+04
6.66600E+00        1.62837267314E+04
6.67200E+00        1.62583755509E+04
6.67800E+00        1.62330828069E+04
6.68400E+00        1.62078483227E+04
6.69000E+00        1.61826719221E+04
6.69600E+00        1.61575534296E+04
6.70200E+00        1.61324926703E+04
6.70800E+00        1.61074894700E+04
6.71400E+00        1.60825436553E+04
6.72000E+00        1.60576550531E+04
6.72600E+00        1.60328234911E+04
6.73200E+00        1.60080487978E+04
6.73800E+00        1.59833308022E+04
6.74400E+00        1.59586693338E+04
6.75000E+00        1.59340642229E+04
6.75600E+00        1.59095153004E+04
6.76200E+00        1.58850223978E+04
6.76800E+00        1.58605853472E+04
6.77400E+00        1.58362039813E+04
6.78000E+00        1.58118781335E+04
6.78600E+00        1.57876076378E+04
6.79200E+00        1.57633923287E+04
6.79800E+00        1.57392320413E+04
6.80400E+00        1.57151266116E+04
6.81000E+00        1.56910758758E+04
6.81600E+00        1.56670796710E+04
6.82200E+00        1.56431378347E+04
6.82800E+00        1.56192502051E+04
6.83400E+00        1.55954166209E+04
6.84000E+00        1.55716369216E+04
6.84600E+00        1.55479109470E+04
6.85200E+00        1.55242385377E+04
6.85800E+00        1.55006195348E+04
6.86400E+00        1.54770537799E+04
6.87000E+00        1.54535411154E+04
6.87600E+00        1.54300813840E+04
6.88200E+00        1.54066744291E+04
6.88800E+00        1.53833200948E+04
6.89400E+00        1.53600182255E+04
6.90000E+00        1.53367686664E+04
6.90600E+00        1.53135712632E+04
6.91200E+00        1.52904258620E+04
6.91800E+00        1.52673323096E+04
6.92400E+00        1.52442904534E+04
6.93000E+00        1.52213001413E+04
6.93600E+00        1.51983612216E+04
6.94200E+00        1.51754735434E+04
6.94800E+00        1.51526369563E+04
6.95400E+00        1.51298513102E+04
6.96000E+00        1.51071164558E+04
6.96600E+00        1.50844322442E+04
6.97200E+00        1.50617985272E+04
6.97800E+00        1.50392151569E+04
6.98400E+00        1.50166819861E+04
6.99000E+00        1.49941988681E+04
6.99600E+00        1.49717656567E+04
7.00200E+00        1.49493822062E+04
7.00800E+00        1.49270483714E+04
7.01400E+00        1.49047640079E+04
7.02000E+00        1.48825289714E+04
7.02600E+00        1.48603431183E+04
7.03200E+00        1.48382063056E+04
7.03800E+00        1.48161183908E+04
7.04400E+00        1.47940792316E+04
7.05000E+00        1.47720886868E+04
7.05600E+00        1.47501466150E+04
7.06200E+00        1.47282528759E+04
7.06800E+00        1.47064073294E+04
7.07400E+00        1.46846098360E+04
7.08000E+00        1.46628602565E+04
7.08600E+00        1.46411584525E+04
7.09200E+00        1.46195042859E+04
7.09800E+00        1.45978976192E+04
7.10400E+00        1.45763383152E+04
7.11000E+00        1.45548262373E+04
7.11600E+00        1.45333612496E+04
7.12200E+00        1.45119432163E+04
7.12800E+00        1.44905720022E+04
7.13400E+00        1.44692474728E+04
7.14000E+00        1.44479694939E+04
7.14600E+00        1.44267379317E+04
7.15200E+00        1.44055526530E+04
7.15800E+00        1.43844135250E+04
7.16400E+00        1.43633204154E+04
7.17000E+00        1.43422731924E+04
7.17600E+00        1.43212717246E+04
7.18200E+00        1.43003158811E+04
7.18800E+00        1.42794055315E+04
7.19400E+00        1.42585405457E+04
7.20000E+00        1.42377207943E+04
7.20600E+00        1.42169461481E+04
7.21200E+00        1.41962164786E+04
7.21800E+00        1.41755316576E+04
7.22400E+00        1.41548915573E+04
7.23000E+00        1.41342960504E+04
7.23600E+00        1.41137450102E+04
7.24200E+00        1.40932383103E+04
7.24800E+00        1.40727758247E+04
7.25400E+00        1.40523574279E+04
7.26000E+00        1.40319829948E+04
7.26600E+00        1.40116524009E+04
7.27200E+00        1.39913655219E+04
7.27800E+00        1.39711222341E+04
7.28400E+00        1.39509224141E+04
7.29000E+00        1.39307659391E+04
7.29600E+00        1.39106526865E+04
7.30200E+00        1.38905825344E+04
7.30800E+00        1.38705553611E+04
7.31400E+00        1.38505710454E+04
7.32000E+00        1.38306294666E+04
7.32600E+00        1.38107305042E+04
7.33200E+00        1.37908740384E+04
7.33800E+00        1.37710599496E+04
7.34400E+00        1.37512881187E+04
7.35000E+00        1.37315584271E+04
7.35600E+00        1.37118707563E+04
7.36200E+00        1.36922249887E+04
7.36800E+00        1.36726210066E+04
7.37400E+00        1.36530586930E+04
7.38000E+00        1.36335379312E+04
7.38600E+00        1.36140586051E+04
7.39200E+00        1.35946205987E+04
7.39800E+00        1.35752237965E+04
7.40400E+00        1.35558680836E+04
7.41000E+00        1.35365533452E+04
7.41600E+00        1.35172794672E+04
7.42200E+00        1.34980463355E+04
7.42800E+00        1.34788538367E+04
7.43400E+00        1.34597018577E+04
7.44000E+00        1.34405902859E+04
7.44600E+00        1.34215190088E+04
7.45200E+00        1.34024879146E+04
7.45800E+00        1.33834968916E+04
7.46400E+00        1.33645458288E+04
7.47000E+00        1.33456346153E+04
7.47600E+00        1.33267631407E+04
7.48200E+00        1.33079312949E+04
7.48800E+00        1.32891389684E+04
7.49400E+00        1.32703860517E+04
7.50000E+00        1.32516724361E+04
7.50600E+00        1.32329980129E+04
7.51200E+00        1.32143626740E+04
7.51800E+00        1.31957663115E+04
7.52400E+00        1.31772088181E+04
7.53000E+00        1.31586900867E+04
7.53600E+00        1.31402100104E+04
7.54200E+00        1.31217684831E+04
7.54800E+00        1.31033653986E+04
7.55400E+00        1.30850006515E+04
7.56000E+00        1.30666741363E+04
7.56600E+00        1.30483857482E+04
7.57200E+00        1.30301353826E+04
7.57800E+00        1.30119229353E+04
7.58400E+00        1.29937483025E+04
7.59000E+00        1.29756113807E+04
7.59600E+00        1.29575120666E+04
7.60200E+00        1.29394502576E+04
7.60800E+00        1.29214258510E+04
7.61400E+00        1.29034387449E+04
7.62000E+00        1.28854888375E+04
7.62600E+00        1.28675760272E+04
7.63200E+00        1.28497002131E+04
7.63800E+00        1.28318612944E+04
7.64400E+00        1.28140591706E+04
7.65000E+00        1.27962937417E+04
7.65600E+00        1.27785649081E+04
7.66200E+00        1.27608725701E+04
7.66800E+00        1.27432166289E+04
7.67400E+00        1.27255969856E+04
7.68000E+00        1.27080135418E+04
7.68600E+00        1.26904661996E+04
7.69200E+00        1.26729548610E+04
7.69800E+00        1.26554794288E+04
7.70400E+00        1.26380398057E+04
7.71000E+00        1.26206358951E+04
7.71600E+00        1.26032676005E+04
7.72200E+00        1.25859348257E+04
7.72800E+00        1.25686374749E+04
7.73400E+00        1.25513754527E+04
7.74000E+00        1.25341486638E+04
7.74600E+00        1.25169570135E+04
7.75200E+00        1.24998004071E+04
7.75800E+00        1.24826787505E+04
7.76400E+00        1.24655919497E+04
7.77000E+00        1.24485399111E+04
7.77600E+00        1.24315225415E+04
7.78200E+00        1.24145397478E+04
7.78800E+00        1.23975914374E+04
7.79400E+00        1.23806775178E+04
7.80000E+00        1.23637978972E+04
7.80600E+00        1.23469524836E+04
7.81200E+00        1.23301411856E+04
7.81800E+00        1.23133639121E+04
7.82400E+00        1.22966205722E+04
7.83000E+00        1.22799110753E+04
7.83600E+00        1.22632353313E+04
7.84200E+00        1.22465932501E+04
7.84800E+00        1.22299847421E+04
7.85400E+00        1.22134097178E+04
7.86000E+00        1.21968680884E+04
7.86600E+00        1.21803597648E+04
7.87200E+00        1.21638846587E+04
7.87800E+00        1.21474426819E+04
7.88400E+00        1.21310337464E+04
7.89000E+00        1.21146577647E+04
7.89600E+00        1.20983146493E+04
7.90200E+00        1.20820043133E+04
7.90800E+00        1.20657266698E+04
7.91400E+00        1.20494816325E+04
7.92000E+00        1.20332691150E+04
7.92600E+00        1.20170890315E+04
7.93200E+00        1.20009412963E+04
7.93800E+00        1.19848258241E+04
7.94400E+00        1.19687425298E+04
7.95000E+00        1.19526913286E+04
7.95600E+00        1.19366721359E+04
7.96200E+00        1.19206848676E+04
7.96800E+00        1.19047294396E+04
7.97400E+00        1.18888057682E+04
7.98000E+00        1.18729137700E+04
7.98600E+00        1.18570533619E+04
7.99200E+00        1.18412244609E+04
7.99800E+00        1.18254269844E+04
8.00400E+00        1.18096608500E+04
8.01000E+00        1.17939259757E+04
8.01600E+00        1.17782222797E+04
8.02200E+00        1.17625496804E+04
8.02800E+00        1.17469080964E+04
8.03400E+00        1.17312974468E+04
8.04000E+00        1.17157176508E+04
8.04600E+00        1.17001686278E+04
8.05200E+00        1.16846502977E+04
8.05800E+00        1.16691625804E+04
8.06400E+00        1.16537053961E+04
8.07000E+00        1.16382786655E+04
8.07600E+00        1.16228823093E+04
8.08200E+00        1.16075162485E+04
8.08800E+00        1.15921804044E+04
8.09400E+00        1.15768746985E+04
8.10000E+00        1.15615990527E+04
8.10600E+00        1.15463533890E+04
8.11200E+00        1.15311376296E+04
8.11800E+00        1.15159516971E+04
8.12400E+00        1.15007955143E+04
8.13000E+00        1.14856690042E+04
8.13600E+00        1.14705720902E+04
8.14200E+00        1.14555046956E+04
8.14800E+00        1.14404667444E+04
8.15400E+00        1.14254581605E+04
8.16000E+00        1.14104788681E+04
8.16600E+00        1.13955287919E+04
8.17200E+00        1.13806078564E+04
8.17800E+00        1.13657159867E+04
8.18400E+00        1.13508531080E+04
8.19000E+00        1.13360191458E+04
8.19600E+00        1.13212140257E+04
8.20200E+00        1.13064376737E+04
8.20800E+00        1.12916900159E+04
8.21400E+00        1.12769709787E+04
8.22000E+00        1.12622804888E+04
8.22600E+00        1.12476184730E+04
8.23200E+00        1.12329848585E+04
8.23800E+00        1.12183795725E+04
8.24400E+00        1.12038025426E+04
8.25000E+00        1.11892536965E+04
8.25600E+00        1.11747329624E+04
8.26200E+00        1.11602402684E+04
8.26800E+00        1.11457755430E+04
8.27400E+00        1.11313387149E+04
8.28000E+00        1.11169297130E+04
8.28600E+00        1.11025484665E+04
8.29200E+00        1.10881949047E+04
8.29800E+00        1.10738689572E+04
8.30400E+00        1.10595705538E+04
8.31000E+00        1.10452996245E+04
8.31600E+00        1.10310560996E+04
8.32200E+00        1.10168399096E+04
8.32800E+00        1.10026509851E+04
8.33400E+00        1.09884892571E+04
8.34000E+00        1.09743546566E+04
8.34600E+00        1.09602471150E+04
8.35200E+00        1.09461665639E+04
8.35800E+00        1.09321129349E+04
8.36400E+00        1.09180861602E+04
8.37000E+00        1.09040861719E+04
8.37600E+00        1.08901129023E+04
8.38200E+00        1.08761662841E+04
8.38800E+00        1.08622462502E+04
8.39400E+00        1.08483527335E+04
8.40000E+00        1.08344856673E+04
8.40600E+00        1.08206449851E+04
8.41200E+00        1.08068306204E+04
8.41800E+00        1.07930425072E+04
8.42400E+00        1.07792805796E+04
8.43000E+00        1.07655447718E+04
8.43600E+00        1.07518350182E+04
8.44200E+00        1.07381512536E+04
8.44800E+00        1.07244934129E+04
8.45400E+00        1.07108614311E+04
8.46000E+00        1.06972552436E+04
8.46600E+00        1.06836747857E+04
8.47200E+00        1.06701199933E+04
8.47800E+00        1.06565908021E+04
8.48400E+00        1.06430871483E+04
8.49000E+00        1.06296089682E+04
8.49600E+00        1.06161561982E+04
8.50200E+00        1.06027287750E+04
8.50800E+00        1.05893266355E+04
8.51400E+00        1.05759497167E+04
8.52000E+00        1.05625979559E+04
8.52600E+00        1.05492712905E+04
8.53200E+00        1.05359696583E+04
8.53800E+00        1.05226929970E+04
8.54400E+00        1.05094412446E+04
8.55000E+00        1.04962143394E+04
8.55600E+00        1.04830122198E+04
8.56200E+00        1.04698348243E+04
8.56800E+00        1.04566820918E+04
8.57400E+00        1.04435539613E+04
8.58000E+00        1.04304503718E+04
8.58600E+00        1.04173712628E+04
8.59200E+00        1.04043165737E+04
8.59800E+00        1.03912862443E+04
8.60400E+00        1.03782802145E+04
8.61000E+00        1.03652984243E+04
8.61600E+00        1.03523408141E+04
8.62200E+00        1.03394073243E+04
8.62800E+00        1.03264978954E+04
8.63400E+00        1.03136124684E+04
8.64000E+00        1.03007509842E+04
8.64600E+00        1.02879133839E+04
8.65200E+00        1.02750996090E+04
8.65800E+00        1.02623096010E+04
8.66400E+00        1.02495433015E+04
8.67000E+00        1.02368006524E+04
8.67600E+00        1.02240815959E+04
8.68200E+00        1.02113860740E+04
8.68800E+00        1.01987140294E+04
8.69400E+00        1.01860654044E+04
8.70000E+00        1.01734401420E+04
8.70600E+00        1.01608381850E+04
8.71200E+00        1.01482594765E+04
8.71800E+00        1.01357039598E+04
8.72400E+00        1.01231715783E+04
8.73000E+00        1.01106622758E+04
8.73600E+00        1.00981759958E+04
8.74200E+00        1.00857126825E+04
8.74800E+00        1.00732722800E+04
8.75400E+00        1.00608547324E+04
8.76000E+00        1.00484599844E+04
8.76600E+00        1.00360879805E+04
8.77200E+00        1.00237386656E+04
8.77800E+00        1.00114119845E+04
8.78400E+00        9.99910788242E+03
8.79000E+00        9.98682630466E+03
8.79600E+00        9.97456719668E+03
8.80200E+00        9.96233050409E+03
8.80800E+00        9.95011617266E+03
8.81400E+00        9.93792414836E+03
8.82000E+00        9.92575437728E+03
8.82600E+00        9.91360680569E+03
8.83200E+00        9.90148138003E+03
8.83800E+00        9.88937804688E+03
8.84400E+00        9.87729675300E+03
8.85000E+00        9.86523744529E+03
8.85600E+00        9.85320007082E+03
8.86200E+00        9.84118457682E+03
8.86800E+00        9.82919091066E+03
8.87400E+00        9.81721901989E+03
8.88000E+00        9.80526885220E+03
8.88600E+00        9.79334035544E+03
8.89200E+00        9.78143347762E+03
8.89800E+00        9.76954816690E+03
8.90400E+00        9.75768437159E+03
8.91000E+00        9.74584204016E+03
8.91600E+00        9.73402112123E+03
8.92200E+00        9.72222156358E+03
8.92800E+00        9.71044331613E+03
8.93400E+00        9.69868632795E+03
8.94000E+00        9.68695054827E+03
8.94600E+00        9.67523592648E+03
8.95200E+00        9.66354241210E+03
8.95800E+00        9.65186995479E+03
8.96400E+00        9.64021850440E+03
8.97000E+00        9.62858801089E+03
8.97600E+00        9.61697842439E+03
8.98200E+00        9.60538969515E+03
8.98800E+00        9.59382177360E+03
8.99400E+00        9.58227461030E+03
9.00000E+00        9.57074815595E+03
9.00600E+00        9.55924236140E+03
9.01200E+00        9.54775717765E+03
9.01800E+00        9.53629255584E+03
9.02400E+00        9.52484844725E+03
9.03000E+00        9.51342480331E+03
9.03600E+00        9.50202157559E+03
9.04200E+00        9.49063871580E+03
9.04800E+00        9.47927617579E+03
9.05400E+00        9.46793390756E+03
9.06000E+00        9.45661186324E+03
9.06600E+00        9.44530999509E+03
9.07200E+00        9.43402825555E+03
9.07800E+00        9.42276659716E+03
9.08400E+00        9.41152497261E+03
9.09000E+00        9.40030333473E+03
9.09600E+00        9.38910163649E+03
9.10200E+00        9.37791983099E+03
9.10800E+00        9.36675787148E+03
9.11400E+00        9.35561571134E+03
9.12000E+00        9.34449330407E+03
9.12600E+00        9.33339060332E+03
9.13200E+00        9.32230756288E+03
9.13800E+00        9.31124413667E+03
9.14400E+00        9.30020027874E+03
9.15000E+00        9.28917594327E+03
9.15600E+00        9.27817108458E+03
9.16200E+00        9.26718565713E+03
9.16800E+00        9.25621961549E+03
9.17400E+00        9.24527291438E+03
9.18000E+00        9.23434550864E+03
9.18600E+00        9.22343735325E+03
9.19200E+00        9.21254840332E+03
9.19800E+00        9.20167861409E+03
9.20400E+00        9.19082794091E+03
9.21000E+00        9.17999633929E+03
9.21600E+00        9.16918376485E+03
9.22200E+00        9.15839017333E+03
9.22800E+00        9.14761552062E+03
9.23400E+00        9.13685976272E+03
9.24000E+00        9.12612285577E+03
9.24600E+00        9.11540475602E+03
9.25200E+00        9.10470541985E+03
9.25800E+00        9.09402480379E+03
9.26400E+00        9.08336286446E+03
9.27000E+00        9.07271955862E+03
9.27600E+00        9.06209484316E+03
9.28200E+00        9.05148867508E+03
9.28800E+00        9.04090101152E+03
9.29400E+00        9.03033180972E+03
9.30000E+00        9.01978102707E+03
9.30600E+00        9.00924862106E+03
9.31200E+00        8.99873454932E+03
9.31800E+00        8.98823876958E+03
9.32400E+00        8.97776123970E+03
9.33000E+00        8.96730191767E+03
9.33600E+00        8.95686076159E+03
9.34200E+00        8.94643772968E+03
9.34800E+00        8.93603278028E+03
9.35400E+00        8.92564587186E+03
9.36000E+00        8.91527696298E+03
9.36600E+00        8.90492601235E+03
9.37200E+00        8.89459297878E+03
9.37800E+00        8.88427782120E+03
9.38400E+00        8.87398049865E+03
9.39000E+00        8.86370097030E+03
9.39600E+00        8.85343919544E+03
9.40200E+00        8.84319513345E+03
9.40800E+00        8.83296874384E+03
9.41400E+00        8.82275998625E+03
9.42000E+00        8.81256882041E+03
9.42600E+00        8.80239520618E+03
9.43200E+00        8.79223910351E+03
9.43800E+00        8.78210047250E+03
9.44400E+00        8.77197927334E+03
9.45000E+00        8.76187546633E+03
9.45600E+00        8.75178901188E+03
9.46200E+00        8.74171987054E+03
9.46800E+00        8.73166800295E+03
9.47400E+00        8.72163336984E+03
9.48000E+00        8.71161593210E+03
9.48600E+00        8.70161565068E+03
9.49200E+00        8.69163248668E+03
9.49800E+00        8.68166640128E+03
9.50400E+00        8.67171735579E+03
9.51000E+00        8.66178531162E+03
9.51600E+00        8.65187023029E+03
9.52200E+00        8.64197207342E+03
9.52800E+00        8.63209080275E+03
9.53400E+00        8.62222638012E+03
9.54000E+00        8.61237876749E+03
9.54600E+00        8.60254792689E+03
9.55200E+00        8.59273382051E+03
9.55800E+00        8.58293641060E+03
9.56400E+00        8.57315565954E+03
9.57000E+00        8.56339152981E+03
9.57600E+00        8.55364398398E+03
9.58200E+00        8.54391298476E+03
9.58800E+00        8.53419849493E+03
9.59400E+00        8.52450047738E+03
9.60000E+00        8.51481889512E+03
9.60600E+00        8.50515371125E+03
9.61200E+00        8.49550488898E+03
9.61800E+00        8.48587239161E+03
9.62400E+00        8.47625618254E+03
9.63000E+00        8.46665622531E+03
9.63600E+00        8.45707248351E+03
9.64200E+00        8.44750492086E+03
9.64800E+00        8.43795350117E+03
9.65400E+00        8.42841818837E+03
9.66000E+00        8.41889894646E+03
9.66600E+00        8.40939573957E+03
9.67200E+00        8.39990853191E+03
9.67800E+00        8.39043728778E+03
9.68400E+00        8.38098197161E+03
9.69000E+00        8.37154254790E+03
9.69600E+00        8.36211898126E+03
9.70200E+00        8.35271123641E+03
9.70800E+00        8.34331927814E+03
9.71400E+00        8.33394307136E+03
9.72000E+00        8.32458258106E+03
9.72600E+00        8.31523777235E+03
9.73200E+00        8.30590861040E+03
9.73800E+00        8.29659506051E+03
9.74400E+00        8.28729708807E+03
9.75000E+00        8.27801465854E+03
9.75600E+00        8.26874773751E+03
9.76200E+00        8.25949629064E+03
9.76800E+00        8.25026028369E+03
9.77400E+00        8.24103968251E+03
9.78000E+00        8.23183445307E+03
9.78600E+00        8.22264456139E+03
9.79200E+00        8.21346997363E+03
9.79800E+00        8.20431065599E+03
9.80400E+00        8.19516657482E+03
9.81000E+00        8.18603769652E+03
9.81600E+00        8.17692398759E+03
9.82200E+00        8.16782541464E+03
9.82800E+00        8.15874194436E+03
9.83400E+00        8.14967354351E+03
9.84000E+00        8.14062017898E+03
9.84600E+00        8.13158181772E+03
9.85200E+00        8.12255842678E+03
9.85800E+00        8.11354997331E+03
9.86400E+00        8.10455642454E+03
9.87000E+00        8.09557774778E+03
9.87600E+00        8.08661391044E+03
9.88200E+00        8.07766488003E+03
9.88800E+00        8.06873062412E+03
9.89400E+00        8.05981111038E+03
9.90000E+00        8.05090630659E+03
9.90600E+00        8.04201618059E+03
9.91200E+00        8.03314070031E+03
9.91800E+00        8.02427983378E+03
9.92400E+00        8.01543354912E+03
9.93000E+00        8.00660181450E+03
9.93600E+00        7.99778459822E+03
9.94200E+00        7.98898186865E+03
9.94800E+00        7.98019359424E+03
9.95400E+00        7.97141974352E+03
9.96000E+00        7.96266028512E+03
9.96600E+00        7.95391518776E+03
9.97200E+00        7.94518442022E+03
9.97800E+00        7.93646795138E+03
9.98400E+00        7.92776575021E+03
9.99000E+00        7.91907778574E+03
9.99600E+00        7.91040402711E+03
1.00020E+01        7.90174444352E+03
1.00080E+01        7.89309900428E+03
1.00140E+01        7.88446767876E+03
1.00200E+01        7.87585043641E+03
1.00260E+01        7.86724724679E+03
1.00320E+01        7.85865807951E+03
1.00380E+01        7.85008290428E+03
1.00440E+01        7.84152169088E+03
1.00500E+01        7.83297440918E+03
1.00560E+01        7.82444102913E+03
1.00620E+01        7.81592152076E+03
1.00680E+01        7.80741585417E+03
1.00740E+01        7.79892399956E+03
1.00800E+01        7.79044592719E+03
1.00860E+01        7.78198160741E+03
1.00920E+01        7.77353101065E+03
1.00980E+01        7.76509410741E+03
1.01040E+01        7.75667086828E+03
1.01100E+01        7.74826126393E+03
1.01160E+01        7.73986526508E+03
1.01220E+01        7.73148284257E+03
1.01280E+01        7.72311396728E+03
1.01340E+01        7.71475861020E+03
1.01400E+01        7.70641674237E+03
1.01460E+01        7.69808833493E+03
1.01520E+01        7.68977335908E+03
1.01580E+01        7.68147178610E+03
1.01640E+01        7.67318358735E+03
1.01700E+01        7.66490873427E+03
1.01760E+01        7.65664719836E+03
1.01820E+01        7.64839895121E+03
1.01880E+01        7.64016396448E+03
1.01940E+01        7.63194220991E+03
1.02000E+01        7.62373365931E+03
1.02060E+01        7.61553828456E+03
1.02120E+01        7.60735605763E+03
1.02180E+01        7.59918695054E+03
1.02240E+01        7.59103093541E+03
1.02300E+01        7.58288798442E+03
1.02360E+01        7.57475806981E+03
1.02420E+01        7.56664116393E+03
1.02480E+01        7.55853723917E+03
1.02540E+01        7.55044626800E+03
1.02600E+01        7.54236822298E+03
1.02660E+01        7.53430307671E+03
1.02720E+01        7.52625080190E+03
1.02780E+01        7.51821137130E+03
1.02840E+01        7.51018475774E+03
1.02900E+01        7.50217093414E+03
1.02960E+01        7.49416987347E+03
1.03020E+01        7.48618154877E+03
1.03080E+01        7.47820593317E+03
1.03140E+01        7.47024299985E+03
1.03200E+01        7.46229272207E+03
1.03260E+01        7.45435507317E+03
1.03320E+01        7.44643002654E+03
1.03380E+01        7.43851755564E+03
1.03440E+01        7.43061763403E+03
1.03500E+01        7.42273023529E+03
1.03560E+01        7.41485533312E+03
1.03620E+01        7.40699290125E+03
1.03680E+01        7.39914291350E+03
1.03740E+01        7.39130534375E+03
1.03800E+01        7.38348016595E+03
1.03860E+01        7.37566735411E+03
1.03920E+01        7.36786688233E+03
1.03980E+01        7.36007872476E+03
1.04040E+01        7.35230285560E+03
1.04100E+01        7.34453924916E+03
1.04160E+01        7.33678787979E+03
1.04220E+01        7.32904872191E+03
1.04280E+01        7.32132175000E+03
1.04340E+01        7.31360693861E+03
1.04400E+01        7.30590426237E+03
1.04460E+01        7.29821369597E+03
1.04520E+01        7.29053521414E+03
1.04580E+01        7.28286879172E+03
1.04640E+01        7.27521440357E+03
1.04700E+01        7.26757202466E+03
1.04760E+01        7.25994162998E+03
1.04820E+01        7.25232319461E+03
1.04880E+01        7.24471669369E+03
1.04940E+01        7.23712210244E+03
1.05000E+01        7.22953939611E+03
1.05060E+01        7.22196855004E+03
1.05120E+01        7.21440953962E+03
1.05180E+01        7.20686234032E+03
1.05240E+01        7.19932692765E+03
1.05300E+01        7.19180327721E+03
1.05360E+01        7.18429136464E+03
1.05420E+01        7.17679116565E+03
1.05480E+01        7.16930265601E+03
1.05540E+01        7.16182581156E+03
1.05600E+01        7.15436060821E+03
1.05660E+01        7.14690702190E+03
1.05720E+01        7.13946502866E+03
1.05780E+01        7.13203460458E+03
1.05840E+01        7.12461572579E+03
1.05900E+01        7.11720836850E+03
1.05960E+01        7.10981250899E+03
1.06020E+01        7.10242812357E+03
1.06080E+01        7.09505518863E+03
1.06140E+01        7.08769368063E+03
1.06200E+01        7.08034357607E+03
1.06260E+01        7.07300485152E+03
1.06320E+01        7.06567748360E+03
1.06380E+01        7.05836144901E+03
1.06440E+01        7.05105672449E+03
1.06500E+01        7.04376328684E+03
1.06560E+01        7.03648111295E+03
1.06620E+01        7.02921017972E+03
1.06680E+01        7.02195046414E+03
1.06740E+01        7.01470194326E+03
1.06800E+01        7.00746459418E+03
1.06860E+01        7.00023839404E+03
1.06920E+01        6.99302332008E+03
1.06980E+01        6.98581934956E+03
1.07040E+01        6.97862645982E+03
1.07100E+01        6.97144462825E+03
1.07160E+01        6.96427383229E+03
1.07220E+01        6.95711404944E+03
1.07280E+01        6.94996525728E+03
1.07340E+01        6.94282743341E+03
1.07400E+01        6.93570055552E+03
1.07460E+01        6.92858460133E+03
1.07520E+01        6.92147954863E+03
1.07580E+01        6.91438537526E+03
1.07640E+01        6.90730205913E+03
1.07700E+01        6.90022957819E+03
1.07760E+01        6.89316791045E+03
1.07820E+01        6.88611703397E+03
1.07880E+01        6.87907692689E+03
1.07940E+01        6.87204756737E+03
1.08000E+01        6.86502893365E+03
1.08060E+01        6.85802100402E+03
1.08120E+01        6.85102375681E+03
1.08180E+01        6.84403717042E+03
1.08240E+01        6.83706122331E+03
1.08300E+01        6.83009589397E+03
1.08360E+01        6.82314116097E+03
1.08420E+01        6.81619700292E+03
1.08480E+01        6.80926339848E+03
1.08540E+01        6.80234032637E+03
1.08600E+01        6.79542776537E+03
1.08660E+01        6.78852569430E+03
1.08720E+01        6.78163409204E+03
1.08780E+01        6.77475293752E+03
1.08840E+01        6.76788220973E+03
1.08900E+01        6.76102188771E+03
1.08960E+01        6.75417195053E+03
1.09020E+01        6.74733237736E+03
1.09080E+01        6.74050314737E+03
1.09140E+01        6.73368423981E+03
1.09200E+01        6.72687563399E+03
1.09260E+01        6.72007730925E+03
1.09320E+01        6.71328924500E+03
1.09380E+01        6.70651142067E+03
1.09440E+01        6.69974381579E+03
1.09500E+01        6.69298640989E+03
1.09560E+01        6.68623918259E+03
1.09620E+01        6.67950211354E+03
1.09680E+01        6.67277518245E+03
1.09740E+01        6.66605836908E+03
1.09800E+01        6.65935165322E+03
1.09860E+01        6.65265501475E+03
1.09920E+01        6.64596843356E+03
1.09980E+01        6.63929188961E+03
1.10040E+01        6.63262536292E+03
1.10100E+01        6.62596883352E+03
1.10160E+01        6.61932228154E+03
1.10220E+01        6.61268568712E+03
1.10280E+01        6.60605903047E+03
1.10340E+01        6.59944229184E+03
1.10400E+01        6.59283545153E+03
1.10460E+01        6.58623848990E+03
1.10520E+01        6.57965138734E+03
1.10580E+01        6.57307412429E+03
1.10640E+01        6.56650668126E+03
1.10700E+01        6.55994903878E+03
1.10760E+01        6.55340117745E+03
1.10820E+01        6.54686307791E+03
1.10880E+01        6.54033472084E+03
1.10940E+01        6.53381608697E+03
1.11000E+01        6.52730715710E+03
1.11060E+01        6.52080791204E+03
1.11120E+01        6.51431833267E+03
1.11180E+01        6.50783839993E+03
1.11240E+01        6.50136809476E+03
1.11300E+01        6.49490739820E+03
1.11360E+01        6.48845629130E+03
1.11420E+01        6.48201475518E+03
1.11480E+01        6.47558277098E+03
1.11540E+01        6.46916031992E+03
1.11600E+01        6.46274738324E+03
1.11660E+01        6.45634394222E+03
1.11720E+01        6.44994997822E+03
1.11780E+01        6.44356547262E+03
1.11840E+01        6.43719040684E+03
1.11900E+01        6.43082476237E+03
1.11960E+01        6.42446852072E+03
1.12020E+01        6.41812166346E+03
1.12080E+01        6.41178417220E+03
1.12140E+01        6.40545602859E+03
1.12200E+01        6.39913721435E+03
1.12260E+01        6.39282771120E+03
1.12320E+01        6.38652750095E+03
1.12380E+01        6.38023656542E+03
1.12440E+01        6.37395488649E+03
1.12500E+01        6.36768244609E+03
1.12560E+01        6.36141922618E+03
1.12620E+01        6.35516520877E+03
1.12680E+01        6.34892037591E+03
1.12740E+01        6.34268470971E+03
1.12800E+01        6.33645819229E+03
1.12860E+01        6.33024080585E+03
1.12920E+01        6.32403253261E+03
1.12980E+01        6.31783335484E+03
1.13040E+01        6.31164325486E+03
1.13100E+01        6.30546221501E+03
1.13160E+01        6.29929021770E+03
1.13220E+01        6.29312724537E+03
1.13280E+01        6.28697328050E+03
1.13340E+01        6.28082830561E+03
1.13400E+01        6.27469230328E+03
1.13460E+01        6.26856525610E+03
1.13520E+01        6.26244714675E+03
1.13580E+01        6.25633795790E+03
1.13640E+01        6.25023767229E+03
1.13700E+01        6.24414627270E+03
1.13760E+01        6.23806374195E+03
1.13820E+01        6.23199006289E+03
1.13880E+01        6.22592521843E+03
1.13940E+01        6.21986919151E+03
1.14000E+01        6.21382196510E+03
1.14060E+01        6.20778352224E+03
1.14120E+01        6.20175384599E+03
1.14180E+01        6.19573291946E+03
1.14240E+01        6.18972072578E+03
1.14300E+01        6.18371724814E+03
1.14360E+01        6.17772246977E+03
1.14420E+01        6.17173637394E+03
1.14480E+01        6.16575894395E+03
1.14540E+01        6.15979016315E+03
1.14600E+01        6.15383001492E+03
1.14660E+01        6.14787848269E+03
1.14720E+01        6.14193554992E+03
1.14780E+01        6.13600120012E+03
1.14840E+01        6.13007541684E+03
1.14900E+01        6.12415818365E+03
1.14960E+01        6.11824948418E+03
1.15020E+01        6.11234930209E+03
1.15080E+01        6.10645762108E+03
1.15140E+01        6.10057442489E+03
1.15200E+01        6.09469969729E+03
1.15260E+01        6.08883342211E+03
1.15320E+01        6.08297558320E+03
1.15380E+01        6.07712616445E+03
1.15440E+01        6.07128514979E+03
1.15500E+01        6.06545252320E+03
1.15560E+01        6.05962826867E+03
1.15620E+01        6.05381237026E+03
1.15680E+01        6.04800481205E+03
1.15740E+01        6.04220557816E+03
1.15800E+01        6.03641465275E+03
1.15860E+01        6.03063202002E+03
1.15920E+01        6.02485766419E+03
1.15980E+01        6.01909156955E+03
1.16040E+01        6.01333372039E+03
1.16100E+01        6.00758410107E+03
1.16160E+01        6.00184269597E+03
1.16220E+01        5.99610948950E+03
1.16280E+01        5.99038446612E+03
1.16340E+01        5.98466761032E+03
1.16400E+01        5.97895890664E+03
1.16460E+01        5.97325833963E+03
1.16520E+01        5.96756589391E+03
1.16580E+01        5.96188155410E+03
1.16640E+01        5.95620530489E+03
1.16700E+01        5.95053713098E+03
1.16760E+01        5.94487701711E+03
1.16820E+01        5.93922494809E+03
1.16880E+01        5.93358090871E+03
1.16940E+01        5.92794488383E+03
1.17000E+01        5.92231685834E+03
1.17060E+01        5.91669681718E+03
1.17120E+01        5.91108474529E+03
1.17180E+01        5.90548062767E+03
1.17240E+01        5.89988444935E+03
1.17300E+01        5.89429619541E+03
1.17360E+01        5.88871585093E+03
1.17420E+01        5.88314340105E+03
1.17480E+01        5.87757883095E+03
1.17540E+01        5.87202212582E+03
1.17600E+01        5.86647327092E+03
1.17660E+01        5.86093225150E+03
1.17720E+01        5.85539905289E+03
1.17780E+01        5.84987366041E+03
1.17840E+01        5.84435605946E+03
1.17900E+01        5.83884623543E+03
1.17960E+01        5.83334417377E+03
1.18020E+01        5.82784985997E+03
1.18080E+01        5.82236327953E+03
1.18140E+01        5.81688441800E+03
1.18200E+01        5.81141326097E+03
1.18260E+01        5.80594979403E+03
1.18320E+01        5.80049400285E+03
1.18380E+01        5.79504587309E+03
1.18440E+01        5.78960539048E+03
1.18500E+01        5.78417254075E+03
1.18560E+01        5.77874730970E+03
1.18620E+01        5.77332968313E+03
1.18680E+01        5.76791964688E+03
1.18740E+01        5.76251718684E+03
1.18800E+01        5.75712228891E+03
1.18860E+01        5.75173493904E+03
1.18920E+01        5.74635512320E+03
1.18980E+01        5.74098282741E+03
1.19040E+01        5.73561803770E+03
1.19100E+01        5.73026074015E+03
1.19160E+01        5.72491092086E+03
1.19220E+01        5.71956856596E+03
1.19280E+01        5.71423366164E+03
1.19340E+01        5.70890619408E+03
1.19400E+01        5.70358614952E+03
1.19460E+01        5.69827351423E+03
1.19520E+01        5.69296827450E+03
1.19580E+01        5.68767041666E+03
1.19640E+01        5.68237992707E+03
1.19700E+01        5.67709679212E+03
1.19760E+01        5.67182099823E+03
1.19820E+01        5.66655253186E+03
1.19880E+01        5.66129137948E+03
1.19940E+01        5.65603752762E+03
1.20000E+01        5.65079096281E+03
1.20060E+01        5.64555167164E+03
1.20120E+01        5.64031964072E+03
1.20180E+01        5.63509485668E+03
1.20240E+01        5.62987730619E+03
1.20300E+01        5.62466697595E+03
1.20360E+01        5.61946385270E+03
1.20420E+01        5.61426792318E+03
1.20480E+01        5.60907917420E+03
1.20540E+01        5.60389759257E+03
1.20600E+01        5.59872316514E+03
1.20660E+01        5.59355587880E+03
1.20720E+01        5.58839572045E+03
1.20780E+01        5.58324267705E+03
1.20840E+01        5.57809673554E+03
1.20900E+01        5.57295788295E+03
1.20960E+01        5.56782610629E+03
1.21020E+01        5.56270139263E+03
1.21080E+01        5.55758372905E+03
1.21140E+01        5.55247310268E+03
1.21200E+01        5.54736950066E+03
1.21260E+01        5.54227291016E+03
1.21320E+01        5.53718331840E+03
1.21380E+01        5.53210071261E+03
1.21440E+01        5.52702508005E+03
1.21500E+01        5.52195640802E+03
1.21560E+01        5.51689468383E+03
1.21620E+01        5.51183989484E+03
1.21680E+01        5.50679202843E+03
1.21740E+01        5.50175107200E+03
1.21800E+01        5.49671701299E+03
1.21860E+01        5.49168983886E+03
1.21920E+01        5.48666953712E+03
1.21980E+01        5.48165609527E+03
1.22040E+01        5.47664950087E+03
1.22100E+01        5.47164974149E+03
1.22160E+01        5.46665680475E+03
1.22220E+01        5.46167067827E+03
1.22280E+01        5.45669134972E+03
1.22340E+01        5.45171880679E+03
1.22400E+01        5.44675303718E+03
1.22460E+01        5.44179402866E+03
1.22520E+01        5.43684176899E+03
1.22580E+01        5.43189624596E+03
1.22640E+01        5.42695744741E+03
1.22700E+01        5.42202536120E+03
1.22760E+01        5.41709997520E+03
1.22820E+01        5.41218127732E+03
1.22880E+01        5.40726925550E+03
1.22940E+01        5.40236389771E+03
1.23000E+01        5.39746519193E+03
1.23060E+01        5.39257312618E+03
1.23120E+01        5.38768768851E+03
1.23180E+01        5.38280886698E+03
1.23240E+01        5.37793664970E+03
1.23300E+01        5.37307102479E+03
1.23360E+01        5.36821198039E+03
1.23420E+01        5.36335950470E+03
1.23480E+01        5.35851358591E+03
1.23540E+01        5.35367421225E+03
1.23600E+01        5.34884137197E+03
1.23660E+01        5.34401505338E+03
1.23720E+01        5.33919524476E+03
1.23780E+01        5.33438193446E+03
1.23840E+01        5.32957511083E+03
1.23900E+01        5.32477476228E+03
1.23960E+01        5.31998087720E+03
1.24020E+01        5.31519344403E+03
1.24080E+01        5.31041245125E+03
1.24140E+01        5.30563788734E+03
1.24200E+01        5.30086974082E+03
1.24260E+01        5.29610800023E+03
1.24320E+01        5.29135265413E+03
1.24380E+01        5.28660369112E+03
1.24440E+01        5.28186109982E+03
1.24500E+01        5.27712486887E+03
1.24560E+01        5.27239498693E+03
1.24620E+01        5.26767144271E+03
1.24680E+01        5.26295422491E+03
1.24740E+01        5.25824332229E+03
1.24800E+01        5.25353872361E+03
1.24860E+01        5.24884041766E+03
1.24920E+01        5.24414839326E+03
1.24980E+01        5.23946263926E+03
1.25040E+01        5.23478314452E+03
1.25100E+01        5.23010989793E+03
1.25160E+01        5.22544288842E+03
1.25220E+01        5.22078210491E+03
1.25280E+01        5.21612753638E+03
1.25340E+01        5.21147917182E+03
1.25400E+01        5.20683700024E+03
1.25460E+01        5.20220101068E+03
1.25520E+01        5.19757119220E+03
1.25580E+01        5.19294753389E+03
1.25640E+01        5.18833002486E+03
1.25700E+01        5.18371865424E+03
1.25760E+01        5.17911341119E+03
1.25820E+01        5.17451428490E+03
1.25880E+01        5.16992126457E+03
1.25940E+01        5.16533433942E+03
1.26000E+01        5.16075349872E+03
1.26060E+01        5.15617873175E+03
1.26120E+01        5.15161002779E+03
1.26180E+01        5.14704737617E+03
1.26240E+01        5.14249076625E+03
1.26300E+01        5.13794018740E+03
1.26360E+01        5.13339562900E+03
1.26420E+01        5.12885708047E+03
1.26480E+01        5.12432453126E+03
1.26540E+01        5.11979797083E+03
1.26600E+01        5.11527738866E+03
1.26660E+01        5.11076277427E+03
1.26720E+01        5.10625411719E+03
1.26780E+01        5.10175140697E+03
1.26840E+01        5.09725463319E+03
1.26900E+01        5.09276378545E+03
1.26960E+01        5.08827885338E+03
1.27020E+01        5.08379982662E+03
1.27080E+01        5.07932669484E+03
1.27140E+01        5.07485944773E+03
1.27200E+01        5.07039807501E+03
1.27260E+01        5.06594256641E+03
1.27320E+01        5.06149291169E+03
1.27380E+01        5.05704910063E+03
1.27440E+01        5.05261112304E+03
1.27500E+01        5.04817896873E+03
1.27560E+01        5.04375262757E+03
1.27620E+01        5.03933208940E+03
1.27680E+01        5.03491734414E+03
1.27740E+01        5.03050838168E+03
1.27800E+01        5.02610519197E+03
1.27860E+01        5.02170776496E+03
1.27920E+01        5.01731609064E+03
1.27980E+01        5.01293015899E+03
1.28040E+01        5.00854996005E+03
1.28100E+01        5.00417548385E+03
1.28160E+01        4.99980672047E+03
1.28220E+01        4.99544365998E+03
1.28280E+01        4.99108629250E+03
1.28340E+01        4.98673460816E+03
1.28400E+01        4.98238859710E+03
1.28460E+01        4.97804824951E+03
1.28520E+01        4.97371355556E+03
1.28580E+01        4.96938450548E+03
1.28640E+01        4.96506108950E+03
1.28700E+01        4.96074329788E+03
1.28760E+01        4.95643112089E+03
1.28820E+01        4.95212454884E+03
1.28880E+01        4.94782357204E+03
1.28940E+01        4.94352818083E+03
1.29000E+01        4.93923836558E+03
1.29060E+01        4.93495411666E+03
1.29120E+01        4.93067542448E+03
1.29180E+01        4.92640227946E+03
1.29240E+01        4.92213467204E+03
1.29300E+01        4.91787259269E+03
1.29360E+01        4.91361603190E+03
1.29420E+01        4.90936498016E+03
1.29480E+01        4.90511942800E+03
1.29540E+01        4.90087936597E+03
1.29600E+01        4.89664478463E+03
1.29660E+01        4.89241567457E+03
1.29720E+01        4.88819202639E+03
1.29780E+01        4.88397383072E+03
1.29840E+01        4.87976107822E+03
1.29900E+01        4.87555375953E+03
1.29960E+01        4.87135186535E+03
1.30020E+01        4.86715538639E+03
1.30080E+01        4.86296431337E+03
1.30140E+01        4.85877863703E+03
1.30200E+01        4.85459834814E+03
1.30260E+01        4.85042343749E+03
1.30320E+01        4.84625389588E+03
1.30380E+01        4.84208971414E+03
1.30440E+01        4.83793088310E+03
1.30500E+01        4.83377739364E+03
1.30560E+01        4.82962923662E+03
1.30620E+01        4.82548640297E+03
1.30680E+01        4.82134888359E+03
1.30740E+01        4.81721666943E+03
1.30800E+01        4.81308975145E+03
1.30860E+01        4.80896812062E+03
1.30920E+01        4.80485176795E+03
1.30980E+01        4.80074068445E+03
1.31040E+01        4.79663486116E+03
1.31100E+01        4.79253428913E+03
1.31160E+01        4.78843895945E+03
1.31220E+01        4.78434886319E+03
1.31280E+01        4.78026399147E+03
1.31340E+01        4.77618433543E+03
1.31400E+01        4.77210988621E+03
1.31460E+01        4.76804063498E+03
1.31520E+01        4.76397657294E+03
1.31580E+01        4.75991769127E+03
1.31640E+01        4.75586398121E+03
1.31700E+01        4.75181543401E+03
1.31760E+01        4.74777204091E+03
1.31820E+01        4.74373379321E+03
1.31880E+01        4.73970068219E+03
1.31940E+01        4.73567269918E+03
1.32000E+01        4.73164983551E+03
1.32060E+01        4.72763208253E+03
1.32120E+01        4.72361943162E+03
1.32180E+01        4.71961187416E+03
1.32240E+01        4.71560940155E+03
1.32300E+01        4.71161200523E+03
1.32360E+01        4.70761967664E+03
1.32420E+01        4.70363240724E+03
1.32480E+01        4.69965018851E+03
1.32540E+01        4.69567301194E+03
1.32600E+01        4.69170086905E+03
1.32660E+01        4.68773375137E+03
1.32720E+01        4.68377165046E+03
1.32780E+01        4.67981455788E+03
1.32840E+01        4.67586246521E+03
1.32900E+01        4.67191536407E+03
1.32960E+01        4.66797324606E+03
1.33020E+01        4.66403610284E+03
1.33080E+01        4.66010392605E+03
1.33140E+01        4.65617670737E+03
1.33200E+01        4.65225443849E+03
1.33260E+01        4.64833711111E+03
1.33320E+01        4.64442471697E+03
1.33380E+01        4.64051724780E+03
1.33440E+01        4.63661469537E+03
1.33500E+01        4.63271705146E+03
1.33560E+01        4.62882430784E+03
1.33620E+01        4.62493645635E+03
1.33680E+01        4.62105348880E+03
1.33740E+01        4.61717539704E+03
1.33800E+01        4.61330217294E+03
1.33860E+01        4.60943380837E+03
1.33920E+01        4.60557029523E+03
1.33980E+01        4.60171162543E+03
1.34040E+01        4.59785779090E+03
1.34100E+01        4.59400878359E+03
1.34160E+01        4.59016459546E+03
1.34220E+01        4.58632521849E+03
1.34280E+01        4.58249064468E+03
1.34340E+01        4.57866086604E+03
1.34400E+01        4.57483587460E+03
1.34460E+01        4.57101566240E+03
1.34520E+01        4.56720022151E+03
1.34580E+01        4.56338954401E+03
1.34640E+01        4.55958362200E+03
1.34700E+01        4.55578244757E+03
1.34760E+01        4.55198601288E+03
1.34820E+01        4.54819431004E+03
1.34880E+01        4.54440733124E+03
1.34940E+01        4.54062506863E+03
1.35000E+01        4.53684751443E+03
1.35060E+01        4.53307466083E+03
1.35120E+01        4.52930650006E+03
1.35180E+01        4.52554302437E+03
1.35240E+01        4.52178422600E+03
1.35300E+01        4.51803009723E+03
1.35360E+01        4.51428063035E+03
1.35420E+01        4.51053581767E+03
1.35480E+01        4.50679565151E+03
1.35540E+01        4.50306012419E+03
1.35600E+01        4.49932922808E+03
1.35660E+01        4.49560295554E+03
1.35720E+01        4.49188129896E+03
1.35780E+01        4.48816425073E+03
1.35840E+01        4.48445180327E+03
1.35900E+01        4.48074394901E+03
1.35960E+01        4.47704068039E+03
1.36020E+01        4.47334198988E+03
1.36080E+01        4.46964786996E+03
1.36140E+01        4.46595831310E+03
1.36200E+01        4.46227331183E+03
1.36260E+01        4.45859285867E+03
1.36320E+01        4.45491694614E+03
1.36380E+01        4.45124556681E+03
1.36440E+01        4.44757871325E+03
1.36500E+01        4.44391637804E+03
1.36560E+01        4.44025855377E+03
1.36620E+01        4.43660523307E+03
1.36680E+01        4.43295640855E+03
1.36740E+01        4.42931207287E+03
1.36800E+01        4.42567221868E+03
1.36860E+01        4.42203683866E+03
1.36920E+01        4.41840592550E+03
1.36980E+01        4.41477947189E+03
1.37040E+01        4.41115747056E+03
1.37100E+01        4.40753991425E+03
1.37160E+01        4.40392679570E+03
1.37220E+01        4.40031810767E+03
1.37280E+01        4.39671384294E+03
1.37340E+01        4.39311399430E+03
1.37400E+01        4.38951855456E+03
1.37460E+01        4.38592751655E+03
1.37520E+01        4.38234087309E+03
1.37580E+01        4.37875861705E+03
1.37640E+01        4.37518074127E+03
1.37700E+01        4.37160723865E+03
1.37760E+01        4.36803810208E+03
1.37820E+01        4.36447332446E+03
1.37880E+01        4.36091289873E+03
1.37940E+01        4.35735681780E+03
1.38000E+01        4.35380507465E+03
1.38060E+01        4.35025766223E+03
1.38120E+01        4.34671457352E+03
1.38180E+01        4.34317580152E+03
1.38240E+01        4.33964133923E+03
1.38300E+01        4.33611117968E+03
1.38360E+01        4.33258531590E+03
1.38420E+01        4.32906374095E+03
1.38480E+01        4.32554644789E+03
1.38540E+01        4.32203342979E+03
1.38600E+01        4.31852467975E+03
1.38660E+01        4.31502019088E+03
1.38720E+01        4.31151995629E+03
1.38780E+01        4.30802396913E+03
1.38840E+01        4.30453222253E+03
1.38900E+01        4.30104470966E+03
1.38960E+01        4.29756142369E+03
1.39020E+01        4.29408235782E+03
1.39080E+01        4.29060750524E+03
1.39140E+01        4.28713685917E+03
1.39200E+01        4.28367041285E+03
1.39260E+01        4.28020815951E+03
1.39320E+01        4.27675009242E+03
1.39380E+01        4.27329620483E+03
1.39440E+01        4.26984649005E+03
1.39500E+01        4.26640094136E+03
1.39560E+01        4.26295955207E+03
1.39620E+01        4.25952231552E+03
1.39680E+01        4.25608922503E+03
1.39740E+01        4.25266027396E+03
1.39800E+01        4.24923545568E+03
1.39860E+01        4.24581476355E+03
1.39920E+01        4.24239819097E+03
1.39980E+01        4.23898573136E+03
1.40040E+01        4.23557737811E+03
