# %ECSV 0.9
# ---
# datatype:
# - {name: wavelength, unit: micron, datatype: float64}
# - {name: flux, unit: microJansky, datatype: float64}
# schema: astropy-2.0
#
#
#  - - File generated by ExoNoodle - -
#         V1.0.0 - MML (CEA-Saclay)
#       2021-02-26 14:01:48.325215
wavelength flux 
3.00000E+00        5.69760216412E+04
3.00600E+00        5.68217084705E+04
3.01200E+00        5.66679545924E+04
3.01800E+00        5.65147578997E+04
3.02400E+00        5.63621162877E+04
3.03000E+00        5.62100276547E+04
3.03600E+00        5.60584899019E+04
3.04200E+00        5.59075009334E+04
3.04800E+00        5.57570586566E+04
3.05400E+00        5.56071609821E+04
3.06000E+00        5.54578058241E+04
3.06600E+00        5.53089911000E+04
3.07200E+00        5.51607147310E+04
3.07800E+00        5.50129746420E+04
3.08400E+00        5.48657687618E+04
3.09000E+00        5.47190950230E+04
3.09600E+00        5.45729513623E+04
3.10200E+00        5.44273357206E+04
3.10800E+00        5.42822460428E+04
3.11400E+00        5.41376802782E+04
3.12000E+00        5.39936363808E+04
3.12600E+00        5.38501123085E+04
3.13200E+00        5.37071060241E+04
3.13800E+00        5.35646154952E+04
3.14400E+00        5.34226386937E+04
3.15000E+00        5.32811735966E+04
3.15600E+00        5.31402181856E+04
3.16200E+00        5.29997704474E+04
3.16800E+00        5.28598283737E+04
3.17400E+00        5.27203899613E+04
3.18000E+00        5.25814532121E+04
3.18600E+00        5.24430161331E+04
3.19200E+00        5.23050767368E+04
3.19800E+00        5.21676330406E+04
3.20400E+00        5.20306830678E+04
3.21000E+00        5.18942248467E+04
3.21600E+00        5.17582564112E+04
3.22200E+00        5.16227758008E+04
3.22800E+00        5.14877810605E+04
3.23400E+00        5.13532702410E+04
3.24000E+00        5.12192413986E+04
3.24600E+00        5.10856925954E+04
3.25200E+00        5.09526218990E+04
3.25800E+00        5.08200273832E+04
3.26400E+00        5.06879071273E+04
3.27000E+00        5.05562592167E+04
3.27600E+00        5.04250817425E+04
3.28200E+00        5.02943728019E+04
3.28800E+00        5.01641304981E+04
3.29400E+00        5.00343529401E+04
3.30000E+00        4.99050382434E+04
3.30600E+00        4.97761845289E+04
3.31200E+00        4.96477899243E+04
3.31800E+00        4.95198525629E+04
3.32400E+00        4.93923705844E+04
3.33000E+00        4.92653421347E+04
3.33600E+00        4.91387653658E+04
3.34200E+00        4.90126384360E+04
3.34800E+00        4.88869595097E+04
3.35400E+00        4.87617267578E+04
3.36000E+00        4.86369383574E+04
3.36600E+00        4.85125924917E+04
3.37200E+00        4.83886873506E+04
3.37800E+00        4.82652211300E+04
3.38400E+00        4.81421920323E+04
3.39000E+00        4.80195982662E+04
3.39600E+00        4.78974380469E+04
3.40200E+00        4.77757095960E+04
3.40800E+00        4.76544111413E+04
3.41400E+00        4.75335409171E+04
3.42000E+00        4.74130971642E+04
3.42600E+00        4.72930781298E+04
3.43200E+00        4.71734820676E+04
3.43800E+00        4.70543072376E+04
3.44400E+00        4.69355519062E+04
3.45000E+00        4.68172143466E+04
3.45600E+00        4.66992928381E+04
3.46200E+00        4.65817856667E+04
3.46800E+00        4.64646911247E+04
3.47400E+00        4.63480075110E+04
3.48000E+00        4.62317331308E+04
3.48600E+00        4.61158662961E+04
3.49200E+00        4.60004053251E+04
3.49800E+00        4.58853485425E+04
3.50400E+00        4.57706942795E+04
3.51000E+00        4.56564408739E+04
3.51600E+00        4.55425866699E+04
3.52200E+00        4.54291300180E+04
3.52800E+00        4.53160692754E+04
3.53400E+00        4.52034028056E+04
3.54000E+00        4.50911289787E+04
3.54600E+00        4.49792461712E+04
3.55200E+00        4.48677527660E+04
3.55800E+00        4.47566471524E+04
3.56400E+00        4.46459277263E+04
3.57000E+00        4.45355928900E+04
3.57600E+00        4.44256410520E+04
3.58200E+00        4.43160706275E+04
3.58800E+00        4.42068800380E+04
3.59400E+00        4.40980677114E+04
3.60000E+00        4.39896320819E+04
3.60600E+00        4.38815715903E+04
3.61200E+00        4.37738846834E+04
3.61800E+00        4.36665698149E+04
3.62400E+00        4.35596254443E+04
3.63000E+00        4.34530500378E+04
3.63600E+00        4.33468420679E+04
3.64200E+00        4.32410000132E+04
3.64800E+00        4.31355223588E+04
3.65400E+00        4.30304075961E+04
3.66000E+00        4.29256542227E+04
3.66600E+00        4.28212607424E+04
3.67200E+00        4.27172256655E+04
3.67800E+00        4.26135475083E+04
3.68400E+00        4.25102247935E+04
3.69000E+00        4.24072560499E+04
3.69600E+00        4.23046398125E+04
3.70200E+00        4.22023746226E+04
3.70800E+00        4.21004590277E+04
3.71400E+00        4.19988915811E+04
3.72000E+00        4.18976708428E+04
3.72600E+00        4.17967953785E+04
3.73200E+00        4.16962637601E+04
3.73800E+00        4.15960745657E+04
3.74400E+00        4.14962263795E+04
3.75000E+00        4.13967177915E+04
3.75600E+00        4.12975473982E+04
3.76200E+00        4.11987138016E+04
3.76800E+00        4.11002156102E+04
3.77400E+00        4.10020514382E+04
3.78000E+00        4.09042199058E+04
3.78600E+00        4.08067196393E+04
3.79200E+00        4.07095492708E+04
3.79800E+00        4.06127074385E+04
3.80400E+00        4.05161927864E+04
3.81000E+00        4.04200039643E+04
3.81600E+00        4.03241396281E+04
3.82200E+00        4.02285984393E+04
3.82800E+00        4.01333790654E+04
3.83400E+00        4.00384801798E+04
3.84000E+00        3.99439004615E+04
3.84600E+00        3.98496385954E+04
3.85200E+00        3.97556932721E+04
3.85800E+00        3.96620631879E+04
3.86400E+00        3.95687470451E+04
3.87000E+00        3.94757435514E+04
3.87600E+00        3.93830514203E+04
3.88200E+00        3.92906693710E+04
3.88800E+00        3.91985961282E+04
3.89400E+00        3.91068304225E+04
3.90000E+00        3.90153709899E+04
3.90600E+00        3.89242165719E+04
3.91200E+00        3.88333659159E+04
3.91800E+00        3.87428177746E+04
3.92400E+00        3.86525709063E+04
3.93000E+00        3.85626240747E+04
3.93600E+00        3.84729760492E+04
3.94200E+00        3.83836256046E+04
3.94800E+00        3.82945715209E+04
3.95400E+00        3.82058125840E+04
3.96000E+00        3.81173475849E+04
3.96600E+00        3.80291753199E+04
3.97200E+00        3.79412945909E+04
3.97800E+00        3.78537042051E+04
3.98400E+00        3.77664029750E+04
3.99000E+00        3.76793897183E+04
3.99600E+00        3.75926632581E+04
4.00200E+00        3.75062224229E+04
4.00800E+00        3.74200660462E+04
4.01400E+00        3.73341929669E+04
4.02000E+00        3.72486020289E+04
4.02600E+00        3.71632920816E+04
4.03200E+00        3.70782619793E+04
4.03800E+00        3.69935105815E+04
4.04400E+00        3.69090367530E+04
4.05000E+00        3.68248393635E+04
4.05600E+00        3.67409172878E+04
4.06200E+00        3.66572694059E+04
4.06800E+00        3.65738946028E+04
4.07400E+00        3.64907917683E+04
4.08000E+00        3.64079597976E+04
4.08600E+00        3.63253975905E+04
4.09200E+00        3.62431040520E+04
4.09800E+00        3.61610780921E+04
4.10400E+00        3.60793186254E+04
4.11000E+00        3.59978245716E+04
4.11600E+00        3.59165948555E+04
4.12200E+00        3.58356284063E+04
4.12800E+00        3.57549241583E+04
4.13400E+00        3.56744810507E+04
4.14000E+00        3.55942980273E+04
4.14600E+00        3.55143740368E+04
4.15200E+00        3.54347080326E+04
4.15800E+00        3.53552989729E+04
4.16400E+00        3.52761458206E+04
4.17000E+00        3.51972475432E+04
4.17600E+00        3.51186031130E+04
4.18200E+00        3.50402115069E+04
4.18800E+00        3.49620717065E+04
4.19400E+00        3.48841826979E+04
4.20000E+00        3.48065434719E+04
4.20600E+00        3.47291530238E+04
4.21200E+00        3.46520103536E+04
4.21800E+00        3.45751144656E+04
4.22400E+00        3.44984643687E+04
4.23000E+00        3.44220590766E+04
4.23600E+00        3.43458976070E+04
4.24200E+00        3.42699789824E+04
4.24800E+00        3.41943022295E+04
4.25400E+00        3.41188663796E+04
4.26000E+00        3.40436704684E+04
4.26600E+00        3.39687135359E+04
4.27200E+00        3.38939946264E+04
4.27800E+00        3.38195127886E+04
4.28400E+00        3.37452670757E+04
4.29000E+00        3.36712565448E+04
4.29600E+00        3.35974802577E+04
4.30200E+00        3.35239372802E+04
4.30800E+00        3.34506266825E+04
4.31400E+00        3.33775475388E+04
4.32000E+00        3.33046989278E+04
4.32600E+00        3.32320799322E+04
4.33200E+00        3.31596896389E+04
4.33800E+00        3.30875271390E+04
4.34400E+00        3.30155915275E+04
4.35000E+00        3.29438819039E+04
4.35600E+00        3.28723973715E+04
4.36200E+00        3.28011370378E+04
4.36800E+00        3.27301000143E+04
4.37400E+00        3.26592854165E+04
4.38000E+00        3.25886923640E+04
4.38600E+00        3.25183199803E+04
4.39200E+00        3.24481673930E+04
4.39800E+00        3.23782337337E+04
4.40400E+00        3.23085181377E+04
4.41000E+00        3.22390197444E+04
4.41600E+00        3.21697376971E+04
4.42200E+00        3.21006711430E+04
4.42800E+00        3.20318192331E+04
4.43400E+00        3.19631811223E+04
4.44000E+00        3.18947559693E+04
4.44600E+00        3.18265429367E+04
4.45200E+00        3.17585411908E+04
4.45800E+00        3.16907499017E+04
4.46400E+00        3.16231682433E+04
4.47000E+00        3.15557953933E+04
4.47600E+00        3.14886305330E+04
4.48200E+00        3.14216728474E+04
4.48800E+00        3.13549215254E+04
4.49400E+00        3.12883757593E+04
4.50000E+00        3.12220347454E+04
4.50600E+00        3.11558976832E+04
4.51200E+00        3.10899637762E+04
4.51800E+00        3.10242322313E+04
4.52400E+00        3.09587022592E+04
4.53000E+00        3.08933730738E+04
4.53600E+00        3.08282438930E+04
4.54200E+00        3.07633139379E+04
4.54800E+00        3.06985824333E+04
4.55400E+00        3.06340486075E+04
4.56000E+00        3.05697116921E+04
4.56600E+00        3.05055709225E+04
4.57200E+00        3.04416255372E+04
4.57800E+00        3.03778747785E+04
4.58400E+00        3.03143178917E+04
4.59000E+00        3.02509541259E+04
4.59600E+00        3.01877827334E+04
4.60200E+00        3.01248029699E+04
4.60800E+00        3.00620140944E+04
4.61400E+00        2.99994153695E+04
4.62000E+00        2.99370060607E+04
4.62600E+00        2.98747854371E+04
4.63200E+00        2.98127527711E+04
4.63800E+00        2.97509073383E+04
4.64400E+00        2.96892484175E+04
4.65000E+00        2.96277752910E+04
4.65600E+00        2.95664872439E+04
4.66200E+00        2.95053835650E+04
4.66800E+00        2.94444635459E+04
4.67400E+00        2.93837264816E+04
4.68000E+00        2.93231716703E+04
4.68600E+00        2.92627984133E+04
4.69200E+00        2.92026060148E+04
4.69800E+00        2.91425937826E+04
4.70400E+00        2.90827610272E+04
4.71000E+00        2.90231070623E+04
4.71600E+00        2.89636312049E+04
4.72200E+00        2.89043327748E+04
4.72800E+00        2.88452110948E+04
4.73400E+00        2.87862654911E+04
4.74000E+00        2.87274952926E+04
4.74600E+00        2.86688998313E+04
4.75200E+00        2.86104784421E+04
4.75800E+00        2.85522304631E+04
4.76400E+00        2.84941552351E+04
4.77000E+00        2.84362521021E+04
4.77600E+00        2.83785204108E+04
4.78200E+00        2.83209595110E+04
4.78800E+00        2.82635687553E+04
4.79400E+00        2.82063474992E+04
4.80000E+00        2.81492951011E+04
4.80600E+00        2.80924109223E+04
4.81200E+00        2.80356943269E+04
4.81800E+00        2.79791446818E+04
4.82400E+00        2.79227613568E+04
4.83000E+00        2.78665437245E+04
4.83600E+00        2.78104911602E+04
4.84200E+00        2.77546030421E+04
4.84800E+00        2.76988787511E+04
4.85400E+00        2.76433176709E+04
4.86000E+00        2.75879191878E+04
4.86600E+00        2.75326826911E+04
4.87200E+00        2.74776075725E+04
4.87800E+00        2.74226932266E+04
4.88400E+00        2.73679390507E+04
4.89000E+00        2.73133444446E+04
4.89600E+00        2.72589088110E+04
4.90200E+00        2.72046315550E+04
4.90800E+00        2.71505120845E+04
4.91400E+00        2.70965498099E+04
4.92000E+00        2.70427441445E+04
4.92600E+00        2.69890945037E+04
4.93200E+00        2.69356003060E+04
4.93800E+00        2.68822609722E+04
4.94400E+00        2.68290759256E+04
4.95000E+00        2.67760445921E+04
4.95600E+00        2.67231664004E+04
4.96200E+00        2.66704407814E+04
4.96800E+00        2.66178671685E+04
4.97400E+00        2.65654449978E+04
4.98000E+00        2.65131737078E+04
4.98600E+00        2.64610527395E+04
4.99200E+00        2.64090815363E+04
4.99800E+00        2.63572595440E+04
5.00400E+00        2.63055862110E+04
5.01000E+00        2.62540609880E+04
5.01600E+00        2.62026833282E+04
5.02200E+00        2.61514526872E+04
5.02800E+00        2.61003685228E+04
5.03400E+00        2.60494302953E+04
5.04000E+00        2.59986374676E+04
5.04600E+00        2.59479895046E+04
5.05200E+00        2.58974858738E+04
5.05800E+00        2.58471260447E+04
5.06400E+00        2.57969094896E+04
5.07000E+00        2.57468356827E+04
5.07600E+00        2.56969041007E+04
5.08200E+00        2.56471142225E+04
5.08800E+00        2.55974655294E+04
5.09400E+00        2.55479575048E+04
5.10000E+00        2.54985896344E+04
5.10600E+00        2.54493614063E+04
5.11200E+00        2.54002723107E+04
5.11800E+00        2.53513218399E+04
5.12400E+00        2.53025094886E+04
5.13000E+00        2.52538347537E+04
5.13600E+00        2.52052971342E+04
5.14200E+00        2.51568961313E+04
5.14800E+00        2.51086312484E+04
5.15400E+00        2.50605019910E+04
5.16000E+00        2.50125078667E+04
5.16600E+00        2.49646483855E+04
5.17200E+00        2.49169230592E+04
5.17800E+00        2.48693314019E+04
5.18400E+00        2.48218729298E+04
5.19000E+00        2.47745471612E+04
5.19600E+00        2.47273536163E+04
5.20200E+00        2.46802918176E+04
5.20800E+00        2.46333612895E+04
5.21400E+00        2.45865615587E+04
5.22000E+00        2.45398921537E+04
5.22600E+00        2.44933526051E+04
5.23200E+00        2.44469424456E+04
5.23800E+00        2.44006612098E+04
5.24400E+00        2.43545084344E+04
5.25000E+00        2.43084836580E+04
5.25600E+00        2.42625864213E+04
5.26200E+00        2.42168162669E+04
5.26800E+00        2.41711727394E+04
5.27400E+00        2.41256553853E+04
5.28000E+00        2.40802637532E+04
5.28600E+00        2.40349973934E+04
5.29200E+00        2.39898558583E+04
5.29800E+00        2.39448387023E+04
5.30400E+00        2.38999454815E+04
5.31000E+00        2.38551757539E+04
5.31600E+00        2.38105290796E+04
5.32200E+00        2.37660050204E+04
5.32800E+00        2.37216031402E+04
5.33400E+00        2.36773230044E+04
5.34000E+00        2.36331641805E+04
5.34600E+00        2.35891262379E+04
5.35200E+00        2.35452087476E+04
5.35800E+00        2.35014112828E+04
5.36400E+00        2.34577334180E+04
5.37000E+00        2.34141747301E+04
5.37600E+00        2.33707347973E+04
5.38200E+00        2.33274131998E+04
5.38800E+00        2.32842095197E+04
5.39400E+00        2.32411233407E+04
5.40000E+00        2.31981542484E+04
5.40600E+00        2.31553018300E+04
5.41200E+00        2.31125656745E+04
5.41800E+00        2.30699453728E+04
5.42400E+00        2.30274405174E+04
5.43000E+00        2.29850507025E+04
5.43600E+00        2.29427755240E+04
5.44200E+00        2.29006145797E+04
5.44800E+00        2.28585674689E+04
5.45400E+00        2.28166337927E+04
5.46000E+00        2.27748131538E+04
5.46600E+00        2.27331051566E+04
5.47200E+00        2.26915094072E+04
5.47800E+00        2.26500255135E+04
5.48400E+00        2.26086530847E+04
5.49000E+00        2.25673917320E+04
5.49600E+00        2.25262410681E+04
5.50200E+00        2.24852007071E+04
5.50800E+00        2.24442702652E+04
5.51400E+00        2.24034493598E+04
5.52000E+00        2.23627376101E+04
5.52600E+00        2.23221346368E+04
5.53200E+00        2.22816400624E+04
5.53800E+00        2.22412535106E+04
5.54400E+00        2.22009746071E+04
5.55000E+00        2.21608029789E+04
5.55600E+00        2.21207382546E+04
5.56200E+00        2.20807800644E+04
5.56800E+00        2.20409280401E+04
5.57400E+00        2.20011818148E+04
5.58000E+00        2.19615410235E+04
5.58600E+00        2.19220053023E+04
5.59200E+00        2.18825742893E+04
5.59800E+00        2.18432476236E+04
5.60400E+00        2.18040249462E+04
5.61000E+00        2.17649058994E+04
5.61600E+00        2.17258901269E+04
5.62200E+00        2.16869772743E+04
5.62800E+00        2.16481669881E+04
5.63400E+00        2.16094589167E+04
5.64000E+00        2.15708527097E+04
5.64600E+00        2.15323480184E+04
5.65200E+00        2.14939444952E+04
5.65800E+00        2.14556417944E+04
5.66400E+00        2.14174395713E+04
5.67000E+00        2.13793374829E+04
5.67600E+00        2.13413351874E+04
5.68200E+00        2.13034323446E+04
5.68800E+00        2.12656286156E+04
5.69400E+00        2.12279236630E+04
5.70000E+00        2.11903171507E+04
5.70600E+00        2.11528087440E+04
5.71200E+00        2.11153981096E+04
5.71800E+00        2.10780849155E+04
5.72400E+00        2.10408688312E+04
5.73000E+00        2.10037495274E+04
5.73600E+00        2.09667266763E+04
5.74200E+00        2.09297999514E+04
5.74800E+00        2.08929690275E+04
5.75400E+00        2.08562335807E+04
5.76000E+00        2.08195932886E+04
5.76600E+00        2.07830478298E+04
5.77200E+00        2.07465968847E+04
5.77800E+00        2.07102401345E+04
5.78400E+00        2.06739772621E+04
5.79000E+00        2.06378079513E+04
5.79600E+00        2.06017318877E+04
5.80200E+00        2.05657487576E+04
5.80800E+00        2.05298582492E+04
5.81400E+00        2.04940600513E+04
5.82000E+00        2.04583538546E+04
5.82600E+00        2.04227393507E+04
5.83200E+00        2.03872162324E+04
5.83800E+00        2.03517841941E+04
5.84400E+00        2.03164429310E+04
5.85000E+00        2.02811921399E+04
5.85600E+00        2.02460315187E+04
5.86200E+00        2.02109607664E+04
5.86800E+00        2.01759795835E+04
5.87400E+00        2.01410876713E+04
5.88000E+00        2.01062847328E+04
5.88600E+00        2.00715704719E+04
5.89200E+00        2.00369445936E+04
5.89800E+00        2.00024068044E+04
5.90400E+00        1.99679568119E+04
5.91000E+00        1.99335943246E+04
5.91600E+00        1.98993190525E+04
5.92200E+00        1.98651307067E+04
5.92800E+00        1.98310289993E+04
5.93400E+00        1.97970136438E+04
5.94000E+00        1.97630843546E+04
5.94600E+00        1.97292408475E+04
5.95200E+00        1.96954828393E+04
5.95800E+00        1.96618100480E+04
5.96400E+00        1.96282221925E+04
5.97000E+00        1.95947189932E+04
5.97600E+00        1.95613001714E+04
5.98200E+00        1.95279654495E+04
5.98800E+00        1.94947145511E+04
5.99400E+00        1.94615472008E+04
6.00000E+00        1.94284631245E+04
6.00600E+00        1.93954620490E+04
6.01200E+00        1.93625437023E+04
6.01800E+00        1.93297078133E+04
6.02400E+00        1.92969541123E+04
6.03000E+00        1.92642823304E+04
6.03600E+00        1.92316921999E+04
6.04200E+00        1.91991834541E+04
6.04800E+00        1.91667558274E+04
6.05400E+00        1.91344090553E+04
6.06000E+00        1.91021428743E+04
6.06600E+00        1.90699570219E+04
6.07200E+00        1.90378512367E+04
6.07800E+00        1.90058252583E+04
6.08400E+00        1.89738788273E+04
6.09000E+00        1.89420116856E+04
6.09600E+00        1.89102235757E+04
6.10200E+00        1.88785142414E+04
6.10800E+00        1.88468834275E+04
6.11400E+00        1.88153308796E+04
6.12000E+00        1.87838563446E+04
6.12600E+00        1.87524595701E+04
6.13200E+00        1.87211403049E+04
6.13800E+00        1.86898982988E+04
6.14400E+00        1.86587333024E+04
6.15000E+00        1.86276450675E+04
6.15600E+00        1.85966333467E+04
6.16200E+00        1.85656978937E+04
6.16800E+00        1.85348384631E+04
6.17400E+00        1.85040548104E+04
6.18000E+00        1.84733466923E+04
6.18600E+00        1.84427138661E+04
6.19200E+00        1.84121560903E+04
6.19800E+00        1.83816731244E+04
6.20400E+00        1.83512647286E+04
6.21000E+00        1.83209306642E+04
6.21600E+00        1.82906706934E+04
6.22200E+00        1.82604845793E+04
6.22800E+00        1.82303720860E+04
6.23400E+00        1.82003329785E+04
6.24000E+00        1.81703670226E+04
6.24600E+00        1.81404739850E+04
6.25200E+00        1.81106536337E+04
6.25800E+00        1.80809057370E+04
6.26400E+00        1.80512300646E+04
6.27000E+00        1.80216263869E+04
6.27600E+00        1.79920944751E+04
6.28200E+00        1.79626341014E+04
6.28800E+00        1.79332450389E+04
6.29400E+00        1.79039270615E+04
6.30000E+00        1.78746799442E+04
6.30600E+00        1.78455034624E+04
6.31200E+00        1.78163973929E+04
6.31800E+00        1.77873615130E+04
6.32400E+00        1.77583956010E+04
6.33000E+00        1.77294994361E+04
6.33600E+00        1.77006727982E+04
6.34200E+00        1.76719154682E+04
6.34800E+00        1.76432272278E+04
6.35400E+00        1.76146078594E+04
6.36000E+00        1.75860571466E+04
6.36600E+00        1.75575748733E+04
6.37200E+00        1.75291608248E+04
6.37800E+00        1.75008147868E+04
6.38400E+00        1.74725365459E+04
6.39000E+00        1.74443258898E+04
6.39600E+00        1.74161826066E+04
6.40200E+00        1.73881064855E+04
6.40800E+00        1.73600973165E+04
6.41400E+00        1.73321548902E+04
6.42000E+00        1.73042789982E+04
6.42600E+00        1.72764694328E+04
6.43200E+00        1.72487259871E+04
6.43800E+00        1.72210484550E+04
6.44400E+00        1.71934366313E+04
6.45000E+00        1.71658903113E+04
6.45600E+00        1.71384092914E+04
6.46200E+00        1.71109933685E+04
6.46800E+00        1.70836423406E+04
6.47400E+00        1.70563560060E+04
6.48000E+00        1.70291341643E+04
6.48600E+00        1.70019766154E+04
6.49200E+00        1.69748831603E+04
6.49800E+00        1.69478536004E+04
6.50400E+00        1.69208877383E+04
6.51000E+00        1.68939853770E+04
6.51600E+00        1.68671463204E+04
6.52200E+00        1.68403703731E+04
6.52800E+00        1.68136573403E+04
6.53400E+00        1.67870070282E+04
6.54000E+00        1.67604192436E+04
6.54600E+00        1.67338937940E+04
6.55200E+00        1.67074304877E+04
6.55800E+00        1.66810291337E+04
6.56400E+00        1.66546895415E+04
6.57000E+00        1.66284115218E+04
6.57600E+00        1.66021948855E+04
6.58200E+00        1.65760394446E+04
6.58800E+00        1.65499450116E+04
6.59400E+00        1.65239113997E+04
6.60000E+00        1.64979384229E+04
6.60600E+00        1.64720258958E+04
6.61200E+00        1.64461736338E+04
6.61800E+00        1.64203814529E+04
6.62400E+00        1.63946491698E+04
6.63000E+00        1.63689766019E+04
6.63600E+00        1.63433635674E+04
6.64200E+00        1.63178098849E+04
6.64800E+00        1.62923153740E+04
6.65400E+00        1.62668798548E+04
6.66000E+00        1.62415031479E+04
6.66600E+00        1.62161850750E+04
6.67200E+00        1.61909254581E+04
6.67800E+00        1.61657241200E+04
6.68400E+00        1.61405808841E+04
6.69000E+00        1.61154955746E+04
6.69600E+00        1.60904680161E+04
6.70200E+00        1.60654980342E+04
6.70800E+00        1.60405854548E+04
6.71400E+00        1.60157301046E+04
6.72000E+00        1.59909318110E+04
6.72600E+00        1.59661904019E+04
6.73200E+00        1.59415057059E+04
6.73800E+00        1.59168775524E+04
6.74400E+00        1.58923057711E+04
6.75000E+00        1.58677901926E+04
6.75600E+00        1.58433306480E+04
6.76200E+00        1.58189269690E+04
6.76800E+00        1.57945789881E+04
6.77400E+00        1.57702865381E+04
6.78000E+00        1.57460494528E+04
6.78600E+00        1.57218675662E+04
6.79200E+00        1.56977407134E+04
6.79800E+00        1.56736687296E+04
6.80400E+00        1.56496514509E+04
6.81000E+00        1.56256887139E+04
6.81600E+00        1.56017803560E+04
6.82200E+00        1.55779262148E+04
6.82800E+00        1.55541261289E+04
6.83400E+00        1.55303799373E+04
6.84000E+00        1.55066874794E+04
6.84600E+00        1.54830485957E+04
6.85200E+00        1.54594631268E+04
6.85800E+00        1.54359309140E+04
6.86400E+00        1.54124517994E+04
6.87000E+00        1.53890256253E+04
6.87600E+00        1.53656522350E+04
6.88200E+00        1.53423314721E+04
6.88800E+00        1.53190631807E+04
6.89400E+00        1.52958472057E+04
6.90000E+00        1.52726833925E+04
6.90600E+00        1.52495715869E+04
6.91200E+00        1.52265116354E+04
6.91800E+00        1.52035033851E+04
6.92400E+00        1.51805466835E+04
6.93000E+00        1.51576413788E+04
6.93600E+00        1.51347873197E+04
6.94200E+00        1.51119843554E+04
6.94800E+00        1.50892323356E+04
6.95400E+00        1.50665311108E+04
6.96000E+00        1.50438805318E+04
6.96600E+00        1.50212804499E+04
6.97200E+00        1.49987307172E+04
6.97800E+00        1.49762311860E+04
6.98400E+00        1.49537817094E+04
6.99000E+00        1.49313821410E+04
6.99600E+00        1.49090323347E+04
7.00200E+00        1.48867321452E+04
7.00800E+00        1.48644814276E+04
7.01400E+00        1.48422800375E+04
7.02000E+00        1.48201278310E+04
7.02600E+00        1.47980246648E+04
7.03200E+00        1.47759703961E+04
7.03800E+00        1.47539648825E+04
7.04400E+00        1.47320079824E+04
7.05000E+00        1.47100995542E+04
7.05600E+00        1.46882394574E+04
7.06200E+00        1.46664275515E+04
7.06800E+00        1.46446636968E+04
7.07400E+00        1.46229477539E+04
7.08000E+00        1.46012795842E+04
7.08600E+00        1.45796590493E+04
7.09200E+00        1.45580860114E+04
7.09800E+00        1.45365603332E+04
7.10400E+00        1.45150818778E+04
7.11000E+00        1.44936505089E+04
7.11600E+00        1.44722660906E+04
7.12200E+00        1.44509284877E+04
7.12800E+00        1.44296375651E+04
7.13400E+00        1.44083931885E+04
7.14000E+00        1.43871952239E+04
7.14600E+00        1.43660435378E+04
7.15200E+00        1.43449379974E+04
7.15800E+00        1.43238784699E+04
7.16400E+00        1.43028648235E+04
7.17000E+00        1.42818969264E+04
7.17600E+00        1.42609746476E+04
7.18200E+00        1.42400978564E+04
7.18800E+00        1.42192664226E+04
7.19400E+00        1.41984802165E+04
7.20000E+00        1.41777391088E+04
7.20600E+00        1.41570429706E+04
7.21200E+00        1.41363916736E+04
7.21800E+00        1.41157850898E+04
7.22400E+00        1.40952230918E+04
7.23000E+00        1.40747055525E+04
7.23600E+00        1.40542323454E+04
7.24200E+00        1.40338033443E+04
7.24800E+00        1.40134184235E+04
7.25400E+00        1.39930774578E+04
7.26000E+00        1.39727803223E+04
7.26600E+00        1.39525268926E+04
7.27200E+00        1.39323170449E+04
7.27800E+00        1.39121506555E+04
7.28400E+00        1.38920276014E+04
7.29000E+00        1.38719477600E+04
7.29600E+00        1.38519110090E+04
7.30200E+00        1.38319172267E+04
7.30800E+00        1.38119662915E+04
7.31400E+00        1.37920580827E+04
7.32000E+00        1.37721924795E+04
7.32600E+00        1.37523693621E+04
7.33200E+00        1.37325886105E+04
7.33800E+00        1.37128501056E+04
7.34400E+00        1.36931537285E+04
7.35000E+00        1.36734993607E+04
7.35600E+00        1.36538868841E+04
7.36200E+00        1.36343161812E+04
7.36800E+00        1.36147871347E+04
7.37400E+00        1.35952996278E+04
7.38000E+00        1.35758535440E+04
7.38600E+00        1.35564487674E+04
7.39200E+00        1.35370851822E+04
7.39800E+00        1.35177626734E+04
7.40400E+00        1.34984811260E+04
7.41000E+00        1.34792404257E+04
7.41600E+00        1.34600404583E+04
7.42200E+00        1.34408811103E+04
7.42800E+00        1.34217622685E+04
7.43400E+00        1.34026838198E+04
7.44000E+00        1.33836456520E+04
7.44600E+00        1.33646476528E+04
7.45200E+00        1.33456897106E+04
7.45800E+00        1.33267717141E+04
7.46400E+00        1.33078935523E+04
7.47000E+00        1.32890551146E+04
7.47600E+00        1.32702562910E+04
7.48200E+00        1.32514969715E+04
7.48800E+00        1.32327770467E+04
7.49400E+00        1.32140964076E+04
7.50000E+00        1.31954549455E+04
7.50600E+00        1.31768525521E+04
7.51200E+00        1.31582891195E+04
7.51800E+00        1.31397645400E+04
7.52400E+00        1.31212787065E+04
7.53000E+00        1.31028315121E+04
7.53600E+00        1.30844228504E+04
7.54200E+00        1.30660526151E+04
7.54800E+00        1.30477207006E+04
7.55400E+00        1.30294270015E+04
7.56000E+00        1.30111714127E+04
7.56600E+00        1.29929538295E+04
7.57200E+00        1.29747741475E+04
7.57800E+00        1.29566322630E+04
7.58400E+00        1.29385280720E+04
7.59000E+00        1.29204614716E+04
7.59600E+00        1.29024323586E+04
7.60200E+00        1.28844406305E+04
7.60800E+00        1.28664861850E+04
7.61400E+00        1.28485689204E+04
7.62000E+00        1.28306887350E+04
7.62600E+00        1.28128455276E+04
7.63200E+00        1.27950391974E+04
7.63800E+00        1.27772696439E+04
7.64400E+00        1.27595367668E+04
7.65000E+00        1.27418404664E+04
7.65600E+00        1.27241806430E+04
7.66200E+00        1.27065571976E+04
7.66800E+00        1.26889700313E+04
7.67400E+00        1.26714190455E+04
7.68000E+00        1.26539041422E+04
7.68600E+00        1.26364252234E+04
7.69200E+00        1.26189821915E+04
7.69800E+00        1.26015749495E+04
7.70400E+00        1.25842034004E+04
7.71000E+00        1.25668674477E+04
7.71600E+00        1.25495669951E+04
7.72200E+00        1.25323019468E+04
7.72800E+00        1.25150722071E+04
7.73400E+00        1.24978776808E+04
7.74000E+00        1.24807182729E+04
7.74600E+00        1.24635938888E+04
7.75200E+00        1.24465044342E+04
7.75800E+00        1.24294498150E+04
7.76400E+00        1.24124299376E+04
7.77000E+00        1.23954447085E+04
7.77600E+00        1.23784940348E+04
7.78200E+00        1.23615778236E+04
7.78800E+00        1.23446959824E+04
7.79400E+00        1.23278484192E+04
7.80000E+00        1.23110350420E+04
7.80600E+00        1.22942557594E+04
7.81200E+00        1.22775104800E+04
7.81800E+00        1.22607991130E+04
7.82400E+00        1.22441215677E+04
7.83000E+00        1.22274777538E+04
7.83600E+00        1.22108675812E+04
7.84200E+00        1.21942909601E+04
7.84800E+00        1.21777478012E+04
7.85400E+00        1.21612380153E+04
7.86000E+00        1.21447615135E+04
7.86600E+00        1.21283182072E+04
7.87200E+00        1.21119080081E+04
7.87800E+00        1.20955308284E+04
7.88400E+00        1.20791865802E+04
7.89000E+00        1.20628751762E+04
7.89600E+00        1.20465965292E+04
7.90200E+00        1.20303505524E+04
7.90800E+00        1.20141371593E+04
7.91400E+00        1.19979562635E+04
7.92000E+00        1.19818077791E+04
7.92600E+00        1.19656916204E+04
7.93200E+00        1.19496077019E+04
7.93800E+00        1.19335559385E+04
7.94400E+00        1.19175362453E+04
7.95000E+00        1.19015485377E+04
7.95600E+00        1.18855927315E+04
7.96200E+00        1.18696687425E+04
7.96800E+00        1.18537764870E+04
7.97400E+00        1.18379158814E+04
7.98000E+00        1.18220868427E+04
7.98600E+00        1.18062892877E+04
7.99200E+00        1.17905231338E+04
7.99800E+00        1.17747882987E+04
8.00400E+00        1.17590847000E+04
8.01000E+00        1.17434122561E+04
8.01600E+00        1.17277708852E+04
8.02200E+00        1.17121605059E+04
8.02800E+00        1.16965810373E+04
8.03400E+00        1.16810323984E+04
8.04000E+00        1.16655145086E+04
8.04600E+00        1.16500272878E+04
8.05200E+00        1.16345706558E+04
8.05800E+00        1.16191445328E+04
8.06400E+00        1.16037488394E+04
8.07000E+00        1.15883834961E+04
8.07600E+00        1.15730484241E+04
8.08200E+00        1.15577435445E+04
8.08800E+00        1.15424687788E+04
8.09400E+00        1.15272240488E+04
8.10000E+00        1.15120092764E+04
8.10600E+00        1.14968243839E+04
8.11200E+00        1.14816692937E+04
8.11800E+00        1.14665439287E+04
8.12400E+00        1.14514482118E+04
8.13000E+00        1.14363820662E+04
8.13600E+00        1.14213454154E+04
8.14200E+00        1.14063381831E+04
8.14800E+00        1.13913602933E+04
8.15400E+00        1.13764116702E+04
8.16000E+00        1.13614922383E+04
8.16600E+00        1.13466019222E+04
8.17200E+00        1.13317406469E+04
8.17800E+00        1.13169083376E+04
8.18400E+00        1.13021049196E+04
8.19000E+00        1.12873303186E+04
8.19600E+00        1.12725844605E+04
8.20200E+00        1.12578672714E+04
8.20800E+00        1.12431786777E+04
8.21400E+00        1.12285186060E+04
8.22000E+00        1.12138869830E+04
8.22600E+00        1.11992837358E+04
8.23200E+00        1.11847087918E+04
8.23800E+00        1.11701620784E+04
8.24400E+00        1.11556435234E+04
8.25000E+00        1.11411530548E+04
8.25600E+00        1.11266906007E+04
8.26200E+00        1.11122560896E+04
8.26800E+00        1.10978494501E+04
8.27400E+00        1.10834706112E+04
8.28000E+00        1.10691195019E+04
8.28600E+00        1.10547960515E+04
8.29200E+00        1.10405001897E+04
8.29800E+00        1.10262318461E+04
8.30400E+00        1.10119909508E+04
8.31000E+00        1.09977774340E+04
8.31600E+00        1.09835912262E+04
8.32200E+00        1.09694322579E+04
8.32800E+00        1.09553004601E+04
8.33400E+00        1.09411957638E+04
8.34000E+00        1.09271181004E+04
8.34600E+00        1.09130674013E+04
8.35200E+00        1.08990435983E+04
8.35800E+00        1.08850466234E+04
8.36400E+00        1.08710764087E+04
8.37000E+00        1.08571328866E+04
8.37600E+00        1.08432159896E+04
8.38200E+00        1.08293256507E+04
8.38800E+00        1.08154618026E+04
8.39400E+00        1.08016243788E+04
8.40000E+00        1.07878133126E+04
8.40600E+00        1.07740285376E+04
8.41200E+00        1.07602699877E+04
8.41800E+00        1.07465375970E+04
8.42400E+00        1.07328312996E+04
8.43000E+00        1.07191510300E+04
8.43600E+00        1.07054967229E+04
8.44200E+00        1.06918683132E+04
8.44800E+00        1.06782657358E+04
8.45400E+00        1.06646889262E+04
8.46000E+00        1.06511378196E+04
8.46600E+00        1.06376123519E+04
8.47200E+00        1.06241124588E+04
8.47800E+00        1.06106380765E+04
8.48400E+00        1.05971891411E+04
8.49000E+00        1.05837655892E+04
8.49600E+00        1.05703673574E+04
8.50200E+00        1.05569943826E+04
8.50800E+00        1.05436466017E+04
8.51400E+00        1.05303239521E+04
8.52000E+00        1.05170263712E+04
8.52600E+00        1.05037537965E+04
8.53200E+00        1.04905061660E+04
8.53800E+00        1.04772834176E+04
8.54400E+00        1.04640854895E+04
8.55000E+00        1.04509123201E+04
8.55600E+00        1.04377638480E+04
8.56200E+00        1.04246400120E+04
8.56800E+00        1.04115407509E+04
8.57400E+00        1.03984660041E+04
8.58000E+00        1.03854157107E+04
8.58600E+00        1.03723898103E+04
8.59200E+00        1.03593882427E+04
8.59800E+00        1.03464109476E+04
8.60400E+00        1.03334578652E+04
8.61000E+00        1.03205289357E+04
8.61600E+00        1.03076240995E+04
8.62200E+00        1.02947432973E+04
8.62800E+00        1.02818864699E+04
8.63400E+00        1.02690535582E+04
8.64000E+00        1.02562445034E+04
8.64600E+00        1.02434592469E+04
8.65200E+00        1.02306977301E+04
8.65800E+00        1.02179598947E+04
8.66400E+00        1.02052456827E+04
8.67000E+00        1.01925550361E+04
8.67600E+00        1.01798878970E+04
8.68200E+00        1.01672442080E+04
8.68800E+00        1.01546239115E+04
8.69400E+00        1.01420269503E+04
8.70000E+00        1.01294532674E+04
8.70600E+00        1.01169028059E+04
8.71200E+00        1.01043755089E+04
8.71800E+00        1.00918713200E+04
8.72400E+00        1.00793901827E+04
8.73000E+00        1.00669320409E+04
8.73600E+00        1.00544968385E+04
8.74200E+00        1.00420845196E+04
8.74800E+00        1.00296950285E+04
8.75400E+00        1.00173283096E+04
8.76000E+00        1.00049843077E+04
8.76600E+00        9.99266296739E+03
8.77200E+00        9.98036423374E+03
8.77800E+00        9.96808805183E+03
8.78400E+00        9.95583436697E+03
8.79000E+00        9.94360312460E+03
8.79600E+00        9.93139427035E+03
8.80200E+00        9.91920774999E+03
8.80800E+00        9.90704350946E+03
8.81400E+00        9.89490149487E+03
8.82000E+00        9.88278165248E+03
8.82600E+00        9.87068392872E+03
8.83200E+00        9.85860827018E+03
8.83800E+00        9.84655462361E+03
8.84400E+00        9.83452293591E+03
8.85000E+00        9.82251315415E+03
8.85600E+00        9.81052522555E+03
8.86200E+00        9.79855909749E+03
8.86800E+00        9.78661471750E+03
8.87400E+00        9.77469203329E+03
8.88000E+00        9.76279099271E+03
8.88600E+00        9.75091154375E+03
8.89200E+00        9.73905363458E+03
8.89800E+00        9.72721721352E+03
8.90400E+00        9.71540222902E+03
8.91000E+00        9.70360862972E+03
8.91600E+00        9.69183636439E+03
8.92200E+00        9.68008538195E+03
8.92800E+00        9.66835563147E+03
8.93400E+00        9.65664706220E+03
8.94000E+00        9.64495962351E+03
8.94600E+00        9.63329326492E+03
8.95200E+00        9.62164793611E+03
8.95800E+00        9.61002358692E+03
8.96400E+00        9.59842016732E+03
8.97000E+00        9.58683762743E+03
8.97600E+00        9.57527591752E+03
8.98200E+00        9.56373498800E+03
8.98800E+00        9.55221478946E+03
8.99400E+00        9.54071527258E+03
9.00000E+00        9.52923638824E+03
9.00600E+00        9.51777808742E+03
9.01200E+00        9.50634032127E+03
9.01800E+00        9.49492304108E+03
9.02400E+00        9.48352619828E+03
9.03000E+00        9.47214974444E+03
9.03600E+00        9.46079363129E+03
9.04200E+00        9.44945781067E+03
9.04800E+00        9.43814223459E+03
9.05400E+00        9.42684685518E+03
9.06000E+00        9.41557162473E+03
9.06600E+00        9.40431649565E+03
9.07200E+00        9.39308142051E+03
9.07800E+00        9.38186635200E+03
9.08400E+00        9.37067124296E+03
9.09000E+00        9.35949604636E+03
9.09600E+00        9.34834071531E+03
9.10200E+00        9.33720520307E+03
9.10800E+00        9.32608946301E+03
9.11400E+00        9.31499344866E+03
9.12000E+00        9.30391711367E+03
9.12600E+00        9.29286041183E+03
9.13200E+00        9.28182329708E+03
9.13800E+00        9.27080572346E+03
9.14400E+00        9.25980764518E+03
9.15000E+00        9.24882901656E+03
9.15600E+00        9.23786979205E+03
9.16200E+00        9.22692992626E+03
9.16800E+00        9.21600937390E+03
9.17400E+00        9.20510808982E+03
9.18000E+00        9.19422602902E+03
9.18600E+00        9.18336314660E+03
9.19200E+00        9.17251939782E+03
9.19800E+00        9.16169473805E+03
9.20400E+00        9.15088912279E+03
9.21000E+00        9.14010250767E+03
9.21600E+00        9.12933484847E+03
9.22200E+00        9.11858610105E+03
9.22800E+00        9.10785622146E+03
9.23400E+00        9.09714516581E+03
9.24000E+00        9.08645289039E+03
9.24600E+00        9.07577935159E+03
9.25200E+00        9.06512450593E+03
9.25800E+00        9.05448831006E+03
9.26400E+00        9.04387072074E+03
9.27000E+00        9.03327169488E+03
9.27600E+00        9.02269118949E+03
9.28200E+00        9.01212916171E+03
9.28800E+00        9.00158556881E+03
9.29400E+00        8.99106036818E+03
9.30000E+00        8.98055351732E+03
9.30600E+00        8.97006497388E+03
9.31200E+00        8.95959469559E+03
9.31800E+00        8.94914264035E+03
9.32400E+00        8.93870876613E+03
9.33000E+00        8.92829303106E+03
9.33600E+00        8.91789539337E+03
9.34200E+00        8.90751581142E+03
9.34800E+00        8.89715424367E+03
9.35400E+00        8.88681064872E+03
9.36000E+00        8.87648498528E+03
9.36600E+00        8.86617721218E+03
9.37200E+00        8.85588728835E+03
9.37800E+00        8.84561517286E+03
9.38400E+00        8.83536082489E+03
9.39000E+00        8.82512420373E+03
9.39600E+00        8.81490526879E+03
9.40200E+00        8.80470397959E+03
9.40800E+00        8.79452029578E+03
9.41400E+00        8.78435417711E+03
9.42000E+00        8.77420558344E+03
9.42600E+00        8.76407447477E+03
9.43200E+00        8.75396081117E+03
9.43800E+00        8.74386455287E+03
9.44400E+00        8.73378566019E+03
9.45000E+00        8.72372409355E+03
9.45600E+00        8.71367981350E+03
9.46200E+00        8.70365278071E+03
9.46800E+00        8.69364295593E+03
9.47400E+00        8.68365030004E+03
9.48000E+00        8.67367477404E+03
9.48600E+00        8.66371633902E+03
9.49200E+00        8.65377495619E+03
9.49800E+00        8.64385058687E+03
9.50400E+00        8.63394319248E+03
9.51000E+00        8.62405273457E+03
9.51600E+00        8.61417917477E+03
9.52200E+00        8.60432247483E+03
9.52800E+00        8.59448259661E+03
9.53400E+00        8.58465950209E+03
9.54000E+00        8.57485315332E+03
9.54600E+00        8.56506351249E+03
9.55200E+00        8.55529054189E+03
9.55800E+00        8.54553420390E+03
9.56400E+00        8.53579446102E+03
9.57000E+00        8.52607127585E+03
9.57600E+00        8.51636461110E+03
9.58200E+00        8.50667442957E+03
9.58800E+00        8.49700069418E+03
9.59400E+00        8.48734336795E+03
9.60000E+00        8.47770241399E+03
9.60600E+00        8.46807779553E+03
9.61200E+00        8.45846947589E+03
9.61800E+00        8.44887741850E+03
9.62400E+00        8.43930158689E+03
9.63000E+00        8.42974194470E+03
9.63600E+00        8.42019845565E+03
9.64200E+00        8.41067108357E+03
9.64800E+00        8.40115979241E+03
9.65400E+00        8.39166454619E+03
9.66000E+00        8.38218530905E+03
9.66600E+00        8.37272204522E+03
9.67200E+00        8.36327471904E+03
9.67800E+00        8.35384329493E+03
9.68400E+00        8.34442773742E+03
9.69000E+00        8.33502801115E+03
9.69600E+00        8.32564408083E+03
9.70200E+00        8.31627591130E+03
9.70800E+00        8.30692346746E+03
9.71400E+00        8.29758671435E+03
9.72000E+00        8.28826561708E+03
9.72600E+00        8.27896014084E+03
9.73200E+00        8.26967025096E+03
9.73800E+00        8.26039591283E+03
9.74400E+00        8.25113709195E+03
9.75000E+00        8.24189375391E+03
9.75600E+00        8.23266586441E+03
9.76200E+00        8.22345338921E+03
9.76800E+00        8.21425629420E+03
9.77400E+00        8.20507454535E+03
9.78000E+00        8.19590810872E+03
9.78600E+00        8.18675695047E+03
9.79200E+00        8.17762103683E+03
9.79800E+00        8.16850033417E+03
9.80400E+00        8.15939480890E+03
9.81000E+00        8.15030442756E+03
9.81600E+00        8.14122915677E+03
9.82200E+00        8.13216896322E+03
9.82800E+00        8.12312381373E+03
9.83400E+00        8.11409367518E+03
9.84000E+00        8.10507851455E+03
9.84600E+00        8.09607829892E+03
9.85200E+00        8.08709299545E+03
9.85800E+00        8.07812257138E+03
9.86400E+00        8.06916699406E+03
9.87000E+00        8.06022623091E+03
9.87600E+00        8.05130024946E+03
9.88200E+00        8.04238901731E+03
9.88800E+00        8.03349250215E+03
9.89400E+00        8.02461067177E+03
9.90000E+00        8.01574349404E+03
9.90600E+00        8.00689093691E+03
9.91200E+00        7.99805296843E+03
9.91800E+00        7.98922955673E+03
9.92400E+00        7.98042067003E+03
9.93000E+00        7.97162627662E+03
9.93600E+00        7.96284634491E+03
9.94200E+00        7.95408084335E+03
9.94800E+00        7.94532974053E+03
9.95400E+00        7.93659300507E+03
9.96000E+00        7.92787060572E+03
9.96600E+00        7.91916251128E+03
9.97200E+00        7.91046869065E+03
9.97800E+00        7.90178911282E+03
9.98400E+00        7.89312374686E+03
9.99000E+00        7.88447256191E+03
9.99600E+00        7.87583552721E+03
1.00020E+01        7.86721261207E+03
1.00080E+01        7.85860378589E+03
1.00140E+01        7.85000901816E+03
1.00200E+01        7.84142827844E+03
1.00260E+01        7.83286153636E+03
1.00320E+01        7.82430876167E+03
1.00380E+01        7.81576992416E+03
1.00440E+01        7.80724499373E+03
1.00500E+01        7.79873394035E+03
1.00560E+01        7.79023673406E+03
1.00620E+01        7.78175334501E+03
1.00680E+01        7.77328374338E+03
1.00740E+01        7.76482789949E+03
1.00800E+01        7.75638578370E+03
1.00860E+01        7.74795736645E+03
1.00920E+01        7.73954261829E+03
1.00980E+01        7.73114150980E+03
1.01040E+01        7.72275401169E+03
1.01100E+01        7.71438009470E+03
1.01160E+01        7.70601972970E+03
1.01220E+01        7.69767288758E+03
1.01280E+01        7.68933953936E+03
1.01340E+01        7.68101965611E+03
1.01400E+01        7.67271320898E+03
1.01460E+01        7.66442016919E+03
1.01520E+01        7.65614050805E+03
1.01580E+01        7.64787419694E+03
1.01640E+01        7.63962120733E+03
1.01700E+01        7.63138151073E+03
1.01760E+01        7.62315507877E+03
1.01820E+01        7.61494188312E+03
1.01880E+01        7.60674189554E+03
1.01940E+01        7.59855508787E+03
1.02000E+01        7.59038143202E+03
1.02060E+01        7.58222089996E+03
1.02120E+01        7.57407346377E+03
1.02180E+01        7.56593909555E+03
1.02240E+01        7.55781776753E+03
1.02300E+01        7.54970945198E+03
1.02360E+01        7.54161412125E+03
1.02420E+01        7.53353174776E+03
1.02480E+01        7.52546230401E+03
1.02540E+01        7.51740576258E+03
1.02600E+01        7.50936209609E+03
1.02660E+01        7.50133127728E+03
1.02720E+01        7.49331327891E+03
1.02780E+01        7.48530807386E+03
1.02840E+01        7.47731563505E+03
1.02900E+01        7.46933593547E+03
1.02960E+01        7.46136894820E+03
1.03020E+01        7.45341464638E+03
1.03080E+01        7.44547300323E+03
1.03140E+01        7.43754399202E+03
1.03200E+01        7.42962758611E+03
1.03260E+01        7.42172375892E+03
1.03320E+01        7.41383248395E+03
1.03380E+01        7.40595373474E+03
1.03440E+01        7.39808748494E+03
1.03500E+01        7.39023370825E+03
1.03560E+01        7.38239237842E+03
1.03620E+01        7.37456346931E+03
1.03680E+01        7.36674695481E+03
1.03740E+01        7.35894280890E+03
1.03800E+01        7.35115100562E+03
1.03860E+01        7.34337151907E+03
1.03920E+01        7.33560432344E+03
1.03980E+01        7.32784939297E+03
1.04040E+01        7.32010670196E+03
1.04100E+01        7.31237622481E+03
1.04160E+01        7.30465793594E+03
1.04220E+01        7.29695180987E+03
1.04280E+01        7.28925782119E+03
1.04340E+01        7.28157594452E+03
1.04400E+01        7.27390615459E+03
1.04460E+01        7.26624842616E+03
1.04520E+01        7.25860273408E+03
1.04580E+01        7.25096905325E+03
1.04640E+01        7.24334735863E+03
1.04700E+01        7.23573762528E+03
1.04760E+01        7.22813982828E+03
1.04820E+01        7.22055394279E+03
1.04880E+01        7.21297994406E+03
1.04940E+01        7.20541780737E+03
1.05000E+01        7.19786750807E+03
1.05060E+01        7.19032902159E+03
1.05120E+01        7.18280232340E+03
1.05180E+01        7.17528738907E+03
1.05240E+01        7.16778419418E+03
1.05300E+01        7.16029271443E+03
1.05360E+01        7.15281292554E+03
1.05420E+01        7.14534480331E+03
1.05480E+01        7.13788832359E+03
1.05540E+01        7.13044346232E+03
1.05600E+01        7.12301019548E+03
1.05660E+01        7.11558849911E+03
1.05720E+01        7.10817834931E+03
1.05780E+01        7.10077972226E+03
1.05840E+01        7.09339259419E+03
1.05900E+01        7.08601694138E+03
1.05960E+01        7.07865274019E+03
1.06020E+01        7.07129996703E+03
1.06080E+01        7.06395859837E+03
1.06140E+01        7.05662861075E+03
1.06200E+01        7.04930998075E+03
1.06260E+01        7.04200268503E+03
1.06320E+01        7.03470670030E+03
1.06380E+01        7.02742200333E+03
1.06440E+01        7.02014857095E+03
1.06500E+01        7.01288638005E+03
1.06560E+01        7.00563540759E+03
1.06620E+01        6.99839563056E+03
1.06680E+01        6.99116702604E+03
1.06740E+01        6.98394957115E+03
1.06800E+01        6.97674324307E+03
1.06860E+01        6.96954801904E+03
1.06920E+01        6.96236387636E+03
1.06980E+01        6.95519079239E+03
1.07040E+01        6.94802874454E+03
1.07100E+01        6.94087771028E+03
1.07160E+01        6.93373766714E+03
1.07220E+01        6.92660859271E+03
1.07280E+01        6.91949046463E+03
1.07340E+01        6.91238326059E+03
1.07400E+01        6.90528695836E+03
1.07460E+01        6.89820153574E+03
1.07520E+01        6.89112697060E+03
1.07580E+01        6.88406324087E+03
1.07640E+01        6.87701032452E+03
1.07700E+01        6.86996819960E+03
1.07760E+01        6.86293684418E+03
1.07820E+01        6.85591623642E+03
1.07880E+01        6.84890635452E+03
1.07940E+01        6.84190717674E+03
1.08000E+01        6.83491868138E+03
1.08060E+01        6.82794084681E+03
1.08120E+01        6.82097365145E+03
1.08180E+01        6.81401707378E+03
1.08240E+01        6.80707109232E+03
1.08300E+01        6.80013568566E+03
1.08360E+01        6.79321083242E+03
1.08420E+01        6.78629651132E+03
1.08480E+01        6.77939270107E+03
1.08540E+01        6.77249938049E+03
1.08600E+01        6.76561652843E+03
1.08660E+01        6.75874412378E+03
1.08720E+01        6.75188214550E+03
1.08780E+01        6.74503057260E+03
1.08840E+01        6.73818938414E+03
1.08900E+01        6.73135855924E+03
1.08960E+01        6.72453807706E+03
1.09020E+01        6.71772791681E+03
1.09080E+01        6.71092805778E+03
1.09140E+01        6.70413847927E+03
1.09200E+01        6.69735916067E+03
1.09260E+01        6.69059008140E+03
1.09320E+01        6.68383122093E+03
1.09380E+01        6.67708255879E+03
1.09440E+01        6.67034407456E+03
1.09500E+01        6.66361574787E+03
1.09560E+01        6.65689755839E+03
1.09620E+01        6.65018948587E+03
1.09680E+01        6.64349151007E+03
1.09740E+01        6.63680361083E+03
1.09800E+01        6.63012576803E+03
1.09860E+01        6.62345796161E+03
1.09920E+01        6.61680017153E+03
1.09980E+01        6.61015237784E+03
1.10040E+01        6.60351456061E+03
1.10100E+01        6.59688669997E+03
1.10160E+01        6.59026877610E+03
1.10220E+01        6.58366076923E+03
1.10280E+01        6.57706265964E+03
1.10340E+01        6.57047442764E+03
1.10400E+01        6.56389605362E+03
1.10460E+01        6.55732751799E+03
1.10520E+01        6.55076880123E+03
1.10580E+01        6.54421988386E+03
1.10640E+01        6.53768074644E+03
1.10700E+01        6.53115136958E+03
1.10760E+01        6.52463173396E+03
1.10820E+01        6.51812182028E+03
1.10880E+01        6.51162160929E+03
1.10940E+01        6.50513108181E+03
1.11000E+01        6.49865021869E+03
1.11060E+01        6.49217900083E+03
1.11120E+01        6.48571740916E+03
1.11180E+01        6.47926542470E+03
1.11240E+01        6.47282302847E+03
1.11300E+01        6.46639020156E+03
1.11360E+01        6.45996692511E+03
1.11420E+01        6.45355318029E+03
1.11480E+01        6.44714894834E+03
1.11540E+01        6.44075421052E+03
1.11600E+01        6.43436894814E+03
1.11660E+01        6.42799314258E+03
1.11720E+01        6.42162677524E+03
1.11780E+01        6.41526982758E+03
1.11840E+01        6.40892228109E+03
1.11900E+01        6.40258411732E+03
1.11960E+01        6.39625531785E+03
1.12020E+01        6.38993586433E+03
1.12080E+01        6.38362573844E+03
1.12140E+01        6.37732492189E+03
1.12200E+01        6.37103339645E+03
1.12260E+01        6.36475114395E+03
1.12320E+01        6.35847814623E+03
1.12380E+01        6.35221438519E+03
1.12440E+01        6.34595984279E+03
1.12500E+01        6.33971450101E+03
1.12560E+01        6.33347834189E+03
1.12620E+01        6.32725134750E+03
1.12680E+01        6.32103349996E+03
1.12740E+01        6.31482478143E+03
1.12800E+01        6.30862517413E+03
1.12860E+01        6.30243466030E+03
1.12920E+01        6.29625322224E+03
1.12980E+01        6.29008084228E+03
1.13040E+01        6.28391750280E+03
1.13100E+01        6.27776318622E+03
1.13160E+01        6.27161787501E+03
1.13220E+01        6.26548155168E+03
1.13280E+01        6.25935419876E+03
1.13340E+01        6.25323579885E+03
1.13400E+01        6.24712633459E+03
1.13460E+01        6.24102578865E+03
1.13520E+01        6.23493414375E+03
1.13580E+01        6.22885138264E+03
1.13640E+01        6.22277748812E+03
1.13700E+01        6.21671244304E+03
1.13760E+01        6.21065623028E+03
1.13820E+01        6.20460883276E+03
1.13880E+01        6.19857023344E+03
1.13940E+01        6.19254041534E+03
1.14000E+01        6.18651936149E+03
1.14060E+01        6.18050705499E+03
1.14120E+01        6.17450347897E+03
1.14180E+01        6.16850861658E+03
1.14240E+01        6.16252245105E+03
1.14300E+01        6.15654496561E+03
1.14360E+01        6.15057614357E+03
1.14420E+01        6.14461596824E+03
1.14480E+01        6.13866442300E+03
1.14540E+01        6.13272149125E+03
1.14600E+01        6.12678715645E+03
1.14660E+01        6.12086140208E+03
1.14720E+01        6.11494421167E+03
1.14780E+01        6.10903556879E+03
1.14840E+01        6.10313545704E+03
1.14900E+01        6.09724386007E+03
1.14960E+01        6.09136076156E+03
1.15020E+01        6.08548614524E+03
1.15080E+01        6.07961999486E+03
1.15140E+01        6.07376229424E+03
1.15200E+01        6.06791302720E+03
1.15260E+01        6.06207217762E+03
1.15320E+01        6.05623972943E+03
1.15380E+01        6.05041566658E+03
1.15440E+01        6.04459997305E+03
1.15500E+01        6.03879263288E+03
1.15560E+01        6.03299363014E+03
1.15620E+01        6.02720294893E+03
1.15680E+01        6.02142057340E+03
1.15740E+01        6.01564648772E+03
1.15800E+01        6.00988067613E+03
1.15860E+01        6.00412312287E+03
1.15920E+01        5.99837381223E+03
1.15980E+01        5.99263272855E+03
1.16040E+01        5.98689985620E+03
1.16100E+01        5.98117517958E+03
1.16160E+01        5.97545868313E+03
1.16220E+01        5.96975035134E+03
1.16280E+01        5.96405016871E+03
1.16340E+01        5.95835811979E+03
1.16400E+01        5.95267418918E+03
1.16460E+01        5.94699836151E+03
1.16520E+01        5.94133062142E+03
1.16580E+01        5.93567095362E+03
1.16640E+01        5.93001934284E+03
1.16700E+01        5.92437577385E+03
1.16760E+01        5.91874023145E+03
1.16820E+01        5.91311270048E+03
1.16880E+01        5.90749316583E+03
1.16940E+01        5.90188161239E+03
1.17000E+01        5.89627802513E+03
1.17060E+01        5.89068238901E+03
1.17120E+01        5.88509468907E+03
1.17180E+01        5.87951491034E+03
1.17240E+01        5.87394303792E+03
1.17300E+01        5.86837905693E+03
1.17360E+01        5.86282295253E+03
1.17420E+01        5.85727470991E+03
1.17480E+01        5.85173431429E+03
1.17540E+01        5.84620175095E+03
1.17600E+01        5.84067700516E+03
1.17660E+01        5.83516006227E+03
1.17720E+01        5.82965090765E+03
1.17780E+01        5.82414952667E+03
1.17840E+01        5.81865590479E+03
1.17900E+01        5.81317002746E+03
1.17960E+01        5.80769188019E+03
1.18020E+01        5.80222144851E+03
1.18080E+01        5.79675871799E+03
1.18140E+01        5.79130367424E+03
1.18200E+01        5.78585630287E+03
1.18260E+01        5.78041658957E+03
1.18320E+01        5.77498452004E+03
1.18380E+01        5.76956008001E+03
1.18440E+01        5.76414325525E+03
1.18500E+01        5.75873403155E+03
1.18560E+01        5.75333239477E+03
1.18620E+01        5.74793833075E+03
1.18680E+01        5.74255182541E+03
1.18740E+01        5.73717286466E+03
1.18800E+01        5.73180143449E+03
1.18860E+01        5.72643752089E+03
1.18920E+01        5.72108110988E+03
1.18980E+01        5.71573218753E+03
1.19040E+01        5.71039073993E+03
1.19100E+01        5.70505675322E+03
1.19160E+01        5.69973021354E+03
1.19220E+01        5.69441110709E+03
1.19280E+01        5.68909942009E+03
1.19340E+01        5.68379513880E+03
1.19400E+01        5.67849824950E+03
1.19460E+01        5.67320873851E+03
1.19520E+01        5.66792659218E+03
1.19580E+01        5.66265179689E+03
1.19640E+01        5.65738433905E+03
1.19700E+01        5.65212420510E+03
1.19760E+01        5.64687138153E+03
1.19820E+01        5.64162585483E+03
1.19880E+01        5.63638761154E+03
1.19940E+01        5.63115663822E+03
1.20000E+01        5.62593292149E+03
1.20060E+01        5.62071644796E+03
1.20120E+01        5.61550720429E+03
1.20180E+01        5.61030517718E+03
1.20240E+01        5.60511035334E+03
1.20300E+01        5.59992271954E+03
1.20360E+01        5.59474226254E+03
1.20420E+01        5.58956896916E+03
1.20480E+01        5.58440282625E+03
1.20540E+01        5.57924382067E+03
1.20600E+01        5.57409193932E+03
1.20660E+01        5.56894716914E+03
1.20720E+01        5.56380949710E+03
1.20780E+01        5.55867891017E+03
1.20840E+01        5.55355539539E+03
1.20900E+01        5.54843893980E+03
1.20960E+01        5.54332953049E+03
1.21020E+01        5.53822715456E+03
1.21080E+01        5.53313179915E+03
1.21140E+01        5.52804345144E+03
1.21200E+01        5.52296209861E+03
1.21260E+01        5.51788772790E+03
1.21320E+01        5.51282032656E+03
1.21380E+01        5.50775988187E+03
1.21440E+01        5.50270638116E+03
1.21500E+01        5.49765981175E+03
1.21560E+01        5.49262016103E+03
1.21620E+01        5.48758741639E+03
1.21680E+01        5.48256156527E+03
1.21740E+01        5.47754259511E+03
1.21800E+01        5.47253049340E+03
1.21860E+01        5.46752524766E+03
1.21920E+01        5.46252684543E+03
1.21980E+01        5.45753527428E+03
1.22040E+01        5.45255052180E+03
1.22100E+01        5.44757257563E+03
1.22160E+01        5.44260142341E+03
1.22220E+01        5.43763705283E+03
1.22280E+01        5.43267945160E+03
1.22340E+01        5.42772860746E+03
1.22400E+01        5.42278450817E+03
1.22460E+01        5.41784714152E+03
1.22520E+01        5.41291649533E+03
1.22580E+01        5.40799255746E+03
1.22640E+01        5.40307531578E+03
1.22700E+01        5.39816475818E+03
1.22760E+01        5.39326087260E+03
1.22820E+01        5.38836364700E+03
1.22880E+01        5.38347306936E+03
1.22940E+01        5.37858912768E+03
1.23000E+01        5.37371181002E+03
1.23060E+01        5.36884110443E+03
1.23120E+01        5.36397699900E+03
1.23180E+01        5.35911948185E+03
1.23240E+01        5.35426854112E+03
1.23300E+01        5.34942416500E+03
1.23360E+01        5.34458634167E+03
1.23420E+01        5.33975505936E+03
1.23480E+01        5.33493030632E+03
1.23540E+01        5.33011207082E+03
1.23600E+01        5.32530034117E+03
1.23660E+01        5.32049510571E+03
1.23720E+01        5.31569635277E+03
1.23780E+01        5.31090407075E+03
1.23840E+01        5.30611824805E+03
1.23900E+01        5.30133887311E+03
1.23960E+01        5.29656593438E+03
1.24020E+01        5.29179942034E+03
1.24080E+01        5.28703931952E+03
1.24140E+01        5.28228562044E+03
1.24200E+01        5.27753831166E+03
1.24260E+01        5.27279738177E+03
1.24320E+01        5.26806281939E+03
1.24380E+01        5.26333461315E+03
1.24440E+01        5.25861275171E+03
1.24500E+01        5.25389722376E+03
1.24560E+01        5.24918801802E+03
1.24620E+01        5.24448512322E+03
1.24680E+01        5.23978852812E+03
1.24740E+01        5.23509822152E+03
1.24800E+01        5.23041419222E+03
1.24860E+01        5.22573642907E+03
1.24920E+01        5.22106492092E+03
1.24980E+01        5.21639965666E+03
1.25040E+01        5.21174062520E+03
1.25100E+01        5.20708781549E+03
1.25160E+01        5.20244121647E+03
1.25220E+01        5.19780081714E+03
1.25280E+01        5.19316660650E+03
1.25340E+01        5.18853857359E+03
1.25400E+01        5.18391670747E+03
1.25460E+01        5.17930099721E+03
1.25520E+01        5.17469143192E+03
1.25580E+01        5.17008800074E+03
1.25640E+01        5.16549069281E+03
1.25700E+01        5.16089949731E+03
1.25760E+01        5.15631440345E+03
1.25820E+01        5.15173540045E+03
1.25880E+01        5.14716247756E+03
1.25940E+01        5.14259562405E+03
1.26000E+01        5.13803482922E+03
1.26060E+01        5.13348008239E+03
1.26120E+01        5.12893137289E+03
1.26180E+01        5.12438869010E+03
1.26240E+01        5.11985202341E+03
1.26300E+01        5.11532136223E+03
1.26360E+01        5.11079669600E+03
1.26420E+01        5.10627801417E+03
1.26480E+01        5.10176530623E+03
1.26540E+01        5.09725856168E+03
1.26600E+01        5.09275777005E+03
1.26660E+01        5.08826292090E+03
1.26720E+01        5.08377400379E+03
1.26780E+01        5.07929100833E+03
1.26840E+01        5.07481392413E+03
1.26900E+01        5.07034274084E+03
1.26960E+01        5.06587744812E+03
1.27020E+01        5.06141803565E+03
1.27080E+01        5.05696449316E+03
1.27140E+01        5.05251681037E+03
1.27200E+01        5.04807497703E+03
1.27260E+01        5.04363898293E+03
1.27320E+01        5.03920881786E+03
1.27380E+01        5.03478447164E+03
1.27440E+01        5.03036593412E+03
1.27500E+01        5.02595319516E+03
1.27560E+01        5.02154624466E+03
1.27620E+01        5.01714507251E+03
1.27680E+01        5.01274966866E+03
1.27740E+01        5.00836002305E+03
1.27800E+01        5.00397612567E+03
1.27860E+01        4.99959796650E+03
1.27920E+01        4.99522553557E+03
1.27980E+01        4.99085882292E+03
1.28040E+01        4.98649781860E+03
1.28100E+01        4.98214251271E+03
1.28160E+01        4.97779289534E+03
1.28220E+01        4.97344895663E+03
1.28280E+01        4.96911068672E+03
1.28340E+01        4.96477807578E+03
1.28400E+01        4.96045111400E+03
1.28460E+01        4.95612979159E+03
1.28520E+01        4.95181409879E+03
1.28580E+01        4.94750402584E+03
1.28640E+01        4.94319956303E+03
1.28700E+01        4.93890070064E+03
1.28760E+01        4.93460742900E+03
1.28820E+01        4.93031973843E+03
1.28880E+01        4.92603761931E+03
1.28940E+01        4.92176106200E+03
1.29000E+01        4.91749005691E+03
1.29060E+01        4.91322459446E+03
1.29120E+01        4.90896466509E+03
1.29180E+01        4.90471025926E+03
1.29240E+01        4.90046136745E+03
1.29300E+01        4.89621798016E+03
1.29360E+01        4.89198008791E+03
1.29420E+01        4.88774768126E+03
1.29480E+01        4.88352075076E+03
1.29540E+01        4.87929928699E+03
1.29600E+01        4.87508328057E+03
1.29660E+01        4.87087272210E+03
1.29720E+01        4.86666760224E+03
1.29780E+01        4.86246791166E+03
1.29840E+01        4.85827364102E+03
1.29900E+01        4.85408478105E+03
1.29960E+01        4.84990132245E+03
1.30020E+01        4.84572325598E+03
1.30080E+01        4.84155057239E+03
1.30140E+01        4.83738326248E+03
1.30200E+01        4.83322131704E+03
1.30260E+01        4.82906472689E+03
1.30320E+01        4.82491348288E+03
1.30380E+01        4.82076757586E+03
1.30440E+01        4.81662699673E+03
1.30500E+01        4.81249173637E+03
1.30560E+01        4.80836178571E+03
1.30620E+01        4.80423713568E+03
1.30680E+01        4.80011777725E+03
1.30740E+01        4.79600370138E+03
1.30800E+01        4.79189489909E+03
1.30860E+01        4.78779136138E+03
1.30920E+01        4.78369307928E+03
1.30980E+01        4.77960004386E+03
1.31040E+01        4.77551224617E+03
1.31100E+01        4.77142967733E+03
1.31160E+01        4.76735232842E+03
1.31220E+01        4.76328019059E+03
1.31280E+01        4.75921325499E+03
1.31340E+01        4.75515151277E+03
1.31400E+01        4.75109495512E+03
1.31460E+01        4.74704357325E+03
1.31520E+01        4.74299735838E+03
1.31580E+01        4.73895630175E+03
1.31640E+01        4.73492039462E+03
1.31700E+01        4.73088962827E+03
1.31760E+01        4.72686399400E+03
1.31820E+01        4.72284348312E+03
1.31880E+01        4.71882808695E+03
1.31940E+01        4.71481779687E+03
1.32000E+01        4.71081260422E+03
1.32060E+01        4.70681250041E+03
1.32120E+01        4.70281747683E+03
1.32180E+01        4.69882752492E+03
1.32240E+01        4.69484263611E+03
1.32300E+01        4.69086280186E+03
1.32360E+01        4.68688801366E+03
1.32420E+01        4.68291826299E+03
1.32480E+01        4.67895354137E+03
1.32540E+01        4.67499384033E+03
1.32600E+01        4.67103915143E+03
1.32660E+01        4.66708946622E+03
1.32720E+01        4.66314477630E+03
1.32780E+01        4.65920507326E+03
1.32840E+01        4.65527034872E+03
1.32900E+01        4.65134059433E+03
1.32960E+01        4.64741580174E+03
1.33020E+01        4.64349596262E+03
1.33080E+01        4.63958106866E+03
1.33140E+01        4.63567111156E+03
1.33200E+01        4.63176608305E+03
1.33260E+01        4.62786597488E+03
1.33320E+01        4.62397077880E+03
1.33380E+01        4.62008048659E+03
1.33440E+01        4.61619509004E+03
1.33500E+01        4.61231458096E+03
1.33560E+01        4.60843895119E+03
1.33620E+01        4.60456819255E+03
1.33680E+01        4.60070229693E+03
1.33740E+01        4.59684125618E+03
1.33800E+01        4.59298506222E+03
1.33860E+01        4.58913370695E+03
1.33920E+01        4.58528718230E+03
1.33980E+01        4.58144548021E+03
1.34040E+01        4.57760859266E+03
1.34100E+01        4.57377651161E+03
1.34160E+01        4.56994922907E+03
1.34220E+01        4.56612673705E+03
1.34280E+01        4.56230902757E+03
1.34340E+01        4.55849609268E+03
1.34400E+01        4.55468792445E+03
1.34460E+01        4.55088451495E+03
1.34520E+01        4.54708585628E+03
1.34580E+01        4.54329194055E+03
1.34640E+01        4.53950275988E+03
1.34700E+01        4.53571830642E+03
1.34760E+01        4.53193857233E+03
1.34820E+01        4.52816354979E+03
1.34880E+01        4.52439323099E+03
1.34940E+01        4.52062760813E+03
1.35000E+01        4.51686667345E+03
1.35060E+01        4.51311041918E+03
1.35120E+01        4.50935883758E+03
1.35180E+01        4.50561192093E+03
1.35240E+01        4.50186966150E+03
1.35300E+01        4.49813205161E+03
1.35360E+01        4.49439908358E+03
1.35420E+01        4.49067074974E+03
1.35480E+01        4.48694704244E+03
1.35540E+01        4.48322795405E+03
1.35600E+01        4.47951347696E+03
1.35660E+01        4.47580360357E+03
1.35720E+01        4.47209832628E+03
1.35780E+01        4.46839763753E+03
1.35840E+01        4.46470152976E+03
1.35900E+01        4.46100999544E+03
1.35960E+01        4.45732302705E+03
1.36020E+01        4.45364061706E+03
1.36080E+01        4.44996275800E+03
1.36140E+01        4.44628944239E+03
1.36200E+01        4.44262066276E+03
1.36260E+01        4.43895641166E+03
1.36320E+01        4.43529668167E+03
1.36380E+01        4.43164146536E+03
1.36440E+01        4.42799075535E+03
1.36500E+01        4.42434454424E+03
1.36560E+01        4.42070282465E+03
1.36620E+01        4.41706558925E+03
1.36680E+01        4.41343283067E+03
1.36740E+01        4.40980454161E+03
1.36800E+01        4.40618071474E+03
1.36860E+01        4.40256134278E+03
1.36920E+01        4.39894641843E+03
1.36980E+01        4.39533593445E+03
1.37040E+01        4.39172988356E+03
1.37100E+01        4.38812825854E+03
1.37160E+01        4.38453105217E+03
1.37220E+01        4.38093825723E+03
1.37280E+01        4.37734986653E+03
1.37340E+01        4.37376587291E+03
1.37400E+01        4.37018626918E+03
1.37460E+01        4.36661104821E+03
1.37520E+01        4.36304020287E+03
1.37580E+01        4.35947372602E+03
1.37640E+01        4.35591161056E+03
1.37700E+01        4.35235384941E+03
1.37760E+01        4.34880043548E+03
1.37820E+01        4.34525136172E+03
1.37880E+01        4.34170662107E+03
1.37940E+01        4.33816620651E+03
1.38000E+01        4.33463011101E+03
1.38060E+01        4.33109832757E+03
1.38120E+01        4.32757084919E+03
1.38180E+01        4.32404766890E+03
1.38240E+01        4.32052877974E+03
1.38300E+01        4.31701417475E+03
1.38360E+01        4.31350384701E+03
1.38420E+01        4.30999778959E+03
1.38480E+01        4.30649599558E+03
1.38540E+01        4.30299845809E+03
1.38600E+01        4.29950517025E+03
1.38660E+01        4.29601612518E+03
1.38720E+01        4.29253131603E+03
1.38780E+01        4.28905073597E+03
1.38840E+01        4.28557437818E+03
1.38900E+01        4.28210223584E+03
1.38960E+01        4.27863430215E+03
1.39020E+01        4.27517057034E+03
1.39080E+01        4.27171103364E+03
1.39140E+01        4.26825568528E+03
1.39200E+01        4.26480451853E+03
1.39260E+01        4.26135752665E+03
1.39320E+01        4.25791470294E+03
1.39380E+01        4.25447604069E+03
1.39440E+01        4.25104153321E+03
1.39500E+01        4.24761117384E+03
1.39560E+01        4.24418495589E+03
1.39620E+01        4.24076287274E+03
1.39680E+01        4.23734491774E+03
1.39740E+01        4.23393108427E+03
1.39800E+01        4.23052136573E+03
1.39860E+01        4.22711575551E+03
1.39920E+01        4.22371424704E+03
1.39980E+01        4.22031683375E+03
1.40040E+01        4.21692350908E+03
