# %ECSV 0.9
# ---
# datatype:
# - {name: wavelength, unit: micron, datatype: float64}
# - {name: flux, unit: microJansky, datatype: float64}
# schema: astropy-2.0
#
#
#  - - File generated by ExoNoodle - -
#         V1.0.0 - MML (CEA-Saclay)
#       2021-02-26 14:01:48.325215
wavelength flux 
3.00000E+00        5.70439971913E+04
3.00600E+00        5.68896620079E+04
3.01200E+00        5.67358854404E+04
3.01800E+00        5.65826653879E+04
3.02400E+00        5.64299997524E+04
3.03000E+00        5.62778864386E+04
3.03600E+00        5.61263233539E+04
3.04200E+00        5.59753084088E+04
3.04800E+00        5.58248395171E+04
3.05400E+00        5.56749145956E+04
3.06000E+00        5.55255315646E+04
3.06600E+00        5.53766883478E+04
3.07200E+00        5.52283828725E+04
3.07800E+00        5.50806130697E+04
3.08400E+00        5.49333768743E+04
3.09000E+00        5.47866722248E+04
3.09600E+00        5.46404970639E+04
3.10200E+00        5.44948493385E+04
3.10800E+00        5.43497269993E+04
3.11400E+00        5.42051280017E+04
3.12000E+00        5.40610503051E+04
3.12600E+00        5.39174918735E+04
3.13200E+00        5.37744506755E+04
3.13800E+00        5.36319246840E+04
3.14400E+00        5.34899118769E+04
3.15000E+00        5.33484102367E+04
3.15600E+00        5.32074177507E+04
3.16200E+00        5.30669324111E+04
3.16800E+00        5.29269522152E+04
3.17400E+00        5.27874751652E+04
3.18000E+00        5.26484992685E+04
3.18600E+00        5.25100225374E+04
3.19200E+00        5.23720429896E+04
3.19800E+00        5.22345586483E+04
3.20400E+00        5.20975675416E+04
3.21000E+00        5.19610677032E+04
3.21600E+00        5.18250571723E+04
3.22200E+00        5.16895339934E+04
3.22800E+00        5.15544962168E+04
3.23400E+00        5.14199418981E+04
3.24000E+00        5.12858690988E+04
3.24600E+00        5.11522758860E+04
3.25200E+00        5.10191603322E+04
3.25800E+00        5.08865205162E+04
3.26400E+00        5.07543545222E+04
3.27000E+00        5.06226604405E+04
3.27600E+00        5.04914363670E+04
3.28200E+00        5.03606804037E+04
3.28800E+00        5.02303906586E+04
3.29400E+00        5.01005652455E+04
3.30000E+00        4.99712022843E+04
3.30600E+00        4.98422999010E+04
3.31200E+00        4.97138562275E+04
3.31800E+00        4.95858694020E+04
3.32400E+00        4.94583375686E+04
3.33000E+00        4.93312588777E+04
3.33600E+00        4.92046314859E+04
3.34200E+00        4.90784535559E+04
3.34800E+00        4.89527232565E+04
3.35400E+00        4.88274387630E+04
3.36000E+00        4.87025982568E+04
3.36600E+00        4.85781999256E+04
3.37200E+00        4.84542419634E+04
3.37800E+00        4.83307225704E+04
3.38400E+00        4.82076399532E+04
3.39000E+00        4.80849923248E+04
3.39600E+00        4.79627779045E+04
3.40200E+00        4.78409949178E+04
3.40800E+00        4.77196415969E+04
3.41400E+00        4.75987161801E+04
3.42000E+00        4.74782169122E+04
3.42600E+00        4.73581420443E+04
3.43200E+00        4.72384898341E+04
3.43800E+00        4.71192585455E+04
3.44400E+00        4.70004464491E+04
3.45000E+00        4.68820518215E+04
3.45600E+00        4.67640729462E+04
3.46200E+00        4.66465081128E+04
3.46800E+00        4.65293556175E+04
3.47400E+00        4.64126137629E+04
3.48000E+00        4.62962808580E+04
3.48600E+00        4.61803552184E+04
3.49200E+00        4.60648351659E+04
3.49800E+00        4.59497190289E+04
3.50400E+00        4.58350051423E+04
3.51000E+00        4.57206918473E+04
3.51600E+00        4.56067774917E+04
3.52200E+00        4.54932604295E+04
3.52800E+00        4.53801390215E+04
3.53400E+00        4.52674116346E+04
3.54000E+00        4.51550766423E+04
3.54600E+00        4.50431324244E+04
3.55200E+00        4.49315773673E+04
3.55800E+00        4.48204098637E+04
3.56400E+00        4.47096283126E+04
3.57000E+00        4.45992311198E+04
3.57600E+00        4.44892166970E+04
3.58200E+00        4.43795834626E+04
3.58800E+00        4.42703298414E+04
3.59400E+00        4.41614542642E+04
3.60000E+00        4.40529551687E+04
3.60600E+00        4.39448309986E+04
3.61200E+00        4.38370802041E+04
3.61800E+00        4.37297012416E+04
3.62400E+00        4.36226925739E+04
3.63000E+00        4.35160526701E+04
3.63600E+00        4.34097800057E+04
3.64200E+00        4.33038730623E+04
3.64800E+00        4.31983303281E+04
3.65400E+00        4.30931502972E+04
3.66000E+00        4.29883314701E+04
3.66600E+00        4.28838723537E+04
3.67200E+00        4.27797714610E+04
3.67800E+00        4.26760273111E+04
3.68400E+00        4.25726384295E+04
3.69000E+00        4.24696033479E+04
3.69600E+00        4.23669206039E+04
3.70200E+00        4.22645887417E+04
3.70800E+00        4.21626063112E+04
3.71400E+00        4.20609718688E+04
3.72000E+00        4.19596839768E+04
3.72600E+00        4.18587412037E+04
3.73200E+00        4.17581421240E+04
3.73800E+00        4.16578853184E+04
3.74400E+00        4.15579693736E+04
3.75000E+00        4.14583928823E+04
3.75600E+00        4.13591544433E+04
3.76200E+00        4.12602526614E+04
3.76800E+00        4.11616861472E+04
3.77400E+00        4.10634535176E+04
3.78000E+00        4.09655533953E+04
3.78600E+00        4.08679844088E+04
3.79200E+00        4.07707451928E+04
3.79800E+00        4.06738343877E+04
3.80400E+00        4.05772506399E+04
3.81000E+00        4.04809926016E+04
3.81600E+00        4.03850589308E+04
3.82200E+00        4.02894482916E+04
3.82800E+00        4.01941593537E+04
3.83400E+00        4.00991907925E+04
3.84000E+00        4.00045412895E+04
3.84600E+00        3.99102095316E+04
3.85200E+00        3.98161942118E+04
3.85800E+00        3.97224940284E+04
3.86400E+00        3.96291076859E+04
3.87000E+00        3.95360338941E+04
3.87600E+00        3.94432713687E+04
3.88200E+00        3.93508188309E+04
3.88800E+00        3.92586750076E+04
3.89400E+00        3.91668386312E+04
3.90000E+00        3.90753084399E+04
3.90600E+00        3.89840831774E+04
3.91200E+00        3.88931615927E+04
3.91800E+00        3.88025424408E+04
3.92400E+00        3.87122244817E+04
3.93000E+00        3.86222064813E+04
3.93600E+00        3.85324872108E+04
3.94200E+00        3.84430654469E+04
3.94800E+00        3.83539399716E+04
3.95400E+00        3.82651095724E+04
3.96000E+00        3.81765730424E+04
3.96600E+00        3.80883291797E+04
3.97200E+00        3.80003767880E+04
3.97800E+00        3.79127146762E+04
3.98400E+00        3.78253416587E+04
3.99000E+00        3.77382565550E+04
3.99600E+00        3.76514581899E+04
4.00200E+00        3.75649453936E+04
4.00800E+00        3.74787170014E+04
4.01400E+00        3.73927718538E+04
4.02000E+00        3.73071087965E+04
4.02600E+00        3.72217266804E+04
4.03200E+00        3.71366243617E+04
4.03800E+00        3.70518007014E+04
4.04400E+00        3.69672545659E+04
4.05000E+00        3.68829848265E+04
4.05600E+00        3.67989903598E+04
4.06200E+00        3.67152700471E+04
4.06800E+00        3.66318227750E+04
4.07400E+00        3.65486474351E+04
4.08000E+00        3.64657429238E+04
4.08600E+00        3.63831081428E+04
4.09200E+00        3.63007419983E+04
4.09800E+00        3.62186434017E+04
4.10400E+00        3.61368112694E+04
4.11000E+00        3.60552445225E+04
4.11600E+00        3.59739420870E+04
4.12200E+00        3.58929028937E+04
4.12800E+00        3.58121258784E+04
4.13400E+00        3.57316099816E+04
4.14000E+00        3.56513541485E+04
4.14600E+00        3.55713573291E+04
4.15200E+00        3.54916184784E+04
4.15800E+00        3.54121365557E+04
4.16400E+00        3.53329105253E+04
4.17000E+00        3.52539393561E+04
4.17600E+00        3.51752220217E+04
4.18200E+00        3.50967575002E+04
4.18800E+00        3.50185447746E+04
4.19400E+00        3.49405828322E+04
4.20000E+00        3.48628706651E+04
4.20600E+00        3.47854072698E+04
4.21200E+00        3.47081916475E+04
4.21800E+00        3.46312228038E+04
4.22400E+00        3.45544997489E+04
4.23000E+00        3.44780214975E+04
4.23600E+00        3.44017870686E+04
4.24200E+00        3.43257954858E+04
4.24800E+00        3.42500457771E+04
4.25400E+00        3.41745369748E+04
4.26000E+00        3.40992681158E+04
4.26600E+00        3.40242382412E+04
4.27200E+00        3.39494463965E+04
4.27800E+00        3.38748916314E+04
4.28400E+00        3.38005730002E+04
4.29000E+00        3.37264895611E+04
4.29600E+00        3.36526403771E+04
4.30200E+00        3.35790245148E+04
4.30800E+00        3.35056410456E+04
4.31400E+00        3.34324890448E+04
4.32000E+00        3.33595675921E+04
4.32600E+00        3.32868757710E+04
4.33200E+00        3.32144126696E+04
4.33800E+00        3.31421773800E+04
4.34400E+00        3.30701689982E+04
4.35000E+00        3.29983866245E+04
4.35600E+00        3.29268293634E+04
4.36200E+00        3.28554963231E+04
4.36800E+00        3.27843866162E+04
4.37400E+00        3.27134993591E+04
4.38000E+00        3.26428336724E+04
4.38600E+00        3.25723886804E+04
4.39200E+00        3.25021635117E+04
4.39800E+00        3.24321572987E+04
4.40400E+00        3.23623691776E+04
4.41000E+00        3.22927982887E+04
4.41600E+00        3.22234437762E+04
4.42200E+00        3.21543047881E+04
4.42800E+00        3.20853804762E+04
4.43400E+00        3.20166699963E+04
4.44000E+00        3.19481725080E+04
4.44600E+00        3.18798871746E+04
4.45200E+00        3.18118131632E+04
4.45800E+00        3.17439496449E+04
4.46400E+00        3.16762957942E+04
4.47000E+00        3.16088507895E+04
4.47600E+00        3.15416138131E+04
4.48200E+00        3.14745840507E+04
4.48800E+00        3.14077606918E+04
4.49400E+00        3.13411429297E+04
4.50000E+00        3.12747299612E+04
4.50600E+00        3.12085209868E+04
4.51200E+00        3.11425152105E+04
4.51800E+00        3.10767118400E+04
4.52400E+00        3.10111100866E+04
4.53000E+00        3.09457091651E+04
4.53600E+00        3.08805082939E+04
4.54200E+00        3.08155066950E+04
4.54800E+00        3.07507035937E+04
4.55400E+00        3.06860982189E+04
4.56000E+00        3.06216898031E+04
4.56600E+00        3.05574775821E+04
4.57200E+00        3.04934607953E+04
4.57800E+00        3.04296386854E+04
4.58400E+00        3.03660104985E+04
4.59000E+00        3.03025754842E+04
4.59600E+00        3.02393328956E+04
4.60200E+00        3.01762819888E+04
4.60800E+00        3.01134220235E+04
4.61400E+00        3.00507522628E+04
4.62000E+00        2.99882719729E+04
4.62600E+00        2.99259804235E+04
4.63200E+00        2.98638768875E+04
4.63800E+00        2.98019606411E+04
4.64400E+00        2.97402309637E+04
4.65000E+00        2.96786871379E+04
4.65600E+00        2.96173284497E+04
4.66200E+00        2.95561541882E+04
4.66800E+00        2.94951636457E+04
4.67400E+00        2.94343561177E+04
4.68000E+00        2.93737309027E+04
4.68600E+00        2.93132873027E+04
4.69200E+00        2.92530246224E+04
4.69800E+00        2.91929421701E+04
4.70400E+00        2.91330392567E+04
4.71000E+00        2.90733151966E+04
4.71600E+00        2.90137693070E+04
4.72200E+00        2.89544009083E+04
4.72800E+00        2.88952093240E+04
4.73400E+00        2.88361938804E+04
4.74000E+00        2.87773539070E+04
4.74600E+00        2.87186887363E+04
4.75200E+00        2.86601977036E+04
4.75800E+00        2.86018801474E+04
4.76400E+00        2.85437354090E+04
4.77000E+00        2.84857628329E+04
4.77600E+00        2.84279617660E+04
4.78200E+00        2.83703315587E+04
4.78800E+00        2.83128715640E+04
4.79400E+00        2.82555811377E+04
4.80000E+00        2.81984596388E+04
4.80600E+00        2.81415064287E+04
4.81200E+00        2.80847208722E+04
4.81800E+00        2.80281023364E+04
4.82400E+00        2.79716501915E+04
4.83000E+00        2.79153638104E+04
4.83600E+00        2.78592425690E+04
4.84200E+00        2.78032858457E+04
4.84800E+00        2.77474930218E+04
4.85400E+00        2.76918634813E+04
4.86000E+00        2.76363966110E+04
4.86600E+00        2.75810918003E+04
4.87200E+00        2.75259484415E+04
4.87800E+00        2.74709659294E+04
4.88400E+00        2.74161436615E+04
4.89000E+00        2.73614810382E+04
4.89600E+00        2.73069774624E+04
4.90200E+00        2.72526323394E+04
4.90800E+00        2.71984450776E+04
4.91400E+00        2.71444150877E+04
4.92000E+00        2.70905417831E+04
4.92600E+00        2.70368245797E+04
4.93200E+00        2.69832628962E+04
4.93800E+00        2.69298561536E+04
4.94400E+00        2.68766037757E+04
4.95000E+00        2.68235051887E+04
4.95600E+00        2.67705598213E+04
4.96200E+00        2.67177671047E+04
4.96800E+00        2.66651264729E+04
4.97400E+00        2.66126373620E+04
4.98000E+00        2.65602992108E+04
4.98600E+00        2.65081114605E+04
4.99200E+00        2.64560735548E+04
4.99800E+00        2.64041849399E+04
5.00400E+00        2.63524450642E+04
5.01000E+00        2.63008533788E+04
5.01600E+00        2.62494093371E+04
5.02200E+00        2.61981123948E+04
5.02800E+00        2.61469620101E+04
5.03400E+00        2.60959576436E+04
5.04000E+00        2.60450987581E+04
5.04600E+00        2.59943848190E+04
5.05200E+00        2.59438152938E+04
5.05800E+00        2.58933896525E+04
5.06400E+00        2.58431073673E+04
5.07000E+00        2.57929679127E+04
5.07600E+00        2.57429707657E+04
5.08200E+00        2.56931154054E+04
5.08800E+00        2.56434013130E+04
5.09400E+00        2.55938279725E+04
5.10000E+00        2.55443948695E+04
5.10600E+00        2.54951014924E+04
5.11200E+00        2.54459473314E+04
5.11800E+00        2.53969318793E+04
5.12400E+00        2.53480546307E+04
5.13000E+00        2.52993150828E+04
5.13600E+00        2.52507127347E+04
5.14200E+00        2.52022470877E+04
5.14800E+00        2.51539176455E+04
5.15400E+00        2.51057239137E+04
5.16000E+00        2.50576654001E+04
5.16600E+00        2.50097416147E+04
5.17200E+00        2.49619520696E+04
5.17800E+00        2.49142962790E+04
5.18400E+00        2.48667737591E+04
5.19000E+00        2.48193840285E+04
5.19600E+00        2.47721266075E+04
5.20200E+00        2.47250010188E+04
5.20800E+00        2.46780067868E+04
5.21400E+00        2.46311434384E+04
5.22000E+00        2.45844105021E+04
5.22600E+00        2.45378075088E+04
5.23200E+00        2.44913339912E+04
5.23800E+00        2.44449894840E+04
5.24400E+00        2.43987735241E+04
5.25000E+00        2.43526856502E+04
5.25600E+00        2.43067254030E+04
5.26200E+00        2.42608923253E+04
5.26800E+00        2.42151859617E+04
5.27400E+00        2.41696058590E+04
5.28000E+00        2.41241515657E+04
5.28600E+00        2.40788226323E+04
5.29200E+00        2.40336186113E+04
5.29800E+00        2.39885390570E+04
5.30400E+00        2.39435835257E+04
5.31000E+00        2.38987515756E+04
5.31600E+00        2.38540427667E+04
5.32200E+00        2.38094566611E+04
5.32800E+00        2.37649928225E+04
5.33400E+00        2.37206508165E+04
5.34000E+00        2.36764302108E+04
5.34600E+00        2.36323305746E+04
5.35200E+00        2.35883514793E+04
5.35800E+00        2.35444924978E+04
5.36400E+00        2.35007532049E+04
5.37000E+00        2.34571331775E+04
5.37600E+00        2.34136319938E+04
5.38200E+00        2.33702492343E+04
5.38800E+00        2.33269844808E+04
5.39400E+00        2.32838373173E+04
5.40000E+00        2.32408073292E+04
5.40600E+00        2.31978941040E+04
5.41200E+00        2.31550972307E+04
5.41800E+00        2.31124163002E+04
5.42400E+00        2.30698509050E+04
5.43000E+00        2.30274006393E+04
5.43600E+00        2.29850650993E+04
5.44200E+00        2.29428438825E+04
5.44800E+00        2.29007365884E+04
5.45400E+00        2.28587428180E+04
5.46000E+00        2.28168621743E+04
5.46600E+00        2.27750942615E+04
5.47200E+00        2.27334386859E+04
5.47800E+00        2.26918950551E+04
5.48400E+00        2.26504629787E+04
5.49000E+00        2.26091420677E+04
5.49600E+00        2.25679319348E+04
5.50200E+00        2.25268321943E+04
5.50800E+00        2.24858424622E+04
5.51400E+00        2.24449623560E+04
5.52000E+00        2.24041914950E+04
5.52600E+00        2.23635294999E+04
5.53200E+00        2.23229759929E+04
5.53800E+00        2.22825305982E+04
5.54400E+00        2.22421929411E+04
5.55000E+00        2.22019626487E+04
5.55600E+00        2.21618393498E+04
5.56200E+00        2.21218226744E+04
5.56800E+00        2.20819122542E+04
5.57400E+00        2.20421077226E+04
5.58000E+00        2.20024087144E+04
5.58600E+00        2.19628148658E+04
5.59200E+00        2.19233258147E+04
5.59800E+00        2.18839412004E+04
5.60400E+00        2.18446606637E+04
5.61000E+00        2.18054838470E+04
5.61600E+00        2.17664103941E+04
5.62200E+00        2.17274399502E+04
5.62800E+00        2.16885721623E+04
5.63400E+00        2.16498066783E+04
5.64000E+00        2.16111431482E+04
5.64600E+00        2.15725812229E+04
5.65200E+00        2.15341205552E+04
5.65800E+00        2.14957607989E+04
5.66400E+00        2.14575016095E+04
5.67000E+00        2.14193426440E+04
5.67600E+00        2.13812835606E+04
5.68200E+00        2.13433240190E+04
5.68800E+00        2.13054636804E+04
5.69400E+00        2.12677022071E+04
5.70000E+00        2.12300392631E+04
5.70600E+00        2.11924745138E+04
5.71200E+00        2.11550076256E+04
5.71800E+00        2.11176382667E+04
5.72400E+00        2.10803661065E+04
5.73000E+00        2.10431908156E+04
5.73600E+00        2.10061120662E+04
5.74200E+00        2.09691295318E+04
5.74800E+00        2.09322428870E+04
5.75400E+00        2.08954518081E+04
5.76000E+00        2.08587559724E+04
5.76600E+00        2.08221550587E+04
5.77200E+00        2.07856487471E+04
5.77800E+00        2.07492367189E+04
5.78400E+00        2.07129186569E+04
5.79000E+00        2.06766942450E+04
5.79600E+00        2.06405631685E+04
5.80200E+00        2.06045251139E+04
5.80800E+00        2.05685797690E+04
5.81400E+00        2.05327268230E+04
5.82000E+00        2.04969659662E+04
5.82600E+00        2.04612968902E+04
5.83200E+00        2.04257192879E+04
5.83800E+00        2.03902328535E+04
5.84400E+00        2.03548372822E+04
5.85000E+00        2.03195322707E+04
5.85600E+00        2.02843175168E+04
5.86200E+00        2.02491927195E+04
5.86800E+00        2.02141575792E+04
5.87400E+00        2.01792117973E+04
5.88000E+00        2.01443550764E+04
5.88600E+00        2.01095871206E+04
5.89200E+00        2.00749076349E+04
5.89800E+00        2.00403163255E+04
5.90400E+00        2.00058129000E+04
5.91000E+00        1.99713970669E+04
5.91600E+00        1.99370685361E+04
5.92200E+00        1.99028270185E+04
5.92800E+00        1.98686722264E+04
5.93400E+00        1.98346038730E+04
5.94000E+00        1.98006216728E+04
5.94600E+00        1.97667253413E+04
5.95200E+00        1.97329145954E+04
5.95800E+00        1.96991891529E+04
5.96400E+00        1.96655487328E+04
5.97000E+00        1.96319930553E+04
5.97600E+00        1.95985218416E+04
5.98200E+00        1.95651348141E+04
5.98800E+00        1.95318316963E+04
5.99400E+00        1.94986122127E+04
6.00000E+00        1.94654760892E+04
6.00600E+00        1.94324230523E+04
6.01200E+00        1.93994528301E+04
6.01800E+00        1.93665651515E+04
6.02400E+00        1.93337597464E+04
6.03000E+00        1.93010363461E+04
6.03600E+00        1.92683946828E+04
6.04200E+00        1.92358344896E+04
6.04800E+00        1.92033555008E+04
6.05400E+00        1.91709574519E+04
6.06000E+00        1.91386400793E+04
6.06600E+00        1.91064031203E+04
6.07200E+00        1.90742463136E+04
6.07800E+00        1.90421693986E+04
6.08400E+00        1.90101721159E+04
6.09000E+00        1.89782542071E+04
6.09600E+00        1.89464154148E+04
6.10200E+00        1.89146554827E+04
6.10800E+00        1.88829741554E+04
6.11400E+00        1.88513711785E+04
6.12000E+00        1.88198462987E+04
6.12600E+00        1.87883992637E+04
6.13200E+00        1.87570298221E+04
6.13800E+00        1.87257377235E+04
6.14400E+00        1.86945227186E+04
6.15000E+00        1.86633845589E+04
6.15600E+00        1.86323229971E+04
6.16200E+00        1.86013377867E+04
6.16800E+00        1.85704286822E+04
6.17400E+00        1.85395954390E+04
6.18000E+00        1.85088378137E+04
6.18600E+00        1.84781555636E+04
6.19200E+00        1.84475484470E+04
6.19800E+00        1.84170162233E+04
6.20400E+00        1.83865586526E+04
6.21000E+00        1.83561754962E+04
6.21600E+00        1.83258665161E+04
6.22200E+00        1.82956314753E+04
6.22800E+00        1.82654701379E+04
6.23400E+00        1.82353822686E+04
6.24000E+00        1.82053676332E+04
6.24600E+00        1.81754259985E+04
6.25200E+00        1.81455571321E+04
6.25800E+00        1.81157608023E+04
6.26400E+00        1.80860367788E+04
6.27000E+00        1.80563848317E+04
6.27600E+00        1.80268047322E+04
6.28200E+00        1.79972962525E+04
6.28800E+00        1.79678591654E+04
6.29400E+00        1.79384932449E+04
6.30000E+00        1.79091982656E+04
6.30600E+00        1.78799740031E+04
6.31200E+00        1.78508202339E+04
6.31800E+00        1.78217367353E+04
6.32400E+00        1.77927232855E+04
6.33000E+00        1.77637796634E+04
6.33600E+00        1.77349056491E+04
6.34200E+00        1.77061010231E+04
6.34800E+00        1.76773655672E+04
6.35400E+00        1.76486990637E+04
6.36000E+00        1.76201012958E+04
6.36600E+00        1.75915720477E+04
6.37200E+00        1.75631111042E+04
6.37800E+00        1.75347182512E+04
6.38400E+00        1.75063932751E+04
6.39000E+00        1.74781359633E+04
6.39600E+00        1.74499461041E+04
6.40200E+00        1.74218234864E+04
6.40800E+00        1.73937679001E+04
6.41400E+00        1.73657791357E+04
6.42000E+00        1.73378569847E+04
6.42600E+00        1.73100012393E+04
6.43200E+00        1.72822116925E+04
6.43800E+00        1.72544881381E+04
6.44400E+00        1.72268303707E+04
6.45000E+00        1.71992381856E+04
6.45600E+00        1.71717113790E+04
6.46200E+00        1.71442497478E+04
6.46800E+00        1.71168530896E+04
6.47400E+00        1.70895212030E+04
6.48000E+00        1.70622538871E+04
6.48600E+00        1.70350509420E+04
6.49200E+00        1.70079121684E+04
6.49800E+00        1.69808373677E+04
6.50400E+00        1.69538263423E+04
6.51000E+00        1.69268788950E+04
6.51600E+00        1.68999948298E+04
6.52200E+00        1.68731739510E+04
6.52800E+00        1.68464160638E+04
6.53400E+00        1.68197209743E+04
6.54000E+00        1.67930884891E+04
6.54600E+00        1.67665184157E+04
6.55200E+00        1.67400105621E+04
6.55800E+00        1.67135647372E+04
6.56400E+00        1.66871807507E+04
6.57000E+00        1.66608584128E+04
6.57600E+00        1.66345975345E+04
6.58200E+00        1.66083979276E+04
6.58800E+00        1.65822594045E+04
6.59400E+00        1.65561817783E+04
6.60000E+00        1.65301648629E+04
6.60600E+00        1.65042084727E+04
6.61200E+00        1.64783124231E+04
6.61800E+00        1.64524765299E+04
6.62400E+00        1.64267006097E+04
6.63000E+00        1.64009844799E+04
6.63600E+00        1.63753279583E+04
6.64200E+00        1.63497308637E+04
6.64800E+00        1.63241930154E+04
6.65400E+00        1.62987142333E+04
6.66000E+00        1.62732943382E+04
6.66600E+00        1.62479331514E+04
6.67200E+00        1.62226304948E+04
6.67800E+00        1.61973861912E+04
6.68400E+00        1.61722000639E+04
6.69000E+00        1.61470719369E+04
6.69600E+00        1.61220016347E+04
6.70200E+00        1.60969889827E+04
6.70800E+00        1.60720338068E+04
6.71400E+00        1.60471359335E+04
6.72000E+00        1.60222951902E+04
6.72600E+00        1.59975114046E+04
6.73200E+00        1.59727844053E+04
6.73800E+00        1.59481140213E+04
6.74400E+00        1.59235000824E+04
6.75000E+00        1.58989424191E+04
6.75600E+00        1.58744408622E+04
6.76200E+00        1.58499952435E+04
6.76800E+00        1.58256053952E+04
6.77400E+00        1.58012711502E+04
6.78000E+00        1.57769923419E+04
6.78600E+00        1.57527688044E+04
6.79200E+00        1.57286003725E+04
6.79800E+00        1.57044868815E+04
6.80400E+00        1.56804281673E+04
6.81000E+00        1.56564240663E+04
6.81600E+00        1.56324744158E+04
6.82200E+00        1.56085790533E+04
6.82800E+00        1.55847378174E+04
6.83400E+00        1.55609505467E+04
6.84000E+00        1.55372170809E+04
6.84600E+00        1.55135372599E+04
6.85200E+00        1.54899109245E+04
6.85800E+00        1.54663379159E+04
6.86400E+00        1.54428180758E+04
6.87000E+00        1.54193512468E+04
6.87600E+00        1.53959372717E+04
6.88200E+00        1.53725759941E+04
6.88800E+00        1.53492672581E+04
6.89400E+00        1.53260109083E+04
6.90000E+00        1.53028067901E+04
6.90600E+00        1.52796547492E+04
6.91200E+00        1.52565546319E+04
6.91800E+00        1.52335062852E+04
6.92400E+00        1.52105095565E+04
6.93000E+00        1.51875642939E+04
6.93600E+00        1.51646703460E+04
6.94200E+00        1.51418275617E+04
6.94800E+00        1.51190357909E+04
6.95400E+00        1.50962948837E+04
6.96000E+00        1.50736046909E+04
6.96600E+00        1.50509650637E+04
6.97200E+00        1.50283758540E+04
6.97800E+00        1.50058369141E+04
6.98400E+00        1.49833480969E+04
6.99000E+00        1.49609092559E+04
6.99600E+00        1.49385202449E+04
7.00200E+00        1.49161809184E+04
7.00800E+00        1.48938911314E+04
7.01400E+00        1.48716507395E+04
7.02000E+00        1.48494595986E+04
7.02600E+00        1.48273175653E+04
7.03200E+00        1.48052244967E+04
7.03800E+00        1.47831802502E+04
7.04400E+00        1.47611846841E+04
7.05000E+00        1.47392376568E+04
7.05600E+00        1.47173390275E+04
7.06200E+00        1.46954886558E+04
7.06800E+00        1.46736864017E+04
7.07400E+00        1.46519321258E+04
7.08000E+00        1.46302256893E+04
7.08600E+00        1.46085669538E+04
7.09200E+00        1.45869557812E+04
7.09800E+00        1.45653920341E+04
7.10400E+00        1.45438755757E+04
7.11000E+00        1.45224062694E+04
7.11600E+00        1.45009839793E+04
7.12200E+00        1.44796085699E+04
7.12800E+00        1.44582799062E+04
7.13400E+00        1.44369978537E+04
7.14000E+00        1.44157622782E+04
7.14600E+00        1.43945730462E+04
7.15200E+00        1.43734300246E+04
7.15800E+00        1.43523330808E+04
7.16400E+00        1.43312820825E+04
7.17000E+00        1.43102768982E+04
7.17600E+00        1.42893173965E+04
7.18200E+00        1.42684034466E+04
7.18800E+00        1.42475349183E+04
7.19400E+00        1.42267116817E+04
7.20000E+00        1.42059336073E+04
7.20600E+00        1.41852005663E+04
7.21200E+00        1.41645124302E+04
7.21800E+00        1.41438690708E+04
7.22400E+00        1.41232703607E+04
7.23000E+00        1.41027161726E+04
7.23600E+00        1.40822063799E+04
7.24200E+00        1.40617408563E+04
7.24800E+00        1.40413194761E+04
7.25400E+00        1.40209421137E+04
7.26000E+00        1.40006086444E+04
7.26600E+00        1.39803189435E+04
7.27200E+00        1.39600728871E+04
7.27800E+00        1.39398703515E+04
7.28400E+00        1.39197112134E+04
7.29000E+00        1.38995953503E+04
7.29600E+00        1.38795226396E+04
7.30200E+00        1.38594929595E+04
7.30800E+00        1.38395061884E+04
7.31400E+00        1.38195622054E+04
7.32000E+00        1.37996608898E+04
7.32600E+00        1.37798021213E+04
7.33200E+00        1.37599857801E+04
7.33800E+00        1.37402117469E+04
7.34400E+00        1.37204799026E+04
7.35000E+00        1.37007901286E+04
7.35600E+00        1.36811423069E+04
7.36200E+00        1.36615363197E+04
7.36800E+00        1.36419720496E+04
7.37400E+00        1.36224493796E+04
7.38000E+00        1.36029681934E+04
7.38600E+00        1.35835283746E+04
7.39200E+00        1.35641298076E+04
7.39800E+00        1.35447723771E+04
7.40400E+00        1.35254559680E+04
7.41000E+00        1.35061804660E+04
7.41600E+00        1.34869457568E+04
7.42200E+00        1.34677517266E+04
7.42800E+00        1.34485982622E+04
7.43400E+00        1.34294852505E+04
7.44000E+00        1.34104125790E+04
7.44600E+00        1.33913801354E+04
7.45200E+00        1.33723878080E+04
7.45800E+00        1.33534354852E+04
7.46400E+00        1.33345230562E+04
7.47000E+00        1.33156504101E+04
7.47600E+00        1.32968174367E+04
7.48200E+00        1.32780240261E+04
7.48800E+00        1.32592700688E+04
7.49400E+00        1.32405554555E+04
7.50000E+00        1.32218800775E+04
7.50600E+00        1.32032438264E+04
7.51200E+00        1.31846465941E+04
7.51800E+00        1.31660882729E+04
7.52400E+00        1.31475687555E+04
7.53000E+00        1.31290879350E+04
7.53600E+00        1.31106457047E+04
7.54200E+00        1.30922419585E+04
7.54800E+00        1.30738765904E+04
7.55400E+00        1.30555494950E+04
7.56000E+00        1.30372605671E+04
7.56600E+00        1.30190097020E+04
7.57200E+00        1.30007967951E+04
7.57800E+00        1.29826217424E+04
7.58400E+00        1.29644844401E+04
7.59000E+00        1.29463847850E+04
7.59600E+00        1.29283226738E+04
7.60200E+00        1.29102980040E+04
7.60800E+00        1.28923106733E+04
7.61400E+00        1.28743605795E+04
7.62000E+00        1.28564476211E+04
7.62600E+00        1.28385716968E+04
7.63200E+00        1.28207327056E+04
7.63800E+00        1.28029305468E+04
7.64400E+00        1.27851651202E+04
7.65000E+00        1.27674363258E+04
7.65600E+00        1.27497440640E+04
7.66200E+00        1.27320882356E+04
7.66800E+00        1.27144687415E+04
7.67400E+00        1.26968854831E+04
7.68000E+00        1.26793383622E+04
7.68600E+00        1.26618272809E+04
7.69200E+00        1.26443521413E+04
7.69800E+00        1.26269128464E+04
7.70400E+00        1.26095092990E+04
7.71000E+00        1.25921414026E+04
7.71600E+00        1.25748090607E+04
7.72200E+00        1.25575121774E+04
7.72800E+00        1.25402506570E+04
7.73400E+00        1.25230244041E+04
7.74000E+00        1.25058333237E+04
7.74600E+00        1.24886773210E+04
7.75200E+00        1.24715563016E+04
7.75800E+00        1.24544701713E+04
7.76400E+00        1.24374188364E+04
7.77000E+00        1.24204022034E+04
7.77600E+00        1.24034201792E+04
7.78200E+00        1.23864726707E+04
7.78800E+00        1.23695595856E+04
7.79400E+00        1.23526808315E+04
7.80000E+00        1.23358363164E+04
7.80600E+00        1.23190259488E+04
7.81200E+00        1.23022496373E+04
7.81800E+00        1.22855072908E+04
7.82400E+00        1.22687988186E+04
7.83000E+00        1.22521241303E+04
7.83600E+00        1.22354831358E+04
7.84200E+00        1.22188757450E+04
7.84800E+00        1.22023018687E+04
7.85400E+00        1.21857614174E+04
7.86000E+00        1.21692543022E+04
7.86600E+00        1.21527804344E+04
7.87200E+00        1.21363397257E+04
7.87800E+00        1.21199320880E+04
7.88400E+00        1.21035574334E+04
7.89000E+00        1.20872156745E+04
7.89600E+00        1.20709067240E+04
7.90200E+00        1.20546304951E+04
7.90800E+00        1.20383869010E+04
7.91400E+00        1.20221758553E+04
7.92000E+00        1.20059972721E+04
7.92600E+00        1.19898510654E+04
7.93200E+00        1.19737371497E+04
7.93800E+00        1.19576554399E+04
7.94400E+00        1.19416058509E+04
7.95000E+00        1.19255882980E+04
7.95600E+00        1.19096026969E+04
7.96200E+00        1.18936489633E+04
7.96800E+00        1.18777270135E+04
7.97400E+00        1.18618367637E+04
7.98000E+00        1.18459781308E+04
7.98600E+00        1.18301510315E+04
7.99200E+00        1.18143553833E+04
7.99800E+00        1.17985911034E+04
8.00400E+00        1.17828581098E+04
8.01000E+00        1.17671563203E+04
8.01600E+00        1.17514856534E+04
8.02200E+00        1.17358460275E+04
8.02800E+00        1.17202373614E+04
8.03400E+00        1.17046595743E+04
8.04000E+00        1.16891125854E+04
8.04600E+00        1.16735963143E+04
8.05200E+00        1.16581106810E+04
8.05800E+00        1.16426556055E+04
8.06400E+00        1.16272310082E+04
8.07000E+00        1.16118368097E+04
8.07600E+00        1.15964729309E+04
8.08200E+00        1.15811392930E+04
8.08800E+00        1.15658358173E+04
8.09400E+00        1.15505624255E+04
8.10000E+00        1.15353190394E+04
8.10600E+00        1.15201055813E+04
8.11200E+00        1.15049219735E+04
8.11800E+00        1.14897681386E+04
8.12400E+00        1.14746439996E+04
8.13000E+00        1.14595494795E+04
8.13600E+00        1.14444845019E+04
8.14200E+00        1.14294489902E+04
8.14800E+00        1.14144428685E+04
8.15400E+00        1.13994660607E+04
8.16000E+00        1.13845184913E+04
8.16600E+00        1.13696000848E+04
8.17200E+00        1.13547107661E+04
8.17800E+00        1.13398504603E+04
8.18400E+00        1.13250190927E+04
8.19000E+00        1.13102165889E+04
8.19600E+00        1.12954428746E+04
8.20200E+00        1.12806978758E+04
8.20800E+00        1.12659815190E+04
8.21400E+00        1.12512937304E+04
8.22000E+00        1.12366344369E+04
8.22600E+00        1.12220035655E+04
8.23200E+00        1.12074010433E+04
8.23800E+00        1.11928267977E+04
8.24400E+00        1.11782807565E+04
8.25000E+00        1.11637628474E+04
8.25600E+00        1.11492729987E+04
8.26200E+00        1.11348111386E+04
8.26800E+00        1.11203771958E+04
8.27400E+00        1.11059710989E+04
8.28000E+00        1.10915927771E+04
8.28600E+00        1.10772421596E+04
8.29200E+00        1.10629191757E+04
8.29800E+00        1.10486237553E+04
8.30400E+00        1.10343558283E+04
8.31000E+00        1.10201153246E+04
8.31600E+00        1.10059021748E+04
8.32200E+00        1.09917163093E+04
8.32800E+00        1.09775576590E+04
8.33400E+00        1.09634261549E+04
8.34000E+00        1.09493217281E+04
8.34600E+00        1.09352443101E+04
8.35200E+00        1.09211938325E+04
8.35800E+00        1.09071702273E+04
8.36400E+00        1.08931734265E+04
8.37000E+00        1.08792033623E+04
8.37600E+00        1.08652599673E+04
8.38200E+00        1.08513431742E+04
8.38800E+00        1.08374529159E+04
8.39400E+00        1.08235891255E+04
8.40000E+00        1.08097517364E+04
8.40600E+00        1.07959406821E+04
8.41200E+00        1.07821558964E+04
8.41800E+00        1.07683973132E+04
8.42400E+00        1.07546648667E+04
8.43000E+00        1.07409584913E+04
8.43600E+00        1.07272781215E+04
8.44200E+00        1.07136236921E+04
8.44800E+00        1.06999951381E+04
8.45400E+00        1.06863923947E+04
8.46000E+00        1.06728153972E+04
8.46600E+00        1.06592640813E+04
8.47200E+00        1.06457383827E+04
8.47800E+00        1.06322382373E+04
8.48400E+00        1.06187635815E+04
8.49000E+00        1.06053143515E+04
8.49600E+00        1.05918904839E+04
8.50200E+00        1.05784919155E+04
8.50800E+00        1.05651185833E+04
8.51400E+00        1.05517704243E+04
8.52000E+00        1.05384473761E+04
8.52600E+00        1.05251493760E+04
8.53200E+00        1.05118763618E+04
8.53800E+00        1.04986282716E+04
8.54400E+00        1.04854050433E+04
8.55000E+00        1.04722066153E+04
8.55600E+00        1.04590329261E+04
8.56200E+00        1.04458839143E+04
8.56800E+00        1.04327595189E+04
8.57400E+00        1.04196596790E+04
8.58000E+00        1.04065843337E+04
8.58600E+00        1.03935334225E+04
8.59200E+00        1.03805068850E+04
8.59800E+00        1.03675046610E+04
8.60400E+00        1.03545266906E+04
8.61000E+00        1.03415729139E+04
8.61600E+00        1.03286432712E+04
8.62200E+00        1.03157377030E+04
8.62800E+00        1.03028561502E+04
8.63400E+00        1.02899985536E+04
8.64000E+00        1.02771648543E+04
8.64600E+00        1.02643549935E+04
8.65200E+00        1.02515689127E+04
8.65800E+00        1.02388065534E+04
8.66400E+00        1.02260678576E+04
8.67000E+00        1.02133527671E+04
8.67600E+00        1.02006612242E+04
8.68200E+00        1.01879931710E+04
8.68800E+00        1.01753485502E+04
8.69400E+00        1.01627273044E+04
8.70000E+00        1.01501293765E+04
8.70600E+00        1.01375547094E+04
8.71200E+00        1.01250032463E+04
8.71800E+00        1.01124749307E+04
8.72400E+00        1.00999697060E+04
8.73000E+00        1.00874875160E+04
8.73600E+00        1.00750283045E+04
8.74200E+00        1.00625920156E+04
8.74800E+00        1.00501785935E+04
8.75400E+00        1.00377879825E+04
8.76000E+00        1.00254201273E+04
8.76600E+00        1.00130749725E+04
8.77200E+00        1.00007524630E+04
8.77800E+00        9.98845254384E+03
8.78400E+00        9.97617516028E+03
8.79000E+00        9.96392025768E+03
8.79600E+00        9.95168778157E+03
8.80200E+00        9.93947767766E+03
8.80800E+00        9.92728989181E+03
8.81400E+00        9.91512437007E+03
8.82000E+00        9.90298105861E+03
8.82600E+00        9.89085990379E+03
8.83200E+00        9.87876085213E+03
8.83800E+00        9.86668385029E+03
8.84400E+00        9.85462884512E+03
8.85000E+00        9.84259578360E+03
8.85600E+00        9.83058461288E+03
8.86200E+00        9.81859528027E+03
8.86800E+00        9.80662773323E+03
8.87400E+00        9.79468191939E+03
8.88000E+00        9.78275778652E+03
8.88600E+00        9.77085528255E+03
8.89200E+00        9.75897435558E+03
8.89800E+00        9.74711495385E+03
8.90400E+00        9.73527702574E+03
8.91000E+00        9.72346051982E+03
8.91600E+00        9.71166538477E+03
8.92200E+00        9.69989156947E+03
8.92800E+00        9.68813902290E+03
8.93400E+00        9.67640769424E+03
8.94000E+00        9.66469753278E+03
8.94600E+00        9.65300848798E+03
8.95200E+00        9.64134050946E+03
8.95800E+00        9.62969354697E+03
8.96400E+00        9.61806755040E+03
8.97000E+00        9.60646246983E+03
8.97600E+00        9.59487825544E+03
8.98200E+00        9.58331485758E+03
8.98800E+00        9.57177222675E+03
8.99400E+00        9.56025031359E+03
9.00000E+00        9.54874906887E+03
9.00600E+00        9.53726844354E+03
9.01200E+00        9.52580838867E+03
9.01800E+00        9.51436885546E+03
9.02400E+00        9.50294979530E+03
9.03000E+00        9.49155115967E+03
9.03600E+00        9.48017290023E+03
9.04200E+00        9.46881496876E+03
9.04800E+00        9.45747731720E+03
9.05400E+00        9.44615989762E+03
9.06000E+00        9.43486266222E+03
9.06600E+00        9.42358556336E+03
9.07200E+00        9.41232855354E+03
9.07800E+00        9.40109158537E+03
9.08400E+00        9.38987461163E+03
9.09000E+00        9.37867758522E+03
9.09600E+00        9.36750045919E+03
9.10200E+00        9.35634318673E+03
9.10800E+00        9.34520572113E+03
9.11400E+00        9.33408801587E+03
9.12000E+00        9.32299002452E+03
9.12600E+00        9.31191170081E+03
9.13200E+00        9.30085299861E+03
9.13800E+00        9.28981387190E+03
9.14400E+00        9.27879427481E+03
9.15000E+00        9.26779416160E+03
9.15600E+00        9.25681348667E+03
9.16200E+00        9.24585220453E+03
9.16800E+00        9.23491026986E+03
9.17400E+00        9.22398763742E+03
9.18000E+00        9.21308426215E+03
9.18600E+00        9.20220009909E+03
9.19200E+00        9.19133510343E+03
9.19800E+00        9.18048923048E+03
9.20400E+00        9.16966243566E+03
9.21000E+00        9.15885467456E+03
9.21600E+00        9.14806590286E+03
9.22200E+00        9.13729607640E+03
9.22800E+00        9.12654515112E+03
9.23400E+00        9.11581308310E+03
9.24000E+00        9.10509982855E+03
9.24600E+00        9.09440534379E+03
9.25200E+00        9.08372958529E+03
9.25800E+00        9.07307250963E+03
9.26400E+00        9.06243407351E+03
9.27000E+00        9.05181423377E+03
9.27600E+00        9.04121294735E+03
9.28200E+00        9.03063017135E+03
9.28800E+00        9.02006586295E+03
9.29400E+00        9.00951997950E+03
9.30000E+00        8.99899247842E+03
9.30600E+00        8.98848331730E+03
9.31200E+00        8.97799245382E+03
9.31800E+00        8.96751984580E+03
9.32400E+00        8.95706545116E+03
9.33000E+00        8.94662922796E+03
9.33600E+00        8.93621113438E+03
9.34200E+00        8.92581112869E+03
9.34800E+00        8.91542916933E+03
9.35400E+00        8.90506521480E+03
9.36000E+00        8.89471922376E+03
9.36600E+00        8.88439115498E+03
9.37200E+00        8.87408096734E+03
9.37800E+00        8.86378861984E+03
9.38400E+00        8.85351407159E+03
9.39000E+00        8.84325728183E+03
9.39600E+00        8.83301820991E+03
9.40200E+00        8.82279681529E+03
9.40800E+00        8.81259305754E+03
9.41400E+00        8.80240689637E+03
9.42000E+00        8.79223829158E+03
9.42600E+00        8.78208720309E+03
9.43200E+00        8.77195359093E+03
9.43800E+00        8.76183741526E+03
9.44400E+00        8.75173863634E+03
9.45000E+00        8.74165721454E+03
9.45600E+00        8.73159311035E+03
9.46200E+00        8.72154628435E+03
9.46800E+00        8.71151669727E+03
9.47400E+00        8.70150430992E+03
9.48000E+00        8.69150908323E+03
9.48600E+00        8.68153097823E+03
9.49200E+00        8.67156995609E+03
9.49800E+00        8.66162597805E+03
9.50400E+00        8.65169900549E+03
9.51000E+00        8.64178899988E+03
9.51600E+00        8.63189592281E+03
9.52200E+00        8.62201973597E+03
9.52800E+00        8.61216040116E+03
9.53400E+00        8.60231788028E+03
9.54000E+00        8.59249213536E+03
9.54600E+00        8.58268312851E+03
9.55200E+00        8.57289082196E+03
9.55800E+00        8.56311517804E+03
9.56400E+00        8.55335615919E+03
9.57000E+00        8.54361372796E+03
9.57600E+00        8.53388784698E+03
9.58200E+00        8.52417847902E+03
9.58800E+00        8.51448558694E+03
9.59400E+00        8.50480913368E+03
9.60000E+00        8.49514908231E+03
9.60600E+00        8.48550539601E+03
9.61200E+00        8.47587803803E+03
9.61800E+00        8.46626697176E+03
9.62400E+00        8.45667216066E+03
9.63000E+00        8.44709356830E+03
9.63600E+00        8.43753115838E+03
9.64200E+00        8.42798489465E+03
9.64800E+00        8.41845474100E+03
9.65400E+00        8.40894066142E+03
9.66000E+00        8.39944261996E+03
9.66600E+00        8.38996058083E+03
9.67200E+00        8.38049450828E+03
9.67800E+00        8.37104436670E+03
9.68400E+00        8.36161012056E+03
9.69000E+00        8.35219173444E+03
9.69600E+00        8.34278917300E+03
9.70200E+00        8.33340240102E+03
9.70800E+00        8.32403138335E+03
9.71400E+00        8.31467608497E+03
9.72000E+00        8.30533647094E+03
9.72600E+00        8.29601250640E+03
9.73200E+00        8.28670415661E+03
9.73800E+00        8.27741138693E+03
9.74400E+00        8.26813416278E+03
9.75000E+00        8.25887244972E+03
9.75600E+00        8.24962621338E+03
9.76200E+00        8.24039541948E+03
9.76800E+00        8.23118003384E+03
9.77400E+00        8.22198002238E+03
9.78000E+00        8.21279535112E+03
9.78600E+00        8.20362598615E+03
9.79200E+00        8.19447189367E+03
9.79800E+00        8.18533303998E+03
9.80400E+00        8.17620939144E+03
9.81000E+00        8.16710091453E+03
9.81600E+00        8.15800757582E+03
9.82200E+00        8.14892934197E+03
9.82800E+00        8.13986617972E+03
9.83400E+00        8.13081805591E+03
9.84000E+00        8.12178493747E+03
9.84600E+00        8.11276679142E+03
9.85200E+00        8.10376358486E+03
9.85800E+00        8.09477528501E+03
9.86400E+00        8.08580185914E+03
9.87000E+00        8.07684327463E+03
9.87600E+00        8.06789949895E+03
9.88200E+00        8.05897049966E+03
9.88800E+00        8.05005624439E+03
9.89400E+00        8.04115670088E+03
9.90000E+00        8.03227183696E+03
9.90600E+00        8.02340162051E+03
9.91200E+00        8.01454601954E+03
9.91800E+00        8.00570500213E+03
9.92400E+00        7.99687853645E+03
9.93000E+00        7.98806659074E+03
9.93600E+00        7.97926913335E+03
9.94200E+00        7.97048613270E+03
9.94800E+00        7.96171755730E+03
9.95400E+00        7.95296337575E+03
9.96000E+00        7.94422355673E+03
9.96600E+00        7.93549806900E+03
9.97200E+00        7.92678688141E+03
9.97800E+00        7.91808996290E+03
9.98400E+00        7.90940728248E+03
9.99000E+00        7.90073880925E+03
9.99600E+00        7.89208451240E+03
1.00020E+01        7.88344436119E+03
1.00080E+01        7.87481832498E+03
1.00140E+01        7.86620637319E+03
1.00200E+01        7.85760847534E+03
1.00260E+01        7.84902460103E+03
1.00320E+01        7.84045471994E+03
1.00380E+01        7.83189880182E+03
1.00440E+01        7.82335681652E+03
1.00500E+01        7.81482873395E+03
1.00560E+01        7.80631452412E+03
1.00620E+01        7.79781415711E+03
1.00680E+01        7.78932760309E+03
1.00740E+01        7.78085483230E+03
1.00800E+01        7.77239581505E+03
1.00860E+01        7.76395052176E+03
1.00920E+01        7.75551892289E+03
1.00980E+01        7.74710098902E+03
1.01040E+01        7.73869669078E+03
1.01100E+01        7.73030599888E+03
1.01160E+01        7.72192888412E+03
1.01220E+01        7.71356531738E+03
1.01280E+01        7.70521526960E+03
1.01340E+01        7.69687871181E+03
1.01400E+01        7.68855561511E+03
1.01460E+01        7.68024595070E+03
1.01520E+01        7.67194968982E+03
1.01580E+01        7.66366680380E+03
1.01640E+01        7.65539726407E+03
1.01700E+01        7.64714104210E+03
1.01760E+01        7.63889810947E+03
1.01820E+01        7.63066843780E+03
1.01880E+01        7.62245199881E+03
1.01940E+01        7.61424876429E+03
1.02000E+01        7.60605870609E+03
1.02060E+01        7.59788179617E+03
1.02120E+01        7.58971800652E+03
1.02180E+01        7.58156730924E+03
1.02240E+01        7.57342967648E+03
1.02300E+01        7.56530508048E+03
1.02360E+01        7.55719349354E+03
1.02420E+01        7.54909488803E+03
1.02480E+01        7.54100923642E+03
1.02540E+01        7.53293651123E+03
1.02600E+01        7.52487668505E+03
1.02660E+01        7.51682973056E+03
1.02720E+01        7.50879562049E+03
1.02780E+01        7.50077432765E+03
1.02840E+01        7.49276582494E+03
1.02900E+01        7.48477008531E+03
1.02960E+01        7.47678708177E+03
1.03020E+01        7.46881678744E+03
1.03080E+01        7.46085917548E+03
1.03140E+01        7.45291421912E+03
1.03200E+01        7.44498189168E+03
1.03260E+01        7.43706216653E+03
1.03320E+01        7.42915501713E+03
1.03380E+01        7.42126041698E+03
1.03440E+01        7.41337833969E+03
1.03500E+01        7.40550875889E+03
1.03560E+01        7.39765164833E+03
1.03620E+01        7.38980698178E+03
1.03680E+01        7.38197473312E+03
1.03740E+01        7.37415487627E+03
1.03800E+01        7.36634738524E+03
1.03860E+01        7.35855223408E+03
1.03920E+01        7.35076939693E+03
1.03980E+01        7.34299884800E+03
1.04040E+01        7.33524056155E+03
1.04100E+01        7.32749451192E+03
1.04160E+01        7.31976067350E+03
1.04220E+01        7.31203902077E+03
1.04280E+01        7.30432952826E+03
1.04340E+01        7.29663217057E+03
1.04400E+01        7.28894692237E+03
1.04460E+01        7.28127375839E+03
1.04520E+01        7.27361265343E+03
1.04580E+01        7.26596358236E+03
1.04640E+01        7.25832652009E+03
1.04700E+01        7.25070144163E+03
1.04760E+01        7.24308832203E+03
1.04820E+01        7.23548713642E+03
1.04880E+01        7.22789785997E+03
1.04940E+01        7.22032046795E+03
1.05000E+01        7.21275493567E+03
1.05060E+01        7.20520123851E+03
1.05120E+01        7.19765935190E+03
1.05180E+01        7.19012925136E+03
1.05240E+01        7.18261091245E+03
1.05300E+01        7.17510431081E+03
1.05360E+01        7.16760942212E+03
1.05420E+01        7.16012622215E+03
1.05480E+01        7.15265468672E+03
1.05540E+01        7.14519479170E+03
1.05600E+01        7.13774651304E+03
1.05660E+01        7.13030982675E+03
1.05720E+01        7.12288470888E+03
1.05780E+01        7.11547113558E+03
1.05840E+01        7.10806908303E+03
1.05900E+01        7.10067852747E+03
1.05960E+01        7.09329944523E+03
1.06020E+01        7.08593181267E+03
1.06080E+01        7.07857560623E+03
1.06140E+01        7.07123080239E+03
1.06200E+01        7.06389737772E+03
1.06260E+01        7.05657530882E+03
1.06320E+01        7.04926457237E+03
1.06380E+01        7.04196514509E+03
1.06440E+01        7.03467700379E+03
1.06500E+01        7.02740012530E+03
1.06560E+01        7.02013448655E+03
1.06620E+01        7.01288006449E+03
1.06680E+01        7.00563683617E+03
1.06740E+01        6.99840477865E+03
1.06800E+01        6.99118386909E+03
1.06860E+01        6.98397408469E+03
1.06920E+01        6.97677540270E+03
1.06980E+01        6.96958780046E+03
1.07040E+01        6.96241125532E+03
1.07100E+01        6.95524574473E+03
1.07160E+01        6.94809124617E+03
1.07220E+01        6.94094773720E+03
1.07280E+01        6.93381519541E+03
1.07340E+01        6.92669359846E+03
1.07400E+01        6.91958292409E+03
1.07460E+01        6.91248315005E+03
1.07520E+01        6.90539425418E+03
1.07580E+01        6.89831621436E+03
1.07640E+01        6.89124900854E+03
1.07700E+01        6.88419261471E+03
1.07760E+01        6.87714701094E+03
1.07820E+01        6.87011217531E+03
1.07880E+01        6.86308808601E+03
1.07940E+01        6.85607472125E+03
1.08000E+01        6.84907205930E+03
1.08060E+01        6.84208007849E+03
1.08120E+01        6.83509875721E+03
1.08180E+01        6.82812807388E+03
1.08240E+01        6.82116800701E+03
1.08300E+01        6.81421853515E+03
1.08360E+01        6.80727963687E+03
1.08420E+01        6.80035129086E+03
1.08480E+01        6.79343347580E+03
1.08540E+01        6.78652617046E+03
1.08600E+01        6.77962935366E+03
1.08660E+01        6.77274300425E+03
1.08720E+01        6.76586710117E+03
1.08780E+01        6.75900162338E+03
1.08840E+01        6.75214654990E+03
1.08900E+01        6.74530185982E+03
1.08960E+01        6.73846753227E+03
1.09020E+01        6.73164354643E+03
1.09080E+01        6.72482988152E+03
1.09140E+01        6.71802651685E+03
1.09200E+01        6.71123343173E+03
1.09260E+01        6.70445060558E+03
1.09320E+01        6.69767801782E+03
1.09380E+01        6.69091564794E+03
1.09440E+01        6.68416347549E+03
1.09500E+01        6.67742148007E+03
1.09560E+01        6.67068964131E+03
1.09620E+01        6.66396793892E+03
1.09680E+01        6.65725635264E+03
1.09740E+01        6.65055486226E+03
1.09800E+01        6.64386344763E+03
1.09860E+01        6.63718208864E+03
1.09920E+01        6.63051076525E+03
1.09980E+01        6.62384945745E+03
1.10040E+01        6.61719814529E+03
1.10100E+01        6.61055680885E+03
1.10160E+01        6.60392542828E+03
1.10220E+01        6.59730398379E+03
1.10280E+01        6.59069245560E+03
1.10340E+01        6.58409082401E+03
1.10400E+01        6.57749906936E+03
1.10460E+01        6.57091717203E+03
1.10520E+01        6.56434511248E+03
1.10580E+01        6.55778287117E+03
1.10640E+01        6.55123042864E+03
1.10700E+01        6.54468776548E+03
1.10760E+01        6.53815486231E+03
1.10820E+01        6.53163169982E+03
1.10880E+01        6.52511825872E+03
1.10940E+01        6.51861451978E+03
1.11000E+01        6.51212046383E+03
1.11060E+01        6.50563607173E+03
1.11120E+01        6.49916132440E+03
1.11180E+01        6.49269620279E+03
1.11240E+01        6.48624068792E+03
1.11300E+01        6.47979476083E+03
1.11360E+01        6.47335840263E+03
1.11420E+01        6.46693159446E+03
1.11480E+01        6.46051431752E+03
1.11540E+01        6.45410655303E+03
1.11600E+01        6.44770828230E+03
1.11660E+01        6.44131948665E+03
1.11720E+01        6.43494014745E+03
1.11780E+01        6.42857024612E+03
1.11840E+01        6.42220976414E+03
1.11900E+01        6.41585868302E+03
1.11960E+01        6.40951698431E+03
1.12020E+01        6.40318464961E+03
1.12080E+01        6.39686166058E+03
1.12140E+01        6.39054799890E+03
1.12200E+01        6.38424364631E+03
1.12260E+01        6.37794858459E+03
1.12320E+01        6.37166279557E+03
1.12380E+01        6.36538626111E+03
1.12440E+01        6.35911896314E+03
1.12500E+01        6.35286088361E+03
1.12560E+01        6.34661200451E+03
1.12620E+01        6.34037230790E+03
1.12680E+01        6.33414177586E+03
1.12740E+01        6.32792039053E+03
1.12800E+01        6.32170813409E+03
1.12860E+01        6.31550498874E+03
1.12920E+01        6.30931093675E+03
1.12980E+01        6.30312596044E+03
1.13040E+01        6.29695004213E+03
1.13100E+01        6.29078316423E+03
1.13160E+01        6.28462530918E+03
1.13220E+01        6.27847645943E+03
1.13280E+01        6.27233659752E+03
1.13340E+01        6.26620570599E+03
1.13400E+01        6.26008376746E+03
1.13460E+01        6.25397076457E+03
1.13520E+01        6.24786668000E+03
1.13580E+01        6.24177149649E+03
1.13640E+01        6.23568519679E+03
1.13700E+01        6.22960776373E+03
1.13760E+01        6.22353918015E+03
1.13820E+01        6.21747942894E+03
1.13880E+01        6.21142849305E+03
1.13940E+01        6.20538635544E+03
1.14000E+01        6.19935299914E+03
1.14060E+01        6.19332840720E+03
1.14120E+01        6.18731256271E+03
1.14180E+01        6.18130544883E+03
1.14240E+01        6.17530704872E+03
1.14300E+01        6.16931734560E+03
1.14360E+01        6.16333632274E+03
1.14420E+01        6.15736396343E+03
1.14480E+01        6.15140025102E+03
1.14540E+01        6.14544516888E+03
1.14600E+01        6.13949870043E+03
1.14660E+01        6.13356082913E+03
1.14720E+01        6.12763153848E+03
1.14780E+01        6.12171081201E+03
1.14840E+01        6.11579863331E+03
1.14900E+01        6.10989498599E+03
1.14960E+01        6.10399985371E+03
1.15020E+01        6.09811322015E+03
1.15080E+01        6.09223506905E+03
1.15140E+01        6.08636538419E+03
1.15200E+01        6.08050414937E+03
1.15260E+01        6.07465134845E+03
1.15320E+01        6.06880696530E+03
1.15380E+01        6.06297098386E+03
1.15440E+01        6.05714338809E+03
1.15500E+01        6.05132416199E+03
1.15560E+01        6.04551328961E+03
1.15620E+01        6.03971075501E+03
1.15680E+01        6.03391654231E+03
1.15740E+01        6.02813063567E+03
1.15800E+01        6.02235301929E+03
1.15860E+01        6.01658367737E+03
1.15920E+01        6.01082259420E+03
1.15980E+01        6.00506975408E+03
1.16040E+01        5.99932514133E+03
1.16100E+01        5.99358874035E+03
1.16160E+01        5.98786053554E+03
1.16220E+01        5.98214051136E+03
1.16280E+01        5.97642865229E+03
1.16340E+01        5.97072494286E+03
1.16400E+01        5.96502936762E+03
1.16460E+01        5.95934191118E+03
1.16520E+01        5.95366255816E+03
1.16580E+01        5.94799129324E+03
1.16640E+01        5.94232810112E+03
1.16700E+01        5.93667296654E+03
1.16760E+01        5.93102587429E+03
1.16820E+01        5.92538680916E+03
1.16880E+01        5.91975575601E+03
1.16940E+01        5.91413269974E+03
1.17000E+01        5.90851762524E+03
1.17060E+01        5.90291051749E+03
1.17120E+01        5.89731136147E+03
1.17180E+01        5.89172014220E+03
1.17240E+01        5.88613684475E+03
1.17300E+01        5.88056145421E+03
1.17360E+01        5.87499395572E+03
1.17420E+01        5.86943433443E+03
1.17480E+01        5.86388257556E+03
1.17540E+01        5.85833866433E+03
1.17600E+01        5.85280258601E+03
1.17660E+01        5.84727432590E+03
1.17720E+01        5.84175386936E+03
1.17780E+01        5.83624120173E+03
1.17840E+01        5.83073630844E+03
1.17900E+01        5.82523917493E+03
1.17960E+01        5.81974978666E+03
1.18020E+01        5.81426812914E+03
1.18080E+01        5.80879418793E+03
1.18140E+01        5.80332794858E+03
1.18200E+01        5.79786939672E+03
1.18260E+01        5.79241851798E+03
1.18320E+01        5.78697529805E+03
1.18380E+01        5.78153972262E+03
1.18440E+01        5.77611177744E+03
1.18500E+01        5.77069144829E+03
1.18560E+01        5.76527872097E+03
1.18620E+01        5.75987358134E+03
1.18680E+01        5.75447601525E+03
1.18740E+01        5.74908600862E+03
1.18800E+01        5.74370354739E+03
1.18860E+01        5.73832861752E+03
1.18920E+01        5.73296120503E+03
1.18980E+01        5.72760129596E+03
1.19040E+01        5.72224887636E+03
1.19100E+01        5.71690393234E+03
1.19160E+01        5.71156645004E+03
1.19220E+01        5.70623641562E+03
1.19280E+01        5.70091381527E+03
1.19340E+01        5.69559863523E+03
1.19400E+01        5.69029086177E+03
1.19460E+01        5.68499048116E+03
1.19520E+01        5.67969747973E+03
1.19580E+01        5.67441184385E+03
1.19640E+01        5.66913355990E+03
1.19700E+01        5.66386261429E+03
1.19760E+01        5.65859899347E+03
1.19820E+01        5.65334268394E+03
1.19880E+01        5.64809367219E+03
1.19940E+01        5.64285194477E+03
1.20000E+01        5.63761748826E+03
1.20060E+01        5.63239028926E+03
1.20120E+01        5.62717033440E+03
1.20180E+01        5.62195761035E+03
1.20240E+01        5.61675210382E+03
1.20300E+01        5.61155380151E+03
1.20360E+01        5.60636269020E+03
1.20420E+01        5.60117875666E+03
1.20480E+01        5.59600198772E+03
1.20540E+01        5.59083237023E+03
1.20600E+01        5.58566989106E+03
1.20660E+01        5.58051453712E+03
1.20720E+01        5.57536629535E+03
1.20780E+01        5.57022515271E+03
1.20840E+01        5.56509109621E+03
1.20900E+01        5.55996411287E+03
1.20960E+01        5.55484418975E+03
1.21020E+01        5.54973131393E+03
1.21080E+01        5.54462547252E+03
1.21140E+01        5.53952665269E+03
1.21200E+01        5.53443484159E+03
1.21260E+01        5.52935002643E+03
1.21320E+01        5.52427219444E+03
1.21380E+01        5.51920133288E+03
1.21440E+01        5.51413742906E+03
1.21500E+01        5.50908047027E+03
1.21560E+01        5.50403044388E+03
1.21620E+01        5.49898733725E+03
1.21680E+01        5.49395113780E+03
1.21740E+01        5.48892183296E+03
1.21800E+01        5.48389941018E+03
1.21860E+01        5.47888385696E+03
1.21920E+01        5.47387516083E+03
1.21980E+01        5.46887330931E+03
1.22040E+01        5.46387829000E+03
1.22100E+01        5.45889009050E+03
1.22160E+01        5.45390869842E+03
1.22220E+01        5.44893410145E+03
1.22280E+01        5.44396628725E+03
1.22340E+01        5.43900524355E+03
1.22400E+01        5.43405095809E+03
1.22460E+01        5.42910341864E+03
1.22520E+01        5.42416261299E+03
1.22580E+01        5.41922852898E+03
1.22640E+01        5.41430115446E+03
1.22700E+01        5.40938047729E+03
1.22760E+01        5.40446648540E+03
1.22820E+01        5.39955916672E+03
1.22880E+01        5.39465850920E+03
1.22940E+01        5.38976450085E+03
1.23000E+01        5.38487712966E+03
1.23060E+01        5.37999638369E+03
1.23120E+01        5.37512225100E+03
1.23180E+01        5.37025471969E+03
1.23240E+01        5.36539377788E+03
1.23300E+01        5.36053941372E+03
1.23360E+01        5.35569161540E+03
1.23420E+01        5.35085037110E+03
1.23480E+01        5.34601566906E+03
1.23540E+01        5.34118749753E+03
1.23600E+01        5.33636584480E+03
1.23660E+01        5.33155069916E+03
1.23720E+01        5.32674204897E+03
1.23780E+01        5.32193988257E+03
1.23840E+01        5.31714418835E+03
1.23900E+01        5.31235495472E+03
1.23960E+01        5.30757217012E+03
1.24020E+01        5.30279582301E+03
1.24080E+01        5.29802590188E+03
1.24140E+01        5.29326239525E+03
1.24200E+01        5.28850529165E+03
1.24260E+01        5.28375457966E+03
1.24320E+01        5.27901024785E+03
1.24380E+01        5.27427228486E+03
1.24440E+01        5.26954067931E+03
1.24500E+01        5.26481541988E+03
1.24560E+01        5.26009649525E+03
1.24620E+01        5.25538389415E+03
1.24680E+01        5.25067760532E+03
1.24740E+01        5.24597761752E+03
1.24800E+01        5.24128391955E+03
1.24860E+01        5.23659650022E+03
1.24920E+01        5.23191534837E+03
1.24980E+01        5.22724045287E+03
1.25040E+01        5.22257180261E+03
1.25100E+01        5.21790938651E+03
1.25160E+01        5.21325319350E+03
1.25220E+01        5.20860321255E+03
1.25280E+01        5.20395943265E+03
1.25340E+01        5.19932184281E+03
1.25400E+01        5.19469043207E+03
1.25460E+01        5.19006518949E+03
1.25520E+01        5.18544610415E+03
1.25580E+01        5.18083316517E+03
1.25640E+01        5.17622636168E+03
1.25700E+01        5.17162568283E+03
1.25760E+01        5.16703111781E+03
1.25820E+01        5.16244265582E+03
1.25880E+01        5.15786028609E+03
1.25940E+01        5.15328399787E+03
1.26000E+01        5.14871378044E+03
1.26060E+01        5.14414962310E+03
1.26120E+01        5.13959151518E+03
1.26180E+01        5.13503944601E+03
1.26240E+01        5.13049340497E+03
1.26300E+01        5.12595338144E+03
1.26360E+01        5.12141936486E+03
1.26420E+01        5.11689134466E+03
1.26480E+01        5.11236931029E+03
1.26540E+01        5.10785325125E+03
1.26600E+01        5.10334315705E+03
1.26660E+01        5.09883901721E+03
1.26720E+01        5.09434082129E+03
1.26780E+01        5.08984855887E+03
1.26840E+01        5.08536221955E+03
1.26900E+01        5.08088179295E+03
1.26960E+01        5.07640726872E+03
1.27020E+01        5.07193863652E+03
1.27080E+01        5.06747588605E+03
1.27140E+01        5.06301900701E+03
1.27200E+01        5.05856798915E+03
1.27260E+01        5.05412282222E+03
1.27320E+01        5.04968349601E+03
1.27380E+01        5.04525000031E+03
1.27440E+01        5.04082232495E+03
1.27500E+01        5.03640045977E+03
1.27560E+01        5.03198439465E+03
1.27620E+01        5.02757411947E+03
1.27680E+01        5.02316962416E+03
1.27740E+01        5.01877089863E+03
1.27800E+01        5.01437793285E+03
1.27860E+01        5.00999071680E+03
1.27920E+01        5.00560924048E+03
1.27980E+01        5.00123349390E+03
1.28040E+01        4.99686346712E+03
1.28100E+01        4.99249915019E+03
1.28160E+01        4.98814053321E+03
1.28220E+01        4.98378760627E+03
1.28280E+01        4.97944035952E+03
1.28340E+01        4.97509878309E+03
1.28400E+01        4.97076286716E+03
1.28460E+01        4.96643260193E+03
1.28520E+01        4.96210797760E+03
1.28580E+01        4.95778898442E+03
1.28640E+01        4.95347561264E+03
1.28700E+01        4.94916785253E+03
1.28760E+01        4.94486569439E+03
1.28820E+01        4.94056912855E+03
1.28880E+01        4.93627814535E+03
1.28940E+01        4.93199273513E+03
1.29000E+01        4.92771288829E+03
1.29060E+01        4.92343859523E+03
1.29120E+01        4.91916984636E+03
1.29180E+01        4.91490663214E+03
1.29240E+01        4.91064894303E+03
1.29300E+01        4.90639676950E+03
1.29360E+01        4.90215010207E+03
1.29420E+01        4.89790893126E+03
1.29480E+01        4.89367324762E+03
1.29540E+01        4.88944304170E+03
1.29600E+01        4.88521830410E+03
1.29660E+01        4.88099902543E+03
1.29720E+01        4.87678519630E+03
1.29780E+01        4.87257680737E+03
1.29840E+01        4.86837384930E+03
1.29900E+01        4.86417631277E+03
1.29960E+01        4.85998418850E+03
1.30020E+01        4.85579746720E+03
1.30080E+01        4.85161613963E+03
1.30140E+01        4.84744019654E+03
1.30200E+01        4.84326962873E+03
1.30260E+01        4.83910442700E+03
1.30320E+01        4.83494458217E+03
1.30380E+01        4.83079008508E+03
1.30440E+01        4.82664092661E+03
1.30500E+01        4.82249709763E+03
1.30560E+01        4.81835858904E+03
1.30620E+01        4.81422539176E+03
1.30680E+01        4.81009749675E+03
1.30740E+01        4.80597489495E+03
1.30800E+01        4.80185757734E+03
1.30860E+01        4.79774553493E+03
1.30920E+01        4.79363875872E+03
1.30980E+01        4.78953723977E+03
1.31040E+01        4.78544096912E+03
1.31100E+01        4.78134993784E+03
1.31160E+01        4.77726413704E+03
1.31220E+01        4.77318355782E+03
1.31280E+01        4.76910819131E+03
1.31340E+01        4.76503802867E+03
1.31400E+01        4.76097306106E+03
1.31460E+01        4.75691327966E+03
1.31520E+01        4.75285867570E+03
1.31580E+01        4.74880924038E+03
1.31640E+01        4.74476496495E+03
1.31700E+01        4.74072584068E+03
1.31760E+01        4.73669185884E+03
1.31820E+01        4.73266301073E+03
1.31880E+01        4.72863928767E+03
1.31940E+01        4.72462068099E+03
1.32000E+01        4.72060718205E+03
1.32060E+01        4.71659878221E+03
1.32120E+01        4.71259547288E+03
1.32180E+01        4.70859724544E+03
1.32240E+01        4.70460409134E+03
1.32300E+01        4.70061600201E+03
1.32360E+01        4.69663296891E+03
1.32420E+01        4.69265498353E+03
1.32480E+01        4.68868203736E+03
1.32540E+01        4.68471412192E+03
1.32600E+01        4.68075122874E+03
1.32660E+01        4.67679334937E+03
1.32720E+01        4.67284047538E+03
1.32780E+01        4.66889259835E+03
1.32840E+01        4.66494970990E+03
1.32900E+01        4.66101180164E+03
1.32960E+01        4.65707886520E+03
1.33020E+01        4.65315089226E+03
1.33080E+01        4.64922787447E+03
1.33140E+01        4.64530980353E+03
1.33200E+01        4.64139667116E+03
1.33260E+01        4.63748846907E+03
1.33320E+01        4.63358518901E+03
1.33380E+01        4.62968682274E+03
1.33440E+01        4.62579336204E+03
1.33500E+01        4.62190479870E+03
1.33560E+01        4.61802112453E+03
1.33620E+01        4.61414233137E+03
1.33680E+01        4.61026841106E+03
1.33740E+01        4.60639935545E+03
1.33800E+01        4.60253515644E+03
1.33860E+01        4.59867580592E+03
1.33920E+01        4.59482129580E+03
1.33980E+01        4.59097161801E+03
1.34040E+01        4.58712676450E+03
1.34100E+01        4.58328672723E+03
1.34160E+01        4.57945149819E+03
1.34220E+01        4.57562106937E+03
1.34280E+01        4.57179543278E+03
1.34340E+01        4.56797458046E+03
1.34400E+01        4.56415850444E+03
1.34460E+01        4.56034719681E+03
1.34520E+01        4.55654064962E+03
1.34580E+01        4.55273885499E+03
1.34640E+01        4.54894180502E+03
1.34700E+01        4.54514949185E+03
1.34760E+01        4.54136190761E+03
1.34820E+01        4.53757904446E+03
1.34880E+01        4.53380089460E+03
1.34940E+01        4.53002745020E+03
1.35000E+01        4.52625870348E+03
1.35060E+01        4.52249464667E+03
1.35120E+01        4.51873527200E+03
1.35180E+01        4.51498057174E+03
1.35240E+01        4.51123053815E+03
1.35300E+01        4.50748516353E+03
1.35360E+01        4.50374444019E+03
1.35420E+01        4.50000836044E+03
1.35480E+01        4.49627691662E+03
1.35540E+01        4.49255010109E+03
1.35600E+01        4.48882790621E+03
1.35660E+01        4.48511032437E+03
1.35720E+01        4.48139734796E+03
1.35780E+01        4.47768896941E+03
1.35840E+01        4.47398518114E+03
1.35900E+01        4.47028597560E+03
1.35960E+01        4.46659134526E+03
1.36020E+01        4.46290128259E+03
1.36080E+01        4.45921578008E+03
1.36140E+01        4.45553483024E+03
1.36200E+01        4.45185842559E+03
1.36260E+01        4.44818655869E+03
1.36320E+01        4.44451922207E+03
1.36380E+01        4.44085640830E+03
1.36440E+01        4.43719810999E+03
1.36500E+01        4.43354431971E+03
1.36560E+01        4.42989503009E+03
1.36620E+01        4.42625023376E+03
1.36680E+01        4.42260992336E+03
1.36740E+01        4.41897409156E+03
1.36800E+01        4.41534273102E+03
1.36860E+01        4.41171583444E+03
1.36920E+01        4.40809339452E+03
1.36980E+01        4.40447540399E+03
1.37040E+01        4.40086185557E+03
1.37100E+01        4.39725274202E+03
1.37160E+01        4.39364805609E+03
1.37220E+01        4.39004779058E+03
1.37280E+01        4.38645193827E+03
1.37340E+01        4.38286049196E+03
1.37400E+01        4.37927344450E+03
1.37460E+01        4.37569078870E+03
1.37520E+01        4.37211251742E+03
1.37580E+01        4.36853862353E+03
1.37640E+01        4.36496909991E+03
1.37700E+01        4.36140393945E+03
1.37760E+01        4.35784313507E+03
1.37820E+01        4.35428667968E+03
1.37880E+01        4.35073456623E+03
1.37940E+01        4.34718678766E+03
1.38000E+01        4.34364333696E+03
1.38060E+01        4.34010420708E+03
1.38120E+01        4.33656939104E+03
1.38180E+01        4.33303888184E+03
1.38240E+01        4.32951267250E+03
1.38300E+01        4.32599075607E+03
1.38360E+01        4.32247312558E+03
1.38420E+01        4.31895977412E+03
1.38480E+01        4.31545069475E+03
1.38540E+01        4.31194588058E+03
1.38600E+01        4.30844532470E+03
1.38660E+01        4.30494902024E+03
1.38720E+01        4.30145696034E+03
1.38780E+01        4.29796913814E+03
1.38840E+01        4.29448554681E+03
1.38900E+01        4.29100617953E+03
1.38960E+01        4.28753102948E+03
1.39020E+01        4.28406008986E+03
1.39080E+01        4.28059335390E+03
1.39140E+01        4.27713081483E+03
1.39200E+01        4.27367246589E+03
1.39260E+01        4.27021830033E+03
1.39320E+01        4.26676831144E+03
1.39380E+01        4.26332249250E+03
1.39440E+01        4.25988083680E+03
1.39500E+01        4.25644333766E+03
1.39560E+01        4.25300998840E+03
1.39620E+01        4.24958078236E+03
1.39680E+01        4.24615571290E+03
1.39740E+01        4.24273477337E+03
1.39800E+01        4.23931795717E+03
1.39860E+01        4.23590525768E+03
1.39920E+01        4.23249666830E+03
1.39980E+01        4.22909218245E+03
1.40040E+01        4.22569179357E+03
