# %ECSV 0.9
# ---
# datatype:
# - {name: wavelength, unit: micron, datatype: float64}
# - {name: flux, unit: microJansky, datatype: float64}
# schema: astropy-2.0
#
#
#  - - File generated by ExoNoodle - -
#         V1.0.0 - MML (CEA-Saclay)
#       2021-03-25 15:37:33.308590
wavelength flux 
3.00000E+00        7.36954123044E+04
3.00600E+00        7.34933196618E+04
3.01200E+00        7.32920565395E+04
3.01800E+00        7.30914598199E+04
3.02400E+00        7.28915398311E+04
3.03000E+00        7.26924398949E+04
3.03600E+00        7.24940653802E+04
3.04200E+00        7.22963590957E+04
3.04800E+00        7.20994635994E+04
3.05400E+00        7.19032844352E+04
3.06000E+00        7.17077654178E+04
3.06600E+00        7.15130476295E+04
3.07200E+00        7.13189721971E+04
3.07800E+00        7.11256792921E+04
3.08400E+00        7.09330479273E+04
3.09000E+00        7.07411157701E+04
3.09600E+00        7.05499571889E+04
3.10200E+00        7.03594394735E+04
3.10800E+00        7.01696371184E+04
3.11400E+00        6.99805224961E+04
3.12000E+00        6.97921691784E+04
3.12600E+00        6.96044460162E+04
3.13200E+00        6.94174267754E+04
3.13800E+00        6.92310837806E+04
3.14400E+00        6.90454267211E+04
3.15000E+00        6.88604526343E+04
3.15600E+00        6.86761711556E+04
3.16200E+00        6.84925547811E+04
3.16800E+00        6.83096129580E+04
3.17400E+00        6.81273430331E+04
3.18000E+00        6.79457420884E+04
3.18600E+00        6.77648197992E+04
3.19200E+00        6.75844865992E+04
3.19800E+00        6.74048765658E+04
3.20400E+00        6.72259244071E+04
3.21000E+00        6.70476399617E+04
3.21600E+00        6.68699956185E+04
3.22200E+00        6.66929400086E+04
3.22800E+00        6.65165928351E+04
3.23400E+00        6.63408900088E+04
3.24000E+00        6.61657806570E+04
3.24600E+00        6.59913589496E+04
3.25200E+00        6.58175735411E+04
3.25800E+00        6.56443615686E+04
3.26400E+00        6.54718411324E+04
3.27000E+00        6.52999014947E+04
3.27600E+00        6.51286354440E+04
3.28200E+00        6.49579327620E+04
3.28800E+00        6.47879105897E+04
3.29400E+00        6.46185185371E+04
3.30000E+00        6.44496703475E+04
3.30600E+00        6.42814942760E+04
3.31200E+00        6.41138694189E+04
3.31800E+00        6.39468524439E+04
3.32400E+00        6.37805117302E+04
3.33000E+00        6.36147026837E+04
3.33600E+00        6.34494938628E+04
3.34200E+00        6.32848827342E+04
3.34800E+00        6.31209247936E+04
3.35400E+00        6.29575013381E+04
3.36000E+00        6.27946803210E+04
3.36600E+00        6.26324345402E+04
3.37200E+00        6.24707740564E+04
3.37800E+00        6.23097534816E+04
3.38400E+00        6.21492556506E+04
3.39000E+00        6.19893479808E+04
3.39600E+00        6.18300032451E+04
3.40200E+00        6.16712314621E+04
3.40800E+00        6.15130300809E+04
3.41400E+00        6.13553968070E+04
3.42000E+00        6.11983290480E+04
3.42600E+00        6.10417685391E+04
3.43200E+00        6.08858250752E+04
3.43800E+00        6.07304522293E+04
3.44400E+00        6.05756232702E+04
3.45000E+00        6.04213479924E+04
3.45600E+00        6.02675688241E+04
3.46200E+00        6.01143941298E+04
3.46800E+00        5.99617661547E+04
3.47400E+00        5.98096825774E+04
3.48000E+00        5.96580862444E+04
3.48600E+00        5.95070846752E+04
3.49200E+00        5.93565660321E+04
3.49800E+00        5.92066492500E+04
3.50400E+00        5.90571991488E+04
3.51000E+00        5.89083340854E+04
3.51600E+00        5.87599433577E+04
3.52200E+00        5.86121329518E+04
3.52800E+00        5.84647927310E+04
3.53400E+00        5.83180280377E+04
3.54000E+00        5.81717294140E+04
3.54600E+00        5.80259483383E+04
3.55200E+00        5.78807357031E+04
3.55800E+00        5.77359828850E+04
3.56400E+00        5.75917411604E+04
3.57000E+00        5.74480081267E+04
3.57600E+00        5.73048343575E+04
3.58200E+00        5.71621123279E+04
3.58800E+00        5.70198926464E+04
3.59400E+00        5.68781731214E+04
3.60000E+00        5.67369516851E+04
3.60600E+00        5.65962262215E+04
3.61200E+00        5.64559945671E+04
3.61800E+00        5.63162547378E+04
3.62400E+00        5.61770561147E+04
3.63000E+00        5.60382933818E+04
3.63600E+00        5.59000161799E+04
3.64200E+00        5.57621711348E+04
3.64800E+00        5.56248589468E+04
3.65400E+00        5.54880260773E+04
3.66000E+00        5.53516704925E+04
3.66600E+00        5.52157902232E+04
3.67200E+00        5.50803832531E+04
3.67800E+00        5.49454357518E+04
3.68400E+00        5.48109693232E+04
3.69000E+00        5.46769200545E+04
3.69600E+00        5.45433863768E+04
3.70200E+00        5.44103160506E+04
3.70800E+00        5.42777071130E+04
3.71400E+00        5.41455078449E+04
3.72000E+00        5.40138159516E+04
3.72600E+00        5.38825795558E+04
3.73200E+00        5.37517968376E+04
3.73800E+00        5.36214164873E+04
3.74400E+00        5.34915353321E+04
3.75000E+00        5.33620530776E+04
3.75600E+00        5.32330542098E+04
3.76200E+00        5.31045111829E+04
3.76800E+00        5.29763617058E+04
3.77400E+00        5.28486527772E+04
3.78000E+00        5.27214310397E+04
3.78600E+00        5.25946459571E+04
3.79200E+00        5.24682475220E+04
3.79800E+00        5.23422822433E+04
3.80400E+00        5.22167962798E+04
3.81000E+00        5.20916918829E+04
3.81600E+00        5.19670512991E+04
3.82200E+00        5.18428005034E+04
3.82800E+00        5.17190212314E+04
3.83400E+00        5.15956167952E+04
3.84000E+00        5.14726328991E+04
3.84600E+00        5.13501150094E+04
3.85200E+00        5.12279668830E+04
3.85800E+00        5.11062341146E+04
3.86400E+00        5.09849616018E+04
3.87000E+00        5.08640426349E+04
3.87600E+00        5.07435451447E+04
3.88200E+00        5.06235025896E+04
3.88800E+00        5.05038200193E+04
3.89400E+00        5.03845424015E+04
3.90000E+00        5.02656680378E+04
3.90600E+00        5.01471952379E+04
3.91200E+00        5.00291153497E+04
3.91800E+00        4.99114820993E+04
3.92400E+00        4.97942037812E+04
3.93000E+00        4.96773203930E+04
3.93600E+00        4.95608301830E+04
3.94200E+00        4.94447316066E+04
3.94800E+00        4.93290228784E+04
3.95400E+00        4.92137025179E+04
3.96000E+00        4.90987576379E+04
3.96600E+00        4.89842090210E+04
3.97200E+00        4.88700438802E+04
3.97800E+00        4.87562606655E+04
3.98400E+00        4.86428576872E+04
3.99000E+00        4.85298334098E+04
3.99600E+00        4.84171751236E+04
4.00200E+00        4.83049034892E+04
4.00800E+00        4.81930058950E+04
4.01400E+00        4.80814806893E+04
4.02000E+00        4.79703263725E+04
4.02600E+00        4.78595414516E+04
4.03200E+00        4.77491132466E+04
4.03800E+00        4.76390623452E+04
4.04400E+00        4.75293763077E+04
4.05000E+00        4.74200099267E+04
4.05600E+00        4.73110489486E+04
4.06200E+00        4.72024481753E+04
4.06800E+00        4.70941952442E+04
4.07400E+00        4.69863105211E+04
4.08000E+00        4.68787385930E+04
4.08600E+00        4.67715640957E+04
4.09200E+00        4.66647424627E+04
4.09800E+00        4.65582722370E+04
4.10400E+00        4.64520984303E+04
4.11000E+00        4.63463267852E+04
4.11600E+00        4.62409021240E+04
4.12200E+00        4.61357808838E+04
4.12800E+00        4.60310462354E+04
4.13400E+00        4.59266436298E+04
4.14000E+00        4.58225511686E+04
4.14600E+00        4.57188407774E+04
4.15200E+00        4.56154271899E+04
4.15800E+00        4.55123927850E+04
4.16400E+00        4.54096938823E+04
4.17000E+00        4.53072776007E+04
4.17600E+00        4.52052467728E+04
4.18200E+00        4.51035058350E+04
4.18800E+00        4.50021371549E+04
4.19400E+00        4.49010558421E+04
4.20000E+00        4.48003332492E+04
4.20600E+00        4.46999061912E+04
4.21200E+00        4.45998456408E+04
4.21800E+00        4.45000674870E+04
4.22400E+00        4.44006530067E+04
4.23000E+00        4.43015078938E+04
4.23600E+00        4.42027337933E+04
4.24200E+00        4.41042380978E+04
4.24800E+00        4.40060995987E+04
4.25400E+00        4.39082370958E+04
4.26000E+00        4.38106783592E+04
4.26600E+00        4.37134840923E+04
4.27200E+00        4.36165613788E+04
4.27800E+00        4.35199495581E+04
4.28400E+00        4.34236478037E+04
4.29000E+00        4.33275641147E+04
4.29600E+00        4.32278398564E+04
4.30200E+00        4.31249264301E+04
4.30800E+00        4.30368897323E+04
4.31400E+00        4.29379002658E+04
4.32000E+00        4.28436968142E+04
4.32600E+00        4.27228027630E+04
4.33200E+00        4.26550240472E+04
4.33800E+00        4.25575111388E+04
4.34400E+00        4.24549855424E+04
4.35000E+00        4.23538594205E+04
4.35600E+00        4.22688530173E+04
4.36200E+00        4.21734336438E+04
4.36800E+00        4.20802094209E+04
4.37400E+00        4.19491637992E+04
4.38000E+00        4.19045447479E+04
4.38600E+00        4.17845680353E+04
4.39200E+00        4.17207512757E+04
4.39800E+00        4.16002571455E+04
4.40400E+00        4.15350719394E+04
4.41000E+00        4.14441696688E+04
4.41600E+00        4.13410996576E+04
4.42200E+00        4.12632011177E+04
4.42800E+00        4.11765482976E+04
4.43400E+00        4.10766279752E+04
4.44000E+00        4.09752850453E+04
4.44600E+00        4.09046257716E+04
4.45200E+00        4.08173273966E+04
4.45800E+00        4.07299368062E+04
4.46400E+00        4.06435329008E+04
4.47000E+00        4.05528405731E+04
4.47600E+00        4.04633865078E+04
4.48200E+00        4.03720444411E+04
4.48800E+00        4.02831058197E+04
4.49400E+00        4.01987974198E+04
4.50000E+00        4.01066686183E+04
4.50600E+00        4.00217565531E+04
4.51200E+00        3.99412146009E+04
4.51800E+00        3.98605584909E+04
4.52400E+00        3.97375431445E+04
4.53000E+00        3.96970747227E+04
4.53600E+00        3.96112739922E+04
4.54200E+00        3.95271206294E+04
4.54800E+00        3.94444773652E+04
4.55400E+00        3.93531874676E+04
4.56000E+00        3.92732151476E+04
4.56600E+00        3.91734055015E+04
4.57200E+00        3.91064859193E+04
4.57800E+00        3.90275879545E+04
4.58400E+00        3.89329133608E+04
4.59000E+00        3.88554737219E+04
4.59600E+00        3.87761439351E+04
4.60200E+00        3.86501214063E+04
4.60800E+00        3.86096224723E+04
4.61400E+00        3.85315267372E+04
4.62000E+00        3.84347584522E+04
4.62600E+00        3.83693358210E+04
4.63200E+00        3.82959548095E+04
4.63800E+00        3.82180085744E+04
4.64400E+00        3.81310051385E+04
4.65000E+00        3.80528807738E+04
4.65600E+00        3.79877923471E+04
4.66200E+00        3.79120418894E+04
4.66800E+00        3.78236323534E+04
4.67400E+00        3.77221621011E+04
4.68000E+00        3.76631251077E+04
4.68600E+00        3.75957649640E+04
4.69200E+00        3.75063569369E+04
4.69800E+00        3.74322069306E+04
4.70400E+00        3.73621363086E+04
4.71000E+00        3.72785318357E+04
4.71600E+00        3.72009182034E+04
4.72200E+00        3.71289189650E+04
4.72800E+00        3.70505629808E+04
4.73400E+00        3.69650861982E+04
4.74000E+00        3.68950455267E+04
4.74600E+00        3.68173590797E+04
4.75200E+00        3.67449438412E+04
4.75800E+00        3.66667933342E+04
4.76400E+00        3.65731890171E+04
4.77000E+00        3.65238017771E+04
4.77600E+00        3.64421713735E+04
4.78200E+00        3.63640051807E+04
4.78800E+00        3.63011779588E+04
4.79400E+00        3.61764629415E+04
4.80000E+00        3.61421855277E+04
4.80600E+00        3.60780225613E+04
4.81200E+00        3.59770629612E+04
4.81800E+00        3.59321814688E+04
4.82400E+00        3.58342763996E+04
4.83000E+00        3.57876783797E+04
4.83600E+00        3.56751880182E+04
4.84200E+00        3.56361091535E+04
4.84800E+00        3.55721224964E+04
4.85400E+00        3.54746990081E+04
4.86000E+00        3.54275487467E+04
4.86600E+00        3.53424980961E+04
4.87200E+00        3.52798376723E+04
4.87800E+00        3.52033677896E+04
4.88400E+00        3.51180007558E+04
4.89000E+00        3.50692934645E+04
4.89600E+00        3.49961114751E+04
4.90200E+00        3.49333314015E+04
4.90800E+00        3.48469660287E+04
4.91400E+00        3.47879207042E+04
4.92000E+00        3.46651984697E+04
4.92600E+00        3.46408355116E+04
4.93200E+00        3.45672656496E+04
4.93800E+00        3.44578277751E+04
4.94400E+00        3.44387399423E+04
4.95000E+00        3.43773166072E+04
4.95600E+00        3.43040610045E+04
4.96200E+00        3.42389990605E+04
4.96800E+00        3.41563653566E+04
4.97400E+00        3.41081492324E+04
4.98000E+00        3.40113949539E+04
4.98600E+00        3.39717927639E+04
4.99200E+00        3.39005982101E+04
4.99800E+00        3.38405082685E+04
5.00400E+00        3.37667868047E+04
5.01000E+00        3.36547242799E+04
5.01600E+00        3.36291440843E+04
5.02200E+00        3.35582962740E+04
5.02800E+00        3.34873831996E+04
5.03400E+00        3.34411322036E+04
5.04000E+00        3.33530153149E+04
5.04600E+00        3.33089360316E+04
5.05200E+00        3.32374128578E+04
5.05800E+00        3.31769910621E+04
5.06400E+00        3.31096546490E+04
5.07000E+00        3.30479121589E+04
5.07600E+00        3.29884828726E+04
5.08200E+00        3.28956724556E+04
5.08800E+00        3.28608265129E+04
5.09400E+00        3.27541265964E+04
5.10000E+00        3.27306179504E+04
5.10600E+00        3.26557252073E+04
5.11200E+00        3.26041547311E+04
5.11800E+00        3.25240000209E+04
5.12400E+00        3.24751233824E+04
5.13000E+00        3.24124420913E+04
5.13600E+00        3.23540394202E+04
5.14200E+00        3.22931627615E+04
5.14800E+00        3.22291062581E+04
5.15400E+00        3.21719604136E+04
5.16000E+00        3.20825483046E+04
5.16600E+00        3.20492552223E+04
5.17200E+00        3.19718129002E+04
5.17800E+00        3.19259931079E+04
5.18400E+00        3.18537057266E+04
5.19000E+00        3.17993119846E+04
5.19600E+00        3.17416695016E+04
5.20200E+00        3.16708289650E+04
5.20800E+00        3.16099466128E+04
5.21400E+00        3.15540262309E+04
5.22000E+00        3.15008027970E+04
5.22600E+00        3.13916563439E+04
5.23200E+00        3.13198179840E+04
5.23800E+00        3.13202468925E+04
5.24400E+00        3.12576764958E+04
5.25000E+00        3.11987306788E+04
5.25600E+00        3.10844594731E+04
5.26200E+00        3.10623269530E+04
5.26800E+00        3.10200547373E+04
5.27400E+00        3.09272111785E+04
5.28000E+00        3.09030871263E+04
5.28600E+00        3.08378611593E+04
5.29200E+00        3.07758722818E+04
5.29800E+00        3.07349409401E+04
5.30400E+00        3.06699918011E+04
5.31000E+00        3.06144005519E+04
5.31600E+00        3.05385946799E+04
5.32200E+00        3.04994856150E+04
5.32800E+00        3.04469113950E+04
5.33400E+00        3.03909740972E+04
5.34000E+00        3.03216063449E+04
5.34600E+00        3.02707804009E+04
5.35200E+00        3.02133385358E+04
5.35800E+00        3.01573434014E+04
5.36400E+00        3.01072560859E+04
5.37000E+00        3.00493173199E+04
5.37600E+00        2.99959193487E+04
5.38200E+00        2.99376199915E+04
5.38800E+00        2.98661423445E+04
5.39400E+00        2.97935052853E+04
5.40000E+00        2.97740017936E+04
5.40600E+00        2.97173011961E+04
5.41200E+00        2.96544417359E+04
5.41800E+00        2.95988424127E+04
5.42400E+00        2.95494085205E+04
5.43000E+00        2.94996448752E+04
5.43600E+00        2.94442396461E+04
5.44200E+00        2.93878733905E+04
5.44800E+00        2.93363189925E+04
5.45400E+00        2.92746947081E+04
5.46000E+00        2.92192313979E+04
5.46600E+00        2.91624746877E+04
5.47200E+00        2.91118970949E+04
5.47800E+00        2.90641145098E+04
5.48400E+00        2.90134674217E+04
5.49000E+00        2.89426883818E+04
5.49600E+00        2.89076477799E+04
5.50200E+00        2.88546802179E+04
5.50800E+00        2.87951766529E+04
5.51400E+00        2.87492269101E+04
5.52000E+00        2.86967843605E+04
5.52600E+00        2.86408452259E+04
5.53200E+00        2.85896938709E+04
5.53800E+00        2.85404303903E+04
5.54400E+00        2.84849840755E+04
5.55000E+00        2.84331215954E+04
5.55600E+00        2.83846014244E+04
5.56200E+00        2.83243140852E+04
5.56800E+00        2.82428111009E+04
5.57400E+00        2.82273542987E+04
5.58000E+00        2.81360732332E+04
5.58600E+00        2.81274933430E+04
5.59200E+00        2.80762885913E+04
5.59800E+00        2.80251003577E+04
5.60400E+00        2.79625226399E+04
5.61000E+00        2.79259127792E+04
5.61600E+00        2.78742596955E+04
5.62200E+00        2.78144224500E+04
5.62800E+00        2.77753923562E+04
5.63400E+00        2.77246387339E+04
5.64000E+00        2.76543489475E+04
5.64600E+00        2.76258787426E+04
5.65200E+00        2.75764797807E+04
5.65800E+00        2.75229005127E+04
5.66400E+00        2.74776501335E+04
5.67000E+00        2.74286128490E+04
5.67600E+00        2.73762163115E+04
5.68200E+00        2.73280425623E+04
5.68800E+00        2.72820624853E+04
5.69400E+00        2.72263067685E+04
5.70000E+00        2.71838352174E+04
5.70600E+00        2.71365595949E+04
5.71200E+00        2.70881813194E+04
5.71800E+00        2.70400425636E+04
5.72400E+00        2.69922123317E+04
5.73000E+00        2.69441820477E+04
5.73600E+00        2.68944398267E+04
5.74200E+00        2.68489820556E+04
5.74800E+00        2.68013875069E+04
5.75400E+00        2.67536216770E+04
5.76000E+00        2.67068540162E+04
5.76600E+00        2.66597073775E+04
5.77200E+00        2.66110819081E+04
5.77800E+00        2.65657300570E+04
5.78400E+00        2.65190640984E+04
5.79000E+00        2.64723426445E+04
5.79600E+00        2.64256220299E+04
5.80200E+00        2.63795047209E+04
5.80800E+00        2.63331158618E+04
5.81400E+00        2.62708495969E+04
5.82000E+00        2.62409792731E+04
5.82600E+00        2.61951228897E+04
5.83200E+00        2.61492577567E+04
5.83800E+00        2.61034945823E+04
5.84400E+00        2.60580876576E+04
5.85000E+00        2.60126153410E+04
5.85600E+00        2.59667836572E+04
5.86200E+00        2.59220692987E+04
5.86800E+00        2.58768918805E+04
5.87400E+00        2.58192393991E+04
5.88000E+00        2.57871207116E+04
5.88600E+00        2.57423371555E+04
5.89200E+00        2.56977391133E+04
5.89800E+00        2.56530908761E+04
5.90400E+00        2.55959741389E+04
5.91000E+00        2.55644997247E+04
5.91600E+00        2.55199240863E+04
5.92200E+00        2.54762433074E+04
5.92800E+00        2.54323014663E+04
5.93400E+00        2.53884484065E+04
5.94000E+00        2.53447229701E+04
5.94600E+00        2.53010803068E+04
5.95200E+00        2.52575968358E+04
5.95800E+00        2.52141654524E+04
5.96400E+00        2.51706830980E+04
5.97000E+00        2.51277015753E+04
5.97600E+00        2.50846454436E+04
5.98200E+00        2.50416525857E+04
5.98800E+00        2.49988142518E+04
5.99400E+00        2.49557424119E+04
6.00000E+00        2.49076451657E+04
6.00600E+00        2.48709025274E+04
6.01200E+00        2.48284727153E+04
6.01800E+00        2.47861498753E+04
6.02400E+00        2.47439562653E+04
6.03000E+00        2.47018465202E+04
6.03600E+00        2.46598424462E+04
6.04200E+00        2.46179368619E+04
6.04800E+00        2.45761435883E+04
6.05400E+00        2.45344776088E+04
6.06000E+00        2.44928937055E+04
6.06600E+00        2.44514139914E+04
6.07200E+00        2.44100160644E+04
6.07800E+00        2.43687882744E+04
6.08400E+00        2.43275968168E+04
6.09000E+00        2.42865082651E+04
6.09600E+00        2.42456108963E+04
6.10200E+00        2.42047491148E+04
6.10800E+00        2.41626185045E+04
6.11400E+00        2.41233309393E+04
6.12000E+00        2.40827736411E+04
6.12600E+00        2.40423171766E+04
6.13200E+00        2.40019831481E+04
6.13800E+00        2.39617273307E+04
6.14400E+00        2.39215713662E+04
6.15000E+00        2.38812533249E+04
6.15600E+00        2.38415728017E+04
6.16200E+00        2.37995123397E+04
6.16800E+00        2.37619546151E+04
6.17400E+00        2.37222930475E+04
6.18000E+00        2.36827294060E+04
6.18600E+00        2.36432633739E+04
6.19200E+00        2.36039162005E+04
6.19800E+00        2.35646446411E+04
6.20400E+00        2.35254695131E+04
6.21000E+00        2.34863907402E+04
6.21600E+00        2.34474080118E+04
6.22200E+00        2.34085210187E+04
6.22800E+00        2.33697508034E+04
6.23400E+00        2.33310543223E+04
6.24000E+00        2.32924261023E+04
6.24600E+00        2.32539457320E+04
6.25200E+00        2.32155327827E+04
6.25800E+00        2.31772137383E+04
6.26400E+00        2.31389882981E+04
6.27000E+00        2.31008561622E+04
6.27600E+00        2.30628381021E+04
6.28200E+00        2.30248848987E+04
6.28800E+00        2.29870310922E+04
6.29400E+00        2.29492691734E+04
6.30000E+00        2.29115990780E+04
6.30600E+00        2.28740205133E+04
6.31200E+00        2.28365331877E+04
6.31800E+00        2.27991576380E+04
6.32400E+00        2.27618518862E+04
6.33000E+00        2.27246365056E+04
6.33600E+00        2.26875114353E+04
6.34200E+00        2.26502276410E+04
6.34800E+00        2.26135299510E+04
6.35400E+00        2.25766731950E+04
6.36000E+00        2.25399053859E+04
6.36600E+00        2.25032262421E+04
6.37200E+00        2.24666354831E+04
6.37800E+00        2.24301535431E+04
6.38400E+00        2.23936977702E+04
6.39000E+00        2.23573705268E+04
6.39600E+00        2.23211713373E+04
6.40200E+00        2.22850183001E+04
6.40800E+00        2.22489519878E+04
6.41400E+00        2.22129721273E+04
6.42000E+00        2.21770718819E+04
6.42600E+00        2.21412643389E+04
6.43200E+00        2.21055422141E+04
6.43800E+00        2.20699054598E+04
6.44400E+00        2.20343538082E+04
6.45000E+00        2.19988869926E+04
6.45600E+00        2.19635047474E+04
6.46200E+00        2.19282068078E+04
6.46800E+00        2.18930129074E+04
6.47400E+00        2.18578829749E+04
6.48000E+00        2.18228363421E+04
6.48600E+00        2.17878729663E+04
6.49200E+00        2.17529925881E+04
6.49800E+00        2.17181949487E+04
6.50400E+00        2.16834797906E+04
6.51000E+00        2.16488468570E+04
6.51600E+00        2.16142961077E+04
6.52200E+00        2.15798071460E+04
6.52800E+00        2.15454390661E+04
6.53400E+00        2.15111324830E+04
6.54000E+00        2.14769068557E+04
6.54600E+00        2.14427619333E+04
6.55200E+00        2.14086974658E+04
6.55800E+00        2.13747134175E+04
6.56400E+00        2.13408091137E+04
6.57000E+00        2.13069845209E+04
6.57600E+00        2.12732393928E+04
6.58200E+00        2.12395734843E+04
6.58800E+00        2.12059801980E+04
6.59400E+00        2.11724722152E+04
6.60000E+00        2.11390425103E+04
6.60600E+00        2.11056910535E+04
6.61200E+00        2.10724176040E+04
6.61800E+00        2.10392219222E+04
6.62400E+00        2.10061037692E+04
6.63000E+00        2.09730631163E+04
6.63600E+00        2.09400993080E+04
6.64200E+00        2.09072123175E+04
6.64800E+00        2.08744209739E+04
6.65400E+00        2.08416868845E+04
6.66000E+00        2.08090291174E+04
6.66600E+00        2.07764470248E+04
6.67200E+00        2.07439405829E+04
6.67800E+00        2.07115095608E+04
6.68400E+00        2.06791537285E+04
6.69000E+00        2.06468728570E+04
6.69600E+00        2.06146480965E+04
6.70200E+00        2.05825352890E+04
6.70800E+00        2.05504779331E+04
6.71400E+00        2.05184946300E+04
6.72000E+00        2.04865853591E+04
6.72600E+00        2.04547494876E+04
6.73200E+00        2.04229869967E+04
6.73800E+00        2.03912976643E+04
6.74400E+00        2.03596812686E+04
6.75000E+00        2.03281377917E+04
6.75600E+00        2.02966666081E+04
6.76200E+00        2.02652677017E+04
6.76800E+00        2.02339408542E+04
6.77400E+00        2.02026860495E+04
6.78000E+00        2.01714842464E+04
6.78600E+00        2.01403906954E+04
6.79200E+00        2.01093499168E+04
6.79800E+00        2.00783619816E+04
6.80400E+00        2.00474629769E+04
6.81000E+00        2.00166528058E+04
6.81600E+00        1.99858946682E+04
6.82200E+00        1.99551886362E+04
6.82800E+00        1.99245705772E+04
6.83400E+00        1.98940222289E+04
6.84000E+00        1.98635435806E+04
6.84600E+00        1.98331340278E+04
6.85200E+00        1.98027935618E+04
6.85800E+00        1.97725219760E+04
6.86400E+00        1.97423192616E+04
6.87000E+00        1.97121848196E+04
6.87600E+00        1.96821186429E+04
6.88200E+00        1.96521205282E+04
6.88800E+00        1.96221904682E+04
6.89400E+00        1.95923278696E+04
6.90000E+00        1.95625327269E+04
6.90600E+00        1.95328050345E+04
6.91200E+00        1.95031442028E+04
6.91800E+00        1.94735502277E+04
6.92400E+00        1.94440229111E+04
6.93000E+00        1.94145622489E+04
6.93600E+00        1.93851676567E+04
6.94200E+00        1.93558391324E+04
6.94800E+00        1.93265766731E+04
6.95400E+00        1.92973796986E+04
6.96000E+00        1.92682482077E+04
6.96600E+00        1.92391644379E+04
6.97200E+00        1.92101576425E+04
6.97800E+00        1.91812214781E+04
6.98400E+00        1.91523500283E+04
6.99000E+00        1.91235432932E+04
6.99600E+00        1.90948007014E+04
7.00200E+00        1.90661222547E+04
7.00800E+00        1.90375079544E+04
7.01400E+00        1.90089572329E+04
7.02000E+00        1.89804700932E+04
7.02600E+00        1.89520463488E+04
7.03200E+00        1.89236860027E+04
7.03800E+00        1.88953884922E+04
7.04400E+00        1.88671538218E+04
7.05000E+00        1.88389819956E+04
7.05600E+00        1.88108724546E+04
7.06200E+00        1.87828080538E+04
7.06800E+00        1.87548231254E+04
7.07400E+00        1.87268999376E+04
7.08000E+00        1.86990384974E+04
7.08600E+00        1.86712388109E+04
7.09200E+00        1.86435003265E+04
7.09800E+00        1.86158230521E+04
7.10400E+00        1.85882069951E+04
7.11000E+00        1.85606516073E+04
7.11600E+00        1.85331568976E+04
7.12200E+00        1.85057228747E+04
7.12800E+00        1.84783321214E+04
7.13400E+00        1.84510184177E+04
7.14000E+00        1.84237646918E+04
7.14600E+00        1.83965709538E+04
7.15200E+00        1.83694366638E+04
7.15800E+00        1.83423618330E+04
7.16400E+00        1.83153521813E+04
7.17000E+00        1.82883957486E+04
7.17600E+00        1.82614982621E+04
7.18200E+00        1.82346430830E+04
7.18800E+00        1.82078630044E+04
7.19400E+00        1.81811413642E+04
7.20000E+00        1.81544781756E+04
7.20600E+00        1.81278729087E+04
7.21200E+00        1.81013255782E+04
7.21800E+00        1.80748361978E+04
7.22400E+00        1.80484042413E+04
7.23000E+00        1.80220132677E+04
7.23600E+00        1.79956960494E+04
7.24200E+00        1.79694361210E+04
7.24800E+00        1.79432329608E+04
7.25400E+00        1.79170865853E+04
7.26000E+00        1.78909970108E+04
7.26600E+00        1.78649637186E+04
7.27200E+00        1.78389867264E+04
7.27800E+00        1.78130660512E+04
7.28400E+00        1.77871849361E+04
7.29000E+00        1.77613759065E+04
7.29600E+00        1.77356225382E+04
7.30200E+00        1.77099248496E+04
7.30800E+00        1.76842823297E+04
7.31400E+00        1.76586949982E+04
7.32000E+00        1.76331467732E+04
7.32600E+00        1.76076693722E+04
7.33200E+00        1.75822466915E+04
7.33800E+00        1.75568785759E+04
7.34400E+00        1.75315650461E+04
7.35000E+00        1.75063055982E+04
7.35600E+00        1.74810842921E+04
7.36200E+00        1.74559330958E+04
7.36800E+00        1.74308355239E+04
7.37400E+00        1.74057915989E+04
7.38000E+00        1.73808011695E+04
7.38600E+00        1.73558642581E+04
7.39200E+00        1.73309645437E+04
7.39800E+00        1.73061337219E+04
7.40400E+00        1.72813557962E+04
7.41000E+00        1.72566307900E+04
7.41600E+00        1.72319582109E+04
7.42200E+00        1.72073223720E+04
7.42800E+00        1.71827545720E+04
7.43400E+00        1.71582391012E+04
7.44000E+00        1.71337754713E+04
7.44600E+00        1.71093637081E+04
7.45200E+00        1.70849880666E+04
7.45800E+00        1.70606797942E+04
7.46400E+00        1.70364227846E+04
7.47000E+00        1.70122170644E+04
7.47600E+00        1.69880469794E+04
7.48200E+00        1.69639434316E+04
7.48800E+00        1.69398909143E+04
7.49400E+00        1.69158889481E+04
7.50000E+00        1.68919375610E+04
7.50600E+00        1.68680212109E+04
7.51200E+00        1.68441707503E+04
7.51800E+00        1.68203702803E+04
7.52400E+00        1.67966198299E+04
7.53000E+00        1.67729039457E+04
7.53600E+00        1.67492531404E+04
7.54200E+00        1.67256521066E+04
7.54800E+00        1.67021003735E+04
7.55400E+00        1.66785827428E+04
7.56000E+00        1.66551295564E+04
7.56600E+00        1.66317255943E+04
7.57200E+00        1.66083703894E+04
7.57800E+00        1.65850488299E+04
7.58400E+00        1.65617910881E+04
7.59000E+00        1.65385818661E+04
7.59600E+00        1.65154210302E+04
7.60200E+00        1.64922935536E+04
7.60800E+00        1.64692291118E+04
7.61400E+00        1.64462126581E+04
7.62000E+00        1.64232440607E+04
7.62600E+00        1.64003082144E+04
7.63200E+00        1.63774351203E+04
7.63800E+00        1.63546093264E+04
7.64400E+00        1.63318308662E+04
7.65000E+00        1.63090847195E+04
7.65600E+00        1.62864005592E+04
7.66200E+00        1.62637633452E+04
7.66800E+00        1.62411582826E+04
7.67400E+00        1.62186145973E+04
7.68000E+00        1.61961174748E+04
7.68600E+00        1.61736667882E+04
7.69200E+00        1.61512476647E+04
7.69800E+00        1.61288894912E+04
7.70400E+00        1.61065775359E+04
7.71000E+00        1.60842966670E+04
7.71600E+00        1.60620763110E+04
7.72200E+00        1.60399016381E+04
7.72800E+00        1.60177579000E+04
7.73400E+00        1.59956742419E+04
7.74000E+00        1.59736360553E+04
7.74600E+00        1.59516283349E+04
7.75200E+00        1.59296802657E+04
7.75800E+00        1.59077771418E+04
7.76400E+00        1.58859043378E+04
7.77000E+00        1.58640907601E+04
7.77600E+00        1.58423217643E+04
7.78200E+00        1.58205829437E+04
7.78800E+00        1.57989027708E+04
7.79400E+00        1.57772668199E+04
7.80000E+00        1.57556605874E+04
7.80600E+00        1.57341127435E+04
7.81200E+00        1.57126087656E+04
7.81800E+00        1.56911342100E+04
7.82400E+00        1.56697177864E+04
7.83000E+00        1.56483447197E+04
7.83600E+00        1.56270007824E+04
7.84200E+00        1.56057144119E+04
7.84800E+00        1.55844712056E+04
7.85400E+00        1.55632568390E+04
7.86000E+00        1.55420996339E+04
7.86600E+00        1.55209854021E+04
7.87200E+00        1.54998995684E+04
7.87800E+00        1.54788704949E+04
7.88400E+00        1.54578697851E+04
7.89000E+00        1.54369255699E+04
7.89600E+00        1.54160236047E+04
7.90200E+00        1.53951497215E+04
7.90800E+00        1.53743320910E+04
7.91400E+00        1.53535562204E+04
7.92000E+00        1.53328081533E+04
7.92600E+00        1.53121157941E+04
7.93200E+00        1.52914510543E+04
7.93800E+00        1.52708417634E+04
7.94400E+00        1.52502738321E+04
7.95000E+00        1.52297332465E+04
7.95600E+00        1.52092477243E+04
7.96200E+00        1.51888033851E+04
7.96800E+00        1.51683859694E+04
7.97400E+00        1.51480232350E+04
7.98000E+00        1.51276873968E+04
7.98600E+00        1.51074059873E+04
7.99200E+00        1.50871512963E+04
7.99800E+00        1.50669507829E+04
8.00400E+00        1.50467905483E+04
8.01000E+00        1.50266567681E+04
8.01600E+00        1.50065767917E+04
8.02200E+00        1.49865232443E+04
8.02800E+00        1.49665231040E+04
8.03400E+00        1.49465627153E+04
8.04000E+00        1.49266283468E+04
8.04600E+00        1.49067471668E+04
8.05200E+00        1.48868918355E+04
8.05800E+00        1.48670894491E+04
8.06400E+00        1.48473127411E+04
8.07000E+00        1.48275887359E+04
8.07600E+00        1.48079037586E+04
8.08200E+00        1.47882442065E+04
8.08800E+00        1.47686369969E+04
8.09400E+00        1.47490551921E+04
8.10000E+00        1.47295253444E+04
8.10600E+00        1.47100221131E+04
8.11200E+00        1.46905725391E+04
8.11800E+00        1.46711445716E+04
8.12400E+00        1.46517682367E+04
8.13000E+00        1.46324300227E+04
8.13600E+00        1.46131164892E+04
8.14200E+00        1.45938542378E+04
8.14800E+00        1.45746165047E+04
8.15400E+00        1.45554298217E+04
8.16000E+00        1.45362674959E+04
8.16600E+00        1.45171561344E+04
8.17200E+00        1.44980688254E+04
8.17800E+00        1.44790321068E+04
8.18400E+00        1.44600194268E+04
8.19000E+00        1.44410571094E+04
8.19600E+00        1.44221186728E+04
8.20200E+00        1.44032303725E+04
8.20800E+00        1.43843789288E+04
8.21400E+00        1.43655511315E+04
8.22000E+00        1.43467731333E+04
8.22600E+00        1.43280186266E+04
8.23200E+00        1.43093136960E+04
8.23800E+00        1.42906321028E+04
8.24400E+00        1.42719998641E+04
8.25000E+00        1.42533909521E+04
8.25600E+00        1.42348310319E+04
8.26200E+00        1.42162941446E+04
8.26800E+00        1.41978061722E+04
8.27400E+00        1.41793410820E+04
8.28000E+00        1.41609246890E+04
8.28600E+00        1.41425310284E+04
8.29200E+00        1.41241858485E+04
8.29800E+00        1.41058632525E+04
8.30400E+00        1.40875889220E+04
8.31000E+00        1.40693370276E+04
8.31600E+00        1.40511331849E+04
8.32200E+00        1.40329516317E+04
8.32800E+00        1.40148179175E+04
8.33400E+00        1.39967063472E+04
8.34000E+00        1.39786424045E+04
8.34600E+00        1.39606004611E+04
8.35200E+00        1.39426059352E+04
8.35800E+00        1.39246334037E+04
8.36400E+00        1.39067079419E+04
8.37000E+00        1.38888041930E+04
8.37600E+00        1.38709347820E+04
8.38200E+00        1.38531122686E+04
8.38800E+00        1.38353112560E+04
8.39400E+00        1.38175569351E+04
8.40000E+00        1.37998239749E+04
8.40600E+00        1.37821375018E+04
8.41200E+00        1.37644722500E+04
8.41800E+00        1.37468532819E+04
8.42400E+00        1.37292553969E+04
8.43000E+00        1.37117035934E+04
8.43600E+00        1.36941727355E+04
8.44200E+00        1.36766877580E+04
8.44800E+00        1.36592235898E+04
8.45400E+00        1.36417926485E+04
8.46000E+00        1.36244072882E+04
8.46600E+00        1.36070425342E+04
8.47200E+00        1.35897231632E+04
8.47800E+00        1.35724242643E+04
8.48400E+00        1.35551705515E+04
8.49000E+00        1.35379371775E+04
8.49600E+00        1.35207487938E+04
8.50200E+00        1.35035806166E+04
8.50800E+00        1.34864572349E+04
8.51400E+00        1.34693539284E+04
8.52000E+00        1.34522829433E+04
8.52600E+00        1.34352564639E+04
8.53200E+00        1.34182498642E+04
8.53800E+00        1.34012875782E+04
8.54400E+00        1.33843450426E+04
8.55000E+00        1.33674467632E+04
8.55600E+00        1.33505678395E+04
8.56200E+00        1.33337209430E+04
8.56800E+00        1.33169177525E+04
8.57400E+00        1.33001339931E+04
8.58000E+00        1.32833938847E+04
8.58600E+00        1.32666730811E+04
8.59200E+00        1.32499836460E+04
8.59800E+00        1.32333375817E+04
8.60400E+00        1.32167106347E+04
8.61000E+00        1.32001268733E+04
8.61600E+00        1.31835621050E+04
8.62200E+00        1.31670283183E+04
8.62800E+00        1.31505374411E+04
8.63400E+00        1.31340653725E+04
8.64000E+00        1.31176360309E+04
8.64600E+00        1.31012253757E+04
8.65200E+00        1.30848572659E+04
8.65800E+00        1.30685077215E+04
8.66400E+00        1.30521886268E+04
8.67000E+00        1.30359118069E+04
8.67600E+00        1.30196533721E+04
8.68200E+00        1.30034370331E+04
8.68800E+00        1.29872389599E+04
8.69400E+00        1.29710709636E+04
8.70000E+00        1.29549447964E+04
8.70600E+00        1.29388367178E+04
8.71200E+00        1.29227702918E+04
8.71800E+00        1.29067218371E+04
8.72400E+00        1.28907030921E+04
8.73000E+00        1.28747257368E+04
8.73600E+00        1.28587661785E+04
8.74200E+00        1.28428361122E+04
8.74800E+00        1.28269471750E+04
8.75400E+00        1.28110758621E+04
8.76000E+00        1.27952455057E+04
8.76600E+00        1.27794326595E+04
8.77200E+00        1.27636489470E+04
8.77800E+00        1.27479059340E+04
8.78400E+00        1.27321802614E+04
8.79000E+00        1.27164835100E+04
8.79600E+00        1.27008272033E+04
8.80200E+00        1.26851880690E+04
8.80800E+00        1.26695892106E+04
8.81400E+00        1.26540074135E+04
8.82000E+00        1.26384541878E+04
8.82600E+00        1.26229409867E+04
8.83200E+00        1.26074446817E+04
8.83800E+00        1.25919767406E+04
8.84400E+00        1.25765485750E+04
8.85000E+00        1.25611371417E+04
8.85600E+00        1.25457538669E+04
8.86200E+00        1.25304101205E+04
8.86800E+00        1.25150829444E+04
8.87400E+00        1.24997951332E+04
8.88000E+00        1.24845280493E+04
8.88600E+00        1.24692845168E+04
8.89200E+00        1.24540801064E+04
8.89800E+00        1.24388919989E+04
8.90400E+00        1.24237315108E+04
8.91000E+00        1.24086099032E+04
8.91600E+00        1.23935044407E+04
8.92200E+00        1.23784262753E+04
8.92800E+00        1.23633869975E+04
8.93400E+00        1.23483635852E+04
8.94000E+00        1.23333673963E+04
8.94600E+00        1.23184096107E+04
8.95200E+00        1.23034676592E+04
8.95800E+00        1.22885527357E+04
8.96400E+00        1.22736759800E+04
8.97000E+00        1.22588147829E+04
8.97600E+00        1.22439806647E+04
8.98200E+00        1.22291842364E+04
8.98800E+00        1.22144034593E+04
8.99400E+00        1.21996493248E+04
9.00000E+00        1.21849328925E+04
9.00600E+00        1.21702318392E+04
9.01200E+00        1.21555572383E+04
9.01800E+00        1.21409201098E+04
9.02400E+00        1.21262982114E+04
9.03000E+00        1.21117025771E+04
9.03600E+00        1.20971441871E+04
9.04200E+00        1.20826008801E+04
9.04800E+00        1.20680836501E+04
9.05400E+00        1.20536034385E+04
9.06000E+00        1.20391382839E+04
9.06600E+00        1.20246989011E+04
9.07200E+00        1.20102963125E+04
9.07800E+00        1.19959083969E+04
9.08400E+00        1.19815463093E+04
9.09000E+00        1.19672098692E+04
9.09600E+00        1.19529099272E+04
9.10200E+00        1.19386245873E+04
9.10800E+00        1.19243648324E+04
9.11400E+00        1.19101412366E+04
9.12000E+00        1.18959321017E+04
9.12600E+00        1.18817482531E+04
9.13200E+00        1.18676003462E+04
9.13800E+00        1.18534669969E+04
9.14400E+00        1.18393586374E+04
9.15000E+00        1.18252861215E+04
9.15600E+00        1.18112277881E+04
9.16200E+00        1.17971943862E+04
9.16800E+00        1.17831858570E+04
9.17400E+00        1.17692128855E+04
9.18000E+00        1.17552539141E+04
9.18600E+00        1.17413196409E+04
9.19200E+00        1.17274207131E+04
9.19800E+00        1.17135356500E+04
9.20400E+00        1.16996751120E+04
9.21000E+00        1.16858497087E+04
9.21600E+00        1.16720380361E+04
9.22200E+00        1.16582507170E+04
9.22800E+00        1.16444876943E+04
9.23400E+00        1.16307595283E+04
9.24000E+00        1.16170449162E+04
9.24600E+00        1.16033544310E+04
9.25200E+00        1.15896985958E+04
9.25800E+00        1.15760561834E+04
9.26400E+00        1.15624377297E+04
9.27000E+00        1.15488431791E+04
9.27600E+00        1.15352830054E+04
9.28200E+00        1.15217360818E+04
9.28800E+00        1.15082128949E+04
9.29400E+00        1.14947278777E+04
9.30000E+00        1.14812519829E+04
9.30600E+00        1.14677996601E+04
9.31200E+00        1.14543708546E+04
9.31800E+00        1.14409759562E+04
9.32400E+00        1.14275940100E+04
9.33000E+00        1.14142354181E+04
9.33600E+00        1.14009105343E+04
9.34200E+00        1.13875984773E+04
9.34800E+00        1.13743097265E+04
9.35400E+00        1.13610440017E+04
9.36000E+00        1.13478117219E+04
9.36600E+00        1.13345921037E+04
9.37200E+00        1.13213954652E+04
9.37800E+00        1.13082217535E+04
9.38400E+00        1.12950812267E+04
9.39000E+00        1.12819531984E+04
9.39600E+00        1.12688479390E+04
9.40200E+00        1.12557653962E+04
9.40800E+00        1.12427157809E+04
9.41400E+00        1.12296785030E+04
9.42000E+00        1.12166637857E+04
9.42600E+00        1.12036818045E+04
9.43200E+00        1.11907120414E+04
9.43800E+00        1.11777647954E+04
9.44400E+00        1.11648397925E+04
9.45000E+00        1.11519472730E+04
9.45600E+00        1.11390668140E+04
9.46200E+00        1.11262085566E+04
9.46800E+00        1.11133724501E+04
9.47400E+00        1.11005685769E+04
9.48000E+00        1.10877766087E+04
9.48600E+00        1.10750066401E+04
9.49200E+00        1.10622586210E+04
9.49800E+00        1.10495425878E+04
9.50400E+00        1.10368383061E+04
9.51000E+00        1.10241559342E+04
9.51600E+00        1.10115052543E+04
9.52200E+00        1.09988662120E+04
9.52800E+00        1.09862488214E+04
9.53400E+00        1.09736530332E+04
9.54000E+00        1.09610888041E+04
9.54600E+00        1.09485360624E+04
9.55200E+00        1.09360047766E+04
9.55800E+00        1.09234948981E+04
9.56400E+00        1.09110201727E+04
9.57000E+00        1.08985529483E+04
9.57600E+00        1.08861070946E+04
9.58200E+00        1.08736823465E+04
9.58800E+00        1.08612787647E+04
9.59400E+00        1.08489062052E+04
9.60000E+00        1.08365448015E+04
9.60600E+00        1.08242044210E+04
9.61200E+00        1.08118850165E+04
9.61800E+00        1.07995963995E+04
9.62400E+00        1.07873187941E+04
9.63000E+00        1.07750620232E+04
9.63600E+00        1.07628260400E+04
9.64200E+00        1.07506206118E+04
9.64800E+00        1.07384261599E+04
9.65400E+00        1.07262522488E+04
9.66000E+00        1.07140989392E+04
9.66600E+00        1.07019759546E+04
9.67200E+00        1.06898636987E+04
9.67800E+00        1.06777719061E+04
9.68400E+00        1.06657005311E+04
9.69000E+00        1.06536495278E+04
9.69600E+00        1.06416285653E+04
9.70200E+00        1.06296181582E+04
9.70800E+00        1.06176279866E+04
9.71400E+00        1.06056581109E+04
9.72000E+00        1.05937082748E+04
9.72600E+00        1.05817881986E+04
9.73200E+00        1.05698785073E+04
9.73800E+00        1.05579888268E+04
9.74400E+00        1.05461191126E+04
9.75000E+00        1.05342789364E+04
9.75600E+00        1.05224490106E+04
9.76200E+00        1.05106389180E+04
9.76800E+00        1.04988486146E+04
9.77400E+00        1.04870780565E+04
9.78000E+00        1.04753368666E+04
9.78600E+00        1.04636056566E+04
9.79200E+00        1.04518977667E+04
9.79800E+00        1.04402057380E+04
9.80400E+00        1.04285332365E+04
9.81000E+00        1.04168897288E+04
9.81600E+00        1.04052561417E+04
9.82200E+00        1.03936419524E+04
9.82800E+00        1.03820471182E+04
9.83400E+00        1.03704716997E+04
9.84000E+00        1.03589249040E+04
9.84600E+00        1.03473878681E+04
9.85200E+00        1.03358700170E+04
9.85800E+00        1.03243713082E+04
9.86400E+00        1.03128916996E+04
9.87000E+00        1.03014405535E+04
9.87600E+00        1.02899990088E+04
9.88200E+00        1.02785764385E+04
9.88800E+00        1.02671729032E+04
9.89400E+00        1.02557881565E+04
9.90000E+00        1.02444316115E+04
9.90600E+00        1.02330845121E+04
9.91200E+00        1.02217561797E+04
9.91800E+00        1.02104465730E+04
9.92400E+00        1.01991556510E+04
9.93000E+00        1.01878926734E+04
9.93600E+00        1.01766389879E+04
9.94200E+00        1.01654039659E+04
9.94800E+00        1.01541873643E+04
9.95400E+00        1.01429892438E+04
9.96000E+00        1.01318095641E+04
9.96600E+00        1.01206575240E+04
9.97200E+00        1.01095145950E+04
9.97800E+00        1.00983899864E+04
9.98400E+00        1.00872836581E+04
9.99000E+00        1.00761955705E+04
9.99600E+00        1.00651257839E+04
1.00020E+01        1.00540868302E+04
1.00080E+01        1.00430532127E+04
1.00140E+01        1.00320376776E+04
1.00200E+01        1.00210401855E+04
1.00260E+01        1.00100606972E+04
1.00320E+01        9.99910830232E+03
1.00380E+01        9.98816469453E+03
1.00440E+01        9.97723907306E+03
1.00500E+01        9.96633120016E+03
1.00560E+01        9.95544113672E+03
1.00620E+01        9.94456884417E+03
1.00680E+01        9.93372335292E+03
1.00740E+01        9.92288647696E+03
1.00800E+01        9.91206725684E+03
1.00860E+01        9.90126565440E+03
1.00920E+01        9.89048173016E+03
1.00980E+01        9.87971524893E+03
1.01040E+01        9.86897528126E+03
1.01100E+01        9.85824376017E+03
1.01160E+01        9.84752966756E+03
1.01220E+01        9.83683296589E+03
1.01280E+01        9.82615361770E+03
1.01340E+01        9.81549158567E+03
1.01400E+01        9.80484693027E+03
1.01460E+01        9.79422836022E+03
1.01520E+01        9.78361804380E+03
1.01580E+01        9.77302489518E+03
1.01640E+01        9.76244887752E+03
1.01700E+01        9.75188995408E+03
1.01760E+01        9.74134808819E+03
1.01820E+01        9.73083212679E+03
1.01880E+01        9.72032425687E+03
1.01940E+01        9.70983692748E+03
1.02000E+01        9.69936291450E+03
1.02060E+01        9.68890577732E+03
1.02120E+01        9.67846547987E+03
1.02180E+01        9.66804198618E+03
1.02240E+01        9.65764407759E+03
1.02300E+01        9.64725407440E+03
1.02360E+01        9.63688076764E+03
1.02420E+01        9.62652421767E+03
1.02480E+01        9.61618419700E+03
1.02540E+01        9.60586076627E+03
1.02600E+01        9.59555389018E+03
1.02660E+01        9.58526353351E+03
1.02720E+01        9.57499840281E+03
1.02780E+01        9.56474097032E+03
1.02840E+01        9.55449995218E+03
1.02900E+01        9.54427531354E+03
1.02960E+01        9.53406711465E+03
1.03020E+01        9.52387513073E+03
1.03080E+01        9.51369942233E+03
1.03140E+01        9.50354863134E+03
1.03200E+01        9.49340536134E+03
1.03260E+01        9.48327826371E+03
1.03320E+01        9.47316730422E+03
1.03380E+01        9.46307244878E+03
1.03440E+01        9.45299366334E+03
1.03500E+01        9.44293091397E+03
1.03560E+01        9.43288426083E+03
1.03620E+01        9.42286208468E+03
1.03680E+01        9.41284723153E+03
1.03740E+01        9.40285134602E+03
1.03800E+01        9.39286859958E+03
1.03860E+01        9.38290134667E+03
1.03920E+01        9.37294989475E+03
1.03980E+01        9.36301421060E+03
1.04040E+01        9.35309426106E+03
1.04100E+01        9.34319010619E+03
1.04160E+01        9.33331004810E+03
1.04220E+01        9.32343709526E+03
1.04280E+01        9.31357974532E+03
1.04340E+01        9.30373796558E+03
1.04400E+01        9.29391172339E+03
1.04460E+01        9.28410098620E+03
1.04520E+01        9.27430572157E+03
1.04580E+01        9.26452589710E+03
1.04640E+01        9.25476148052E+03
1.04700E+01        9.24501243960E+03
1.04760E+01        9.23528726610E+03
1.04820E+01        9.22556887125E+03
1.04880E+01        9.21586575596E+03
1.04940E+01        9.20617788834E+03
1.05000E+01        9.19650523662E+03
1.05060E+01        9.18684776907E+03
1.05120E+01        9.17720545407E+03
1.05180E+01        9.16757826008E+03
1.05240E+01        9.15796615562E+03
1.05300E+01        9.14837746172E+03
1.05360E+01        9.13879543351E+03
1.05420E+01        9.12922840095E+03
1.05480E+01        9.11967642377E+03
1.05540E+01        9.11013928906E+03
1.05600E+01        9.10062037602E+03
1.05660E+01        9.09111301245E+03
1.05720E+01        9.08162048962E+03
1.05780E+01        9.07214277680E+03
1.05840E+01        9.06267984333E+03
1.05900E+01        9.05323165861E+03
1.05960E+01        9.04379819214E+03
1.06020E+01        9.03437941350E+03
1.06080E+01        9.02498353257E+03
1.06140E+01        9.01559403003E+03
1.06200E+01        9.00621921430E+03
1.06260E+01        8.99685887562E+03
1.06320E+01        8.98751307382E+03
1.06380E+01        8.97818177894E+03
1.06440E+01        8.96886496109E+03
1.06500E+01        8.95956259047E+03
1.06560E+01        8.95027463734E+03
1.06620E+01        8.94100107206E+03
1.06680E+01        8.93174186504E+03
1.06740E+01        8.92249698678E+03
1.06800E+01        8.91326640784E+03
1.06860E+01        8.90405822860E+03
1.06920E+01        8.89485615194E+03
1.06980E+01        8.88566828679E+03
1.07040E+01        8.87649460401E+03
1.07100E+01        8.86733507457E+03
1.07160E+01        8.85818966947E+03
1.07220E+01        8.84905835981E+03
1.07280E+01        8.83994111676E+03
1.07340E+01        8.83083799956E+03
1.07400E+01        8.82175204064E+03
1.07460E+01        8.81267682230E+03
1.07520E+01        8.80361555596E+03
1.07580E+01        8.79456821316E+03
1.07640E+01        8.78553476550E+03
1.07700E+01        8.77651518466E+03
1.07760E+01        8.76750944239E+03
1.07820E+01        8.75851751051E+03
1.07880E+01        8.74953936090E+03
1.07940E+01        8.74057496553E+03
1.08000E+01        8.73163226913E+03
1.08060E+01        8.72269529023E+03
1.08120E+01        8.71377198190E+03
1.08180E+01        8.70486231636E+03
1.08240E+01        8.69596626595E+03
1.08300E+01        8.68708380303E+03
1.08360E+01        8.67821490007E+03
1.08420E+01        8.66935952959E+03
1.08480E+01        8.66051766418E+03
1.08540E+01        8.65168927650E+03
1.08600E+01        8.64287433928E+03
1.08660E+01        8.63407282532E+03
1.08720E+01        8.62528470748E+03
1.08780E+01        8.61650995871E+03
1.08840E+01        8.60774855201E+03
1.08900E+01        8.59900046044E+03
1.08960E+01        8.59026565715E+03
1.09020E+01        8.58154411534E+03
1.09080E+01        8.57283580829E+03
1.09140E+01        8.56414070933E+03
1.09200E+01        8.55545879187E+03
1.09260E+01        8.54679318483E+03
1.09320E+01        8.53813754822E+03
1.09380E+01        8.52949501375E+03
1.09440E+01        8.52086555508E+03
1.09500E+01        8.51224914594E+03
1.09560E+01        8.50364576014E+03
1.09620E+01        8.49505537156E+03
1.09680E+01        8.48647795412E+03
1.09740E+01        8.47792130769E+03
1.09800E+01        8.46936966228E+03
1.09860E+01        8.46082326898E+03
1.09920E+01        8.45229747676E+03
1.09980E+01        8.44378452632E+03
1.10040E+01        8.43528439200E+03
1.10100E+01        8.42680474282E+03
1.10160E+01        8.41833015619E+03
1.10220E+01        8.40986830903E+03
1.10280E+01        8.40141917591E+03
1.10340E+01        8.39298273148E+03
1.10400E+01        8.38455895043E+03
1.10460E+01        8.37614780753E+03
1.10520E+01        8.36774927761E+03
1.10580E+01        8.35936333555E+03
1.10640E+01        8.35098995632E+03
1.10700E+01        8.34262911492E+03
1.10760E+01        8.33428078642E+03
1.10820E+01        8.32594494597E+03
1.10880E+01        8.31762156877E+03
1.10940E+01        8.30931063007E+03
1.11000E+01        8.30101210519E+03
1.11060E+01        8.29272596953E+03
1.11120E+01        8.28445219851E+03
1.11180E+01        8.27619384223E+03
1.11240E+01        8.26794472456E+03
1.11300E+01        8.25970035576E+03
1.11360E+01        8.25147580398E+03
1.11420E+01        8.24326349496E+03
1.11480E+01        8.23506340451E+03
1.11540E+01        8.22688302094E+03
1.11600E+01        8.21869978280E+03
1.11660E+01        8.21053620345E+03
1.11720E+01        8.20238474647E+03
1.11780E+01        8.19424538797E+03
1.11840E+01        8.18611810409E+03
1.11900E+01        8.17800287106E+03
1.11960E+01        8.16989966514E+03
1.12020E+01        8.16180846268E+03
1.12080E+01        8.15372924006E+03
1.12140E+01        8.14566197374E+03
1.12200E+01        8.13760664020E+03
1.12260E+01        8.12956321603E+03
1.12320E+01        8.12153167784E+03
1.12380E+01        8.11351192143E+03
1.12440E+01        8.10550408538E+03
1.12500E+01        8.09750806550E+03
1.12560E+01        8.08952383866E+03
1.12620E+01        8.08155138176E+03
1.12680E+01        8.07359067175E+03
1.12740E+01        8.06564168566E+03
1.12800E+01        8.05770440056E+03
1.12860E+01        8.04977879357E+03
1.12920E+01        8.04186484189E+03
1.12980E+01        8.03396252275E+03
1.13040E+01        8.02607181344E+03
1.13100E+01        8.01819269131E+03
1.13160E+01        8.01032812754E+03
1.13220E+01        8.00247210964E+03
1.13280E+01        7.99462761132E+03
1.13340E+01        7.98679461013E+03
1.13400E+01        7.97897308371E+03
1.13460E+01        7.97116300972E+03
1.13520E+01        7.96335701440E+03
1.13580E+01        7.95556978574E+03
1.13640E+01        7.94779394286E+03
1.13700E+01        7.94002946366E+03
1.13760E+01        7.93227632609E+03
1.13820E+01        7.92453450814E+03
1.13880E+01        7.91680398787E+03
1.13940E+01        7.90908474338E+03
1.14000E+01        7.90137675284E+03
1.14060E+01        7.89367999444E+03
1.14120E+01        7.88599444647E+03
1.14180E+01        7.87832008722E+03
1.14240E+01        7.87065689507E+03
1.14300E+01        7.86300477007E+03
1.14360E+01        7.85536384751E+03
1.14420E+01        7.84773402747E+03
1.14480E+01        7.84011528852E+03
1.14540E+01        7.83250760929E+03
1.14600E+01        7.82491096845E+03
1.14660E+01        7.81731820610E+03
1.14720E+01        7.80974358522E+03
1.14780E+01        7.80217993907E+03
1.14840E+01        7.79462724653E+03
1.14900E+01        7.78708548653E+03
1.14960E+01        7.77955463805E+03
1.15020E+01        7.77203460266E+03
1.15080E+01        7.76452551445E+03
1.15140E+01        7.75702727503E+03
1.15200E+01        7.74954277721E+03
1.15260E+01        7.74206617062E+03
1.15320E+01        7.73460035051E+03
1.15380E+01        7.72714529621E+03
1.15440E+01        7.71969393718E+03
1.15500E+01        7.71226035949E+03
1.15560E+01        7.70483748588E+03
1.15620E+01        7.69742529588E+03
1.15680E+01        7.69002369243E+03
1.15740E+01        7.68263280852E+03
1.15800E+01        7.67525254711E+03
1.15860E+01        7.66788288792E+03
1.15920E+01        7.66052381071E+03
1.15980E+01        7.65317529531E+03
1.16040E+01        7.64583732157E+03
1.16100E+01        7.63850986943E+03
1.16160E+01        7.63118594981E+03
1.16220E+01        7.62387948745E+03
1.16280E+01        7.61658348669E+03
1.16340E+01        7.60929785178E+03
1.16400E+01        7.60202271466E+03
1.16460E+01        7.59475797960E+03
1.16520E+01        7.58750362683E+03
1.16580E+01        7.58025963667E+03
1.16640E+01        7.57302598943E+03
1.16700E+01        7.56580266550E+03
1.16760E+01        7.55858964533E+03
1.16820E+01        7.55137993803E+03
1.16880E+01        7.54418747347E+03
1.16940E+01        7.53700525421E+03
1.17000E+01        7.52983326088E+03
1.17060E+01        7.52267147413E+03
1.17120E+01        7.51551987466E+03
1.17180E+01        7.50837844323E+03
1.17240E+01        7.50124716064E+03
1.17300E+01        7.49412789722E+03
1.17360E+01        7.48701088524E+03
1.17420E+01        7.47990993875E+03
1.17480E+01        7.47281906472E+03
1.17540E+01        7.46573824418E+03
1.17600E+01        7.45866745819E+03
1.17660E+01        7.45160668787E+03
1.17720E+01        7.44455591435E+03
1.17780E+01        7.43751511886E+03
1.17840E+01        7.43048428262E+03
1.17900E+01        7.42346331291E+03
1.17960E+01        7.41644556594E+03
1.18020E+01        7.40944450183E+03
1.18080E+01        7.40245332238E+03
1.18140E+01        7.39547200904E+03
1.18200E+01        7.38850054332E+03
1.18260E+01        7.38153890677E+03
1.18320E+01        7.37458708098E+03
1.18380E+01        7.36764497413E+03
1.18440E+01        7.36071271486E+03
1.18500E+01        7.35378349543E+03
1.18560E+01        7.34687073581E+03
1.18620E+01        7.33996769553E+03
1.18680E+01        7.33307435644E+03
1.18740E+01        7.32619070042E+03
1.18800E+01        7.31931663644E+03
1.18860E+01        7.31245229247E+03
1.18920E+01        7.30559757749E+03
1.18980E+01        7.29874580792E+03
1.19040E+01        7.29191030338E+03
1.19100E+01        7.28508437412E+03
1.19160E+01        7.27826800230E+03
1.19220E+01        7.27146109768E+03
1.19280E+01        7.26466378755E+03
1.19340E+01        7.25787598167E+03
1.19400E+01        7.25109766237E+03
1.19460E+01        7.24432219616E+03
1.19520E+01        7.23756555705E+03
1.19580E+01        7.23081559607E+03
1.19640E+01        7.22407505145E+03
1.19700E+01        7.21734383380E+03
1.19760E+01        7.21062206967E+03
1.19820E+01        7.20390966968E+03
1.19880E+01        7.19720004320E+03
1.19940E+01        7.19050632564E+03
1.20000E+01        7.18382192032E+03
1.20060E+01        7.17714681004E+03
1.20120E+01        7.17048090614E+03
1.20180E+01        7.16382433453E+03
1.20240E+01        7.15717700655E+03
1.20300E+01        7.15053237452E+03
1.20360E+01        7.14390348876E+03
1.20420E+01        7.13728379557E+03
1.20480E+01        7.13067320694E+03
1.20540E+01        7.12407184822E+03
1.20600E+01        7.11747963138E+03
1.20660E+01        7.11089004522E+03
1.20720E+01        7.10431606775E+03
1.20780E+01        7.09775118181E+03
1.20840E+01        7.09119537069E+03
1.20900E+01        7.08464854711E+03
1.20960E+01        7.07811083575E+03
1.21020E+01        7.07158214933E+03
1.21080E+01        7.06505601881E+03
1.21140E+01        7.05854533859E+03
1.21200E+01        7.05204363377E+03
1.21260E+01        7.04555081765E+03
1.21320E+01        7.03906701437E+03
1.21380E+01        7.03259213727E+03
1.21440E+01        7.02611975311E+03
1.21500E+01        7.01966268532E+03
1.21560E+01        7.01321449483E+03
1.21620E+01        7.00677509556E+03
1.21680E+01        7.00034461110E+03
1.21740E+01        6.99392559900E+03
1.21800E+01        6.98750640494E+03
1.21860E+01        6.98110236233E+03
1.21920E+01        6.97470710026E+03
1.21980E+01        6.96832053325E+03
1.22040E+01        6.96194278437E+03
1.22100E+01        6.95557376815E+03
1.22160E+01        6.94921346870E+03
1.22220E+01        6.94285552892E+03
1.22280E+01        6.93651255212E+03
1.22340E+01        6.93017831386E+03
1.22400E+01        6.92385272917E+03
1.22460E+01        6.91753578234E+03
1.22520E+01        6.91122114536E+03
1.22580E+01        6.90492143302E+03
1.22640E+01        6.89863024283E+03
1.22700E+01        6.89234769685E+03
1.22760E+01        6.88607371071E+03
1.22820E+01        6.87980826890E+03
1.22880E+01        6.87354507808E+03
1.22940E+01        6.86729661584E+03
1.23000E+01        6.86105672017E+03
1.23060E+01        6.85482530719E+03
1.23120E+01        6.84860236157E+03
1.23180E+01        6.84238161863E+03
1.23240E+01        6.83617556758E+03
1.23300E+01        6.82997787002E+03
1.23360E+01        6.82378864703E+03
1.23420E+01        6.81760781528E+03
1.23480E+01        6.81143535967E+03
1.23540E+01        6.80526504963E+03
1.23600E+01        6.79910923890E+03
1.23660E+01        6.79296182700E+03
1.23720E+01        6.78682273108E+03
1.23780E+01        6.78069193621E+03
1.23840E+01        6.77456324005E+03
1.23900E+01        6.76844894064E+03
1.23960E+01        6.76234296516E+03
1.24020E+01        6.75624523125E+03
1.24080E+01        6.75015572413E+03
1.24140E+01        6.74407086569E+03
1.24200E+01        6.73799770439E+03
1.24260E+01        6.73193279295E+03
1.24320E+01        6.72587604949E+03
1.24380E+01        6.71982745939E+03
1.24440E+01        6.71378087577E+03
1.24500E+01        6.70774848729E+03
1.24560E+01        6.70172427543E+03
1.24620E+01        6.69570815877E+03
1.24680E+01        6.68970012286E+03
1.24740E+01        6.68369404847E+03
1.24800E+01        6.67770206969E+03
1.24860E+01        6.67171819511E+03
1.24920E+01        6.66574234375E+03
1.24980E+01        6.65977450132E+03
1.25040E+01        6.65380857609E+03
1.25100E+01        6.64785664792E+03
1.25160E+01        6.64191275231E+03
1.25220E+01        6.63597680874E+03
1.25280E+01        6.63004274736E+03
1.25340E+01        6.62412267092E+03
1.25400E+01        6.61821043822E+03
1.25460E+01        6.61230616724E+03
1.25520E+01        6.60640977792E+03
1.25580E+01        6.60051522753E+03
1.25640E+01        6.59463456498E+03
1.25700E+01        6.58876167654E+03
1.25760E+01        6.58289667975E+03
1.25820E+01        6.57703949501E+03
1.25880E+01        6.57118410655E+03
1.25940E+01        6.56534244432E+03
1.26000E+01        6.55950861824E+03
1.26060E+01        6.55368254906E+03
1.26120E+01        6.54785824247E+03
1.26180E+01        6.54204765131E+03
1.26240E+01        6.53624471085E+03
1.26300E+01        6.53044953785E+03
1.26360E+01        6.52466205350E+03
1.26420E+01        6.51887629013E+03
1.26480E+01        6.51310414773E+03
1.26540E+01        6.50733973845E+03
1.26600E+01        6.50158524670E+03
1.26660E+01        6.49583007288E+03
1.26720E+01        6.49008844553E+03
1.26780E+01        6.48435434788E+03
1.26840E+01        6.47862789595E+03
1.26900E+01        6.47290901170E+03
1.26960E+01        6.46719177456E+03
1.27020E+01        6.46148799105E+03
1.27080E+01        6.45579167105E+03
1.27140E+01        6.45010293016E+03
1.27200E+01        6.44441580430E+03
1.27260E+01        6.43874205846E+03
1.27320E+01        6.43307572370E+03
1.27380E+01        6.42741691527E+03
1.27440E+01        6.42175969017E+03
1.27500E+01        6.41611577202E+03
1.27560E+01        6.41047921299E+03
1.27620E+01        6.40485012798E+03
1.27680E+01        6.39922844007E+03
1.27740E+01        6.39360829633E+03
1.27800E+01        6.38800136902E+03
1.27860E+01        6.38240173650E+03
1.27920E+01        6.37680951325E+03
1.27980E+01        6.37121880322E+03
1.28040E+01        6.36564123783E+03
1.28100E+01        6.36007091627E+03
1.28160E+01        6.35450795268E+03
1.28220E+01        6.34894647171E+03
1.28280E+01        6.34339806415E+03
1.28340E+01        6.33785684989E+03
1.28400E+01        6.33232294275E+03
1.28460E+01        6.32679048795E+03
1.28520E+01        6.32127103587E+03
1.28580E+01        6.31575872700E+03
1.28640E+01        6.31025367485E+03
1.28700E+01        6.30475004509E+03
1.28760E+01        6.29925934791E+03
1.28820E+01        6.29377574428E+03
1.28880E+01        6.28829934738E+03
1.28940E+01        6.28282434327E+03
1.29000E+01        6.27736220211E+03
1.29060E+01        6.27190710529E+03
1.29120E+01        6.26646160658E+03
1.29180E+01        6.26101502832E+03
1.29240E+01        6.25558124433E+03
1.29300E+01        6.25015445587E+03
1.29360E+01        6.24473477547E+03
1.29420E+01        6.23931642920E+03
1.29480E+01        6.23391080863E+03
1.29540E+01        6.22851219733E+03
1.29600E+01        6.22312052117E+03
1.29660E+01        6.21773021258E+03
1.29720E+01        6.21235256166E+03
1.29780E+01        6.20698180994E+03
1.29840E+01        6.20161240435E+03
1.29900E+01        6.19625560573E+03
1.29960E+01        6.19090573233E+03
1.30020E+01        6.18556271057E+03
1.30080E+01        6.18022100663E+03
1.30140E+01        6.17489184251E+03
1.30200E+01        6.16956955615E+03
1.30260E+01        6.16425407429E+03
1.30320E+01        6.15893988223E+03
1.30380E+01        6.15363816335E+03
1.30440E+01        6.14834327518E+03
1.30500E+01        6.14304953338E+03
1.30560E+01        6.13776827642E+03
1.30620E+01        6.13249381513E+03
1.30680E+01        6.12722613790E+03
1.30740E+01        6.12195957997E+03
1.30800E+01        6.11670544091E+03
1.30860E+01        6.11145805117E+03
1.30920E+01        6.10621739922E+03
1.30980E+01        6.10097783980E+03
1.31040E+01        6.09575063378E+03
1.31100E+01        6.09053013111E+03
1.31160E+01        6.08531070109E+03
1.31220E+01        6.08010357567E+03
1.31280E+01        6.07490311939E+03
1.31340E+01        6.06970932088E+03
1.31400E+01        6.06451656876E+03
1.31460E+01        6.05933605662E+03
1.31520E+01        6.05416216833E+03
1.31580E+01        6.04899489263E+03
1.31640E+01        6.04382863734E+03
1.31700E+01        6.03867692331E+03
1.31760E+01        6.03352942119E+03
1.31820E+01        6.02838291978E+03
1.31880E+01        6.02324854683E+03
1.31940E+01        6.01812071939E+03
1.32000E+01        6.01299942637E+03
1.32060E+01        6.00787910859E+03
1.32120E+01        6.00277085595E+03
1.32180E+01        5.99766910459E+03
1.32240E+01        5.99256836929E+03
1.32300E+01        5.98747953244E+03
1.32360E+01        5.98239722368E+03
1.32420E+01        5.97731591207E+03
1.32480E+01        5.97224645230E+03
1.32540E+01        5.96718348773E+03
1.32600E+01        5.96212694791E+03
1.32660E+01        5.95707138023E+03
1.32720E+01        5.95202760266E+03
1.32780E+01        5.94699027677E+03
1.32840E+01        5.94195390446E+03
1.32900E+01        5.93692933545E+03
1.32960E+01        5.93191106731E+03
1.33020E+01        5.92689920771E+03
1.33080E+01        5.92188827717E+03
1.33140E+01        5.91688902977E+03
1.33200E+01        5.91189615878E+03
1.33260E+01        5.90690419862E+03
1.33320E+01        5.90192387620E+03
1.33380E+01        5.89694989825E+03
1.33440E+01        5.89198219531E+03
1.33500E+01        5.88701537915E+03
1.33560E+01        5.88206014057E+03
1.33620E+01        5.87711120419E+03
1.33680E+01        5.87216313672E+03
1.33740E+01        5.86722660199E+03
1.33800E+01        5.86229633800E+03
1.33860E+01        5.85736692519E+03
1.33920E+01        5.85244905889E+03
1.33980E+01        5.84753731534E+03
1.34040E+01        5.84262646374E+03
1.34100E+01        5.83772711417E+03
1.34160E+01        5.83283385657E+03
1.34220E+01        5.82794147333E+03
1.34280E+01        5.82306054787E+03
1.34340E+01        5.81818574181E+03
1.34400E+01        5.81331927721E+03
1.34460E+01        5.80845137159E+03
1.34520E+01        5.80359486552E+03
1.34580E+01        5.79874438033E+03
1.34640E+01        5.79389472865E+03
1.34700E+01        5.78905643284E+03
1.34760E+01        5.78422412776E+03
1.34820E+01        5.77939263908E+03
1.34880E+01        5.77457246282E+03
1.34940E+01        5.76975830487E+03
1.35000E+01        5.76494483126E+03
1.35060E+01        5.76014268441E+03
1.35120E+01        5.75534652595E+03
1.35180E+01        5.75055628860E+03
1.35240E+01        5.74576682824E+03
1.35300E+01        5.74098857986E+03
1.35360E+01        5.73621622307E+03
1.35420E+01        5.73144462660E+03
1.35480E+01        5.72668419946E+03
1.35540E+01        5.72192969161E+03
1.35600E+01        5.71717581345E+03
1.35660E+01        5.71243311924E+03
1.35720E+01        5.70769631503E+03
1.35780E+01        5.70296012438E+03
1.35840E+01        5.69823507535E+03
1.35900E+01        5.69351588719E+03
1.35960E+01        5.68879729662E+03
1.36020E+01        5.68408980555E+03
1.36080E+01        5.67938814640E+03
1.36140E+01        5.67468706900E+03
1.36200E+01        5.66999704922E+03
1.36260E+01        5.66531283259E+03
1.36320E+01        5.66062923843E+03
1.36380E+01        5.65595654734E+03
1.36440E+01        5.65128968726E+03
1.36500E+01        5.64662343392E+03
1.36560E+01        5.64196804249E+03
1.36620E+01        5.63731845351E+03
1.36680E+01        5.63266945568E+03
1.36740E+01        5.62803127882E+03
1.36800E+01        5.62339887603E+03
1.36860E+01        5.61876704891E+03
1.36920E+01        5.61414600205E+03
1.36980E+01        5.60953070105E+03
1.37040E+01        5.60491596037E+03
1.37100E+01        5.60031195945E+03
1.37160E+01        5.59571589315E+03
1.37220E+01        5.59111815333E+03
1.37280E+01        5.58653111337E+03
1.37340E+01        5.58194976336E+03
1.37400E+01        5.57736894300E+03
1.37460E+01        5.57279878241E+03
1.37520E+01        5.56823428409E+03
1.37580E+01        5.56367030043E+03
1.37640E+01        5.55911693670E+03
1.37700E+01        5.55456920771E+03
1.37760E+01        5.55002197852E+03
1.37820E+01        5.54548532962E+03
1.37880E+01        5.54095428810E+03
1.37940E+01        5.53642373165E+03
1.38000E+01        5.53190377123E+03
1.38060E+01        5.52738928066E+03
1.38120E+01        5.52287531571E+03
1.38180E+01        5.51837185241E+03
1.38240E+01        5.51387394226E+03
1.38300E+01        5.50937648806E+03
1.38360E+01        5.50488955140E+03
1.38420E+01        5.50040300624E+03
1.38480E+01        5.49592700754E+03
1.38540E+01        5.49145640769E+03
1.38600E+01        5.48698629468E+03
1.38660E+01        5.48252663445E+03
1.38720E+01        5.47807240136E+03
1.38780E+01        5.47361853154E+03
1.38840E+01        5.46917513052E+03
1.38900E+01        5.46473707585E+03
1.38960E+01        5.46029947951E+03
1.39020E+01        5.45587225895E+03
1.39080E+01        5.45145041310E+03
1.39140E+01        5.44702890275E+03
1.39200E+01        5.44261778436E+03
1.39260E+01        5.43821196045E+03
1.39320E+01        5.43380656681E+03
1.39380E+01        5.42941147277E+03
1.39440E+01        5.42501669144E+03
1.39500E+01        5.42063223866E+03
1.39560E+01        5.41625309163E+03
1.39620E+01        5.41187424378E+03
1.39680E+01        5.40750568669E+03
1.39740E+01        5.40314240978E+03
1.39800E+01        5.39877941864E+03
1.39860E+01        5.39442668067E+03
1.39920E+01        5.39007919746E+03
1.39980E+01        5.38573198670E+03
1.40040E+01        5.38139713542E+03
