# %ECSV 0.9
# ---
# datatype:
# - {name: wavelength, unit: micron, datatype: float64}
# - {name: flux, unit: microJansky, datatype: float64}
# schema: astropy-2.0
#
#
#  - - File generated by ExoNoodle - -
#         V1.0.0 - MML (CEA-Saclay)
#       2021-03-25 15:37:33.308590
wavelength flux 
3.00000E+00        7.36408443645E+04
3.00600E+00        7.34388114765E+04
3.01200E+00        7.32375848716E+04
3.01800E+00        7.30370446195E+04
3.02400E+00        7.28372077558E+04
3.03000E+00        7.26381517883E+04
3.03600E+00        7.24398366903E+04
3.04200E+00        7.22422099389E+04
3.04800E+00        7.20453613273E+04
3.05400E+00        7.18492350541E+04
3.06000E+00        7.16537983029E+04
3.06600E+00        7.14591209014E+04
3.07200E+00        7.12651305447E+04
3.07800E+00        7.10718871300E+04
3.08400E+00        7.08793219617E+04
3.09000E+00        7.06874651116E+04
3.09600E+00        7.04963588972E+04
3.10200E+00        7.03059162363E+04
3.10800E+00        7.01161764020E+04
3.11400E+00        6.99271365210E+04
3.12000E+00        6.97388322004E+04
3.12600E+00        6.95511835348E+04
3.13200E+00        6.93642262515E+04
3.13800E+00        6.91779544203E+04
3.14400E+00        6.89923713962E+04
3.15000E+00        6.88074681841E+04
3.15600E+00        6.86232450578E+04
3.16200E+00        6.84397022668E+04
3.16800E+00        6.82568308909E+04
3.17400E+00        6.80746342452E+04
3.18000E+00        6.78931034597E+04
3.18600E+00        6.77122388102E+04
3.19200E+00        6.75320002805E+04
3.19800E+00        6.73524687436E+04
3.20400E+00        6.71735890297E+04
3.21000E+00        6.69953674257E+04
3.21600E+00        6.68177952119E+04
3.22200E+00        6.66408418614E+04
3.22800E+00        6.64645693298E+04
3.23400E+00        6.62889380825E+04
3.24000E+00        6.61139178403E+04
3.24600E+00        6.59395759632E+04
3.25200E+00        6.57658673156E+04
3.25800E+00        6.55927560058E+04
3.26400E+00        6.54203147576E+04
3.27000E+00        6.52484657226E+04
3.27600E+00        6.50772812465E+04
3.28200E+00        6.49066780981E+04
3.28800E+00        6.47367398578E+04
3.29400E+00        6.45674135376E+04
3.30000E+00        6.43986696919E+04
3.30600E+00        6.42305768439E+04
3.31200E+00        6.40630557220E+04
3.31800E+00        6.38961421523E+04
3.32400E+00        6.37298715708E+04
3.33000E+00        6.35641653339E+04
3.33600E+00        6.33990589961E+04
3.34200E+00        6.32345500254E+04
3.34800E+00        6.30706735024E+04
3.35400E+00        6.29073516108E+04
3.36000E+00        6.27446195482E+04
3.36600E+00        6.25824692321E+04
3.37200E+00        6.24209093710E+04
3.37800E+00        6.22599662256E+04
3.38400E+00        6.20995630196E+04
3.39000E+00        6.19397428313E+04
3.39600E+00        6.17804921380E+04
3.40200E+00        6.16218168010E+04
3.40800E+00        6.14637088839E+04
3.41400E+00        6.13061714659E+04
3.42000E+00        6.11491939279E+04
3.42600E+00        6.09927484463E+04
3.43200E+00        6.08368972587E+04
3.43800E+00        6.06816015527E+04
3.44400E+00        6.05268616830E+04
3.45000E+00        6.03726725950E+04
3.45600E+00        6.02190041265E+04
3.46200E+00        6.00659150596E+04
3.46800E+00        5.99133724639E+04
3.47400E+00        5.97613740185E+04
3.48000E+00        5.96098818766E+04
3.48600E+00        5.94589648982E+04
3.49200E+00        5.93085498092E+04
3.49800E+00        5.91586972042E+04
3.50400E+00        5.90093500554E+04
3.51000E+00        5.88605659703E+04
3.51600E+00        5.87122724487E+04
3.52200E+00        5.85645399682E+04
3.52800E+00        5.84172963818E+04
3.53400E+00        5.82706065968E+04
3.54000E+00        5.81244040464E+04
3.54600E+00        5.79787187381E+04
3.55200E+00        5.78335777842E+04
3.55800E+00        5.76889151494E+04
3.56400E+00        5.75447683535E+04
3.57000E+00        5.74011249367E+04
3.57600E+00        5.72580194639E+04
3.58200E+00        5.71153865542E+04
3.58800E+00        5.69732557192E+04
3.59400E+00        5.68316222881E+04
3.60000E+00        5.66904866866E+04
3.60600E+00        5.65498467997E+04
3.61200E+00        5.64096980032E+04
3.61800E+00        5.62700432433E+04
3.62400E+00        5.61309063545E+04
3.63000E+00        5.59922257951E+04
3.63600E+00        5.58540305251E+04
3.64200E+00        5.57162827859E+04
3.64800E+00        5.55790520109E+04
3.65400E+00        5.54422978959E+04
3.66000E+00        5.53060184262E+04
3.66600E+00        5.51702140585E+04
3.67200E+00        5.50348827774E+04
3.67800E+00        5.49000225763E+04
3.68400E+00        5.47656290129E+04
3.69000E+00        5.46316748696E+04
3.69600E+00        5.44982136054E+04
3.70200E+00        5.43652154954E+04
3.70800E+00        5.42326785774E+04
3.71400E+00        5.41005686515E+04
3.72000E+00        5.39689483439E+04
3.72600E+00        5.38377809900E+04
3.73200E+00        5.37070694749E+04
3.73800E+00        5.35767751452E+04
3.74400E+00        5.34469624386E+04
3.75000E+00        5.33175680435E+04
3.75600E+00        5.31886465609E+04
3.76200E+00        5.30601713907E+04
3.76800E+00        5.29321067277E+04
3.77400E+00        5.28044800484E+04
3.78000E+00        5.26773232580E+04
3.78600E+00        5.25506029569E+04
3.79200E+00        5.24242883973E+04
3.79800E+00        5.22984044551E+04
3.80400E+00        5.21729804162E+04
3.81000E+00        5.20479591834E+04
3.81600E+00        5.19233894414E+04
3.82200E+00        5.17992213448E+04
3.82800E+00        5.16755010294E+04
3.83400E+00        5.15521765947E+04
3.84000E+00        5.14292702160E+04
3.84600E+00        5.13068130093E+04
3.85200E+00        5.11847419837E+04
3.85800E+00        5.10630883172E+04
3.86400E+00        5.09418715137E+04
3.87000E+00        5.08210404340E+04
3.87600E+00        5.07006169603E+04
3.88200E+00        5.05806340485E+04
3.88800E+00        5.04610251027E+04
3.89400E+00        5.03418208975E+04
3.90000E+00        5.02230197355E+04
3.90600E+00        5.01046199271E+04
3.91200E+00        4.99866197902E+04
3.91800E+00        4.98690451454E+04
3.92400E+00        4.97518370516E+04
3.93000E+00        4.96350258563E+04
3.93600E+00        4.95186054721E+04
3.94200E+00        4.94025786813E+04
3.94800E+00        4.92869372326E+04
3.95400E+00        4.91716861130E+04
3.96000E+00        4.90568214965E+04
3.96600E+00        4.89423395853E+04
3.97200E+00        4.88282409681E+04
3.97800E+00        4.87145262209E+04
3.98400E+00        4.86011893986E+04
3.99000E+00        4.84882310972E+04
3.99600E+00        4.83756497400E+04
4.00200E+00        4.82634416039E+04
4.00800E+00        4.81516094404E+04
4.01400E+00        4.80401473916E+04
4.02000E+00        4.79290560641E+04
4.02600E+00        4.78183360522E+04
4.03200E+00        4.77079815492E+04
4.03800E+00        4.75979910439E+04
4.04400E+00        4.74883693909E+04
4.05000E+00        4.73790804702E+04
4.05600E+00        4.72701814360E+04
4.06200E+00        4.71616403857E+04
4.06800E+00        4.70534600432E+04
4.07400E+00        4.69456347194E+04
4.08000E+00        4.68381392210E+04
4.08600E+00        4.67310237797E+04
4.09200E+00        4.66242610516E+04
4.09800E+00        4.65178495801E+04
4.10400E+00        4.64117602581E+04
4.11000E+00        4.63060470207E+04
4.11600E+00        4.62006765868E+04
4.12200E+00        4.60956303728E+04
4.12800E+00        4.59909516507E+04
4.13400E+00        4.58866176447E+04
4.14000E+00        4.57825976056E+04
4.14600E+00        4.56789406791E+04
4.15200E+00        4.55755991299E+04
4.15800E+00        4.54726218601E+04
4.16400E+00        4.53699660915E+04
4.17000E+00        4.52676399340E+04
4.17600E+00        4.51656716879E+04
4.18200E+00        4.50639900232E+04
4.18800E+00        4.49626835925E+04
4.19400E+00        4.48616612359E+04
4.20000E+00        4.47610112137E+04
4.20600E+00        4.46606427820E+04
4.21200E+00        4.45606438115E+04
4.21800E+00        4.44609239716E+04
4.22400E+00        4.43615707459E+04
4.23000E+00        4.42624942144E+04
4.23600E+00        4.41637617658E+04
4.24200E+00        4.40653430185E+04
4.24800E+00        4.39672459365E+04
4.25400E+00        4.38694599900E+04
4.26000E+00        4.37719689846E+04
4.26600E+00        4.36748348312E+04
4.27200E+00        4.35779690261E+04
4.27800E+00        4.34814139667E+04
4.28400E+00        4.33851877544E+04
4.29000E+00        4.32892026413E+04
4.29600E+00        4.31914770589E+04
4.30200E+00        4.30911895417E+04
4.30800E+00        4.30004722820E+04
4.31400E+00        4.29033557178E+04
4.32000E+00        4.28090264802E+04
4.32600E+00        4.26933440297E+04
4.33200E+00        4.26200371320E+04
4.33800E+00        4.25233568489E+04
4.34400E+00        4.24223781332E+04
4.35000E+00        4.23232100232E+04
4.35600E+00        4.22369034992E+04
4.36200E+00        4.21423018758E+04
4.36800E+00        4.20492123195E+04
4.37400E+00        4.19296334579E+04
4.38000E+00        4.18702591185E+04
4.38600E+00        4.17549743025E+04
4.39200E+00        4.16861521942E+04
4.39800E+00        4.15708143686E+04
4.40400E+00        4.15009909015E+04
4.41000E+00        4.14098468012E+04
4.41600E+00        4.13094849042E+04
4.42200E+00        4.12298852786E+04
4.42800E+00        4.11418488927E+04
4.43400E+00        4.10434269142E+04
4.44000E+00        4.09473130767E+04
4.44600E+00        4.08706127216E+04
4.45200E+00        4.07837367664E+04
4.45800E+00        4.06963230472E+04
4.46400E+00        4.06089278194E+04
4.47000E+00        4.05189623945E+04
4.47600E+00        4.04300041525E+04
4.48200E+00        4.03391104754E+04
4.48800E+00        4.02507770569E+04
4.49400E+00        4.01659920684E+04
4.50000E+00        4.00762064569E+04
4.50600E+00        3.99915855523E+04
4.51200E+00        3.99087861862E+04
4.51800E+00        3.98272425436E+04
4.52400E+00        3.97173724857E+04
4.53000E+00        3.96621287415E+04
4.53600E+00        3.95777236076E+04
4.54200E+00        3.94934312650E+04
4.54800E+00        3.94113399271E+04
4.55400E+00        3.93216969123E+04
4.56000E+00        3.92394810788E+04
4.56600E+00        3.91456258754E+04
4.57200E+00        3.90727830783E+04
4.57800E+00        3.89938096798E+04
4.58400E+00        3.89050343530E+04
4.59000E+00        3.88253470608E+04
4.59600E+00        3.87443745157E+04
4.60200E+00        3.86339635361E+04
4.60800E+00        3.85811256675E+04
4.61400E+00        3.85020470830E+04
4.62000E+00        3.84095080195E+04
4.62600E+00        3.83376853842E+04
4.63200E+00        3.82621890918E+04
4.63800E+00        3.81852185002E+04
4.64400E+00        3.80999288311E+04
4.65000E+00        3.80199693619E+04
4.65600E+00        3.79521651252E+04
4.66200E+00        3.78776909064E+04
4.66800E+00        3.77916005644E+04
4.67400E+00        3.76945521902E+04
4.68000E+00        3.76312029366E+04
4.68600E+00        3.75612224390E+04
4.69200E+00        3.74745083398E+04
4.69800E+00        3.73993591375E+04
4.70400E+00        3.73276573318E+04
4.71000E+00        3.72444944134E+04
4.71600E+00        3.71670956823E+04
4.72200E+00        3.70935399197E+04
4.72800E+00        3.70160323761E+04
4.73400E+00        3.69342329572E+04
4.74000E+00        3.68630339842E+04
4.74600E+00        3.67840630527E+04
4.75200E+00        3.67122694067E+04
4.75800E+00        3.66357527311E+04
4.76400E+00        3.65455668596E+04
4.77000E+00        3.64897652149E+04
4.77600E+00        3.64100854197E+04
4.78200E+00        3.63318277351E+04
4.78800E+00        3.62674614950E+04
4.79400E+00        3.61598070137E+04
4.80000E+00        3.61124548704E+04
4.80600E+00        3.60447726309E+04
4.81200E+00        3.59516505699E+04
4.81800E+00        3.58995113526E+04
4.82400E+00        3.58104108997E+04
4.83000E+00        3.57541748114E+04
4.83600E+00        3.56565894987E+04
4.84200E+00        3.56041360150E+04
4.84800E+00        3.55390274098E+04
4.85400E+00        3.54471942739E+04
4.86000E+00        3.53946021189E+04
4.86600E+00        3.53124015352E+04
4.87200E+00        3.52489912380E+04
4.87800E+00        3.51719492124E+04
4.88400E+00        3.50919009412E+04
4.89000E+00        3.50401418236E+04
4.89600E+00        3.49650209901E+04
4.90200E+00        3.49011495250E+04
4.90800E+00        3.48175936818E+04
4.91400E+00        3.47578384613E+04
4.92000E+00        3.46499806401E+04
4.92600E+00        3.46128278501E+04
4.93200E+00        3.45391572604E+04
4.93800E+00        3.44424035222E+04
4.94400E+00        3.44090373907E+04
4.95000E+00        3.43470193033E+04
4.95600E+00        3.42738369353E+04
4.96200E+00        3.42101635032E+04
4.96800E+00        3.41301461278E+04
4.97400E+00        3.40776828675E+04
4.98000E+00        3.39889919522E+04
4.98600E+00        3.39423963608E+04
4.99200E+00        3.38712220822E+04
4.99800E+00        3.38104991303E+04
5.00400E+00        3.37373353444E+04
5.01000E+00        3.36393958004E+04
5.01600E+00        3.36003124724E+04
5.02200E+00        3.35300658315E+04
5.02800E+00        3.34624386974E+04
5.03400E+00        3.34125386361E+04
5.04000E+00        3.33268209490E+04
5.04600E+00        3.32806103254E+04
5.05200E+00        3.32086427939E+04
5.05800E+00        3.31482931363E+04
5.06400E+00        3.30811197008E+04
5.07000E+00        3.30184123189E+04
5.07600E+00        3.29596053583E+04
5.08200E+00        3.28714876825E+04
5.08800E+00        3.28326409107E+04
5.09400E+00        3.27343444779E+04
5.10000E+00        3.27036913830E+04
5.10600E+00        3.26286128564E+04
5.11200E+00        3.25772236097E+04
5.11800E+00        3.24986134889E+04
5.12400E+00        3.24492131110E+04
5.13000E+00        3.23846105995E+04
5.13600E+00        3.23263346352E+04
5.14200E+00        3.22652442505E+04
5.14800E+00        3.22011351701E+04
5.15400E+00        3.21435174445E+04
5.16000E+00        3.20575002017E+04
5.16600E+00        3.20207847740E+04
5.17200E+00        3.19468167501E+04
5.17800E+00        3.18975731051E+04
5.18400E+00        3.18278711327E+04
5.19000E+00        3.17716916274E+04
5.19600E+00        3.17137200267E+04
5.20200E+00        3.16441335349E+04
5.20800E+00        3.15829797315E+04
5.21400E+00        3.15279918142E+04
5.22000E+00        3.14726426734E+04
5.22600E+00        3.13770549328E+04
5.23200E+00        3.13047712339E+04
5.23800E+00        3.12929001358E+04
5.24400E+00        3.12306841830E+04
5.25000E+00        3.11716639902E+04
5.25600E+00        3.10695429183E+04
5.26200E+00        3.10382227273E+04
5.26800E+00        3.09946279614E+04
5.27400E+00        3.09110857096E+04
5.28000E+00        3.08773495774E+04
5.28600E+00        3.08150660621E+04
5.29200E+00        3.07511648822E+04
5.29800E+00        3.07070789679E+04
5.30400E+00        3.06428674354E+04
5.31000E+00        3.05884156640E+04
5.31600E+00        3.05188498122E+04
5.32200E+00        3.04733507925E+04
5.32800E+00        3.04192916369E+04
5.33400E+00        3.03628408587E+04
5.34000E+00        3.02973039150E+04
5.34600E+00        3.02449326337E+04
5.35200E+00        3.01883942554E+04
5.35800E+00        3.01322178462E+04
5.36400E+00        3.00796435210E+04
5.37000E+00        3.00222047144E+04
5.37600E+00        2.99678636871E+04
5.38200E+00        2.99106489699E+04
5.38800E+00        2.98429943942E+04
5.39400E+00        2.97768048148E+04
5.40000E+00        2.97457911601E+04
5.40600E+00        2.96896687868E+04
5.41200E+00        2.96299049908E+04
5.41800E+00        2.95766124990E+04
5.42400E+00        2.95233886515E+04
5.43000E+00        2.94713585528E+04
5.43600E+00        2.94163213987E+04
5.44200E+00        2.93607712093E+04
5.44800E+00        2.93081871770E+04
5.45400E+00        2.92495659140E+04
5.46000E+00        2.91958418469E+04
5.46600E+00        2.91389801323E+04
5.47200E+00        2.90870657700E+04
5.47800E+00        2.90386057647E+04
5.48400E+00        2.89857154353E+04
5.49000E+00        2.89205482497E+04
5.49600E+00        2.88797664547E+04
5.50200E+00        2.88269283429E+04
5.50800E+00        2.87704478673E+04
5.51400E+00        2.87214416541E+04
5.52000E+00        2.86690614977E+04
5.52600E+00        2.86146266714E+04
5.53200E+00        2.85629732190E+04
5.53800E+00        2.85126041473E+04
5.54400E+00        2.84589089221E+04
5.55000E+00        2.84067719755E+04
5.55600E+00        2.83570280779E+04
5.56200E+00        2.83002575009E+04
5.56800E+00        2.82304627649E+04
5.57400E+00        2.82019377993E+04
5.58000E+00        2.81224052844E+04
5.58600E+00        2.81004347322E+04
5.59200E+00        2.80494192142E+04
5.59800E+00        2.79984994352E+04
5.60400E+00        2.79407181402E+04
5.61000E+00        2.78985337881E+04
5.61600E+00        2.78476586504E+04
5.62200E+00        2.77915949170E+04
5.62800E+00        2.77481555297E+04
5.63400E+00        2.76977162325E+04
5.64000E+00        2.76356722746E+04
5.64600E+00        2.75987575149E+04
5.65200E+00        2.75493390314E+04
5.65800E+00        2.74974781690E+04
5.66400E+00        2.74507846013E+04
5.67000E+00        2.74016057276E+04
5.67600E+00        2.73509892705E+04
5.68200E+00        2.73021776112E+04
5.68800E+00        2.72551284413E+04
5.69400E+00        2.72022439839E+04
5.70000E+00        2.71574068346E+04
5.70600E+00        2.71097322900E+04
5.71200E+00        2.70614367557E+04
5.71800E+00        2.70133544346E+04
5.72400E+00        2.69654900895E+04
5.73000E+00        2.69175581906E+04
5.73600E+00        2.68687006764E+04
5.74200E+00        2.68223780033E+04
5.74800E+00        2.67748650415E+04
5.75400E+00        2.67272847097E+04
5.76000E+00        2.66803578968E+04
5.76600E+00        2.66332715133E+04
5.77200E+00        2.65853291080E+04
5.77800E+00        2.65394132329E+04
5.78400E+00        2.64927254903E+04
5.79000E+00        2.64460715736E+04
5.79600E+00        2.63994778539E+04
5.80200E+00        2.63532837202E+04
5.80800E+00        2.63069772439E+04
5.81400E+00        2.62511863538E+04
5.82000E+00        2.62148826758E+04
5.82600E+00        2.61690472184E+04
5.83200E+00        2.61232465112E+04
5.83800E+00        2.60775496956E+04
5.84400E+00        2.60321142144E+04
5.85000E+00        2.59866955241E+04
5.85600E+00        2.59411195262E+04
5.86200E+00        2.58962202060E+04
5.86800E+00        2.58511084940E+04
5.87400E+00        2.57985630735E+04
5.88000E+00        2.57613744361E+04
5.88600E+00        2.57166374727E+04
5.89200E+00        2.56720690724E+04
5.89800E+00        2.56275045160E+04
5.90400E+00        2.55756006024E+04
5.91000E+00        2.55389424782E+04
5.91600E+00        2.54945501665E+04
5.92200E+00        2.54507595001E+04
5.92800E+00        2.54068450284E+04
5.93400E+00        2.53630285120E+04
5.94000E+00        2.53193375489E+04
5.94600E+00        2.52757438447E+04
5.95200E+00        2.52322749041E+04
5.95800E+00        2.51888998898E+04
5.96400E+00        2.51455268211E+04
5.97000E+00        2.51024989989E+04
5.97600E+00        2.50594696982E+04
5.98200E+00        2.50165218199E+04
5.98800E+00        2.49737101793E+04
5.99400E+00        2.49308118983E+04
6.00000E+00        2.48849534013E+04
6.00600E+00        2.48459071298E+04
6.01200E+00        2.48035127744E+04
6.01800E+00        2.47612253080E+04
6.02400E+00        2.47190579964E+04
6.03000E+00        2.46769942352E+04
6.03600E+00        2.46350252845E+04
6.04200E+00        2.45931618212E+04
6.04800E+00        2.45514034984E+04
6.05400E+00        2.45097634734E+04
6.06000E+00        2.44682143736E+04
6.06600E+00        2.44267693819E+04
6.07200E+00        2.43854255992E+04
6.07800E+00        2.43442146285E+04
6.08400E+00        2.43030664886E+04
6.09000E+00        2.42620211449E+04
6.09600E+00        2.42211316358E+04
6.10200E+00        2.41803041084E+04
6.10800E+00        2.41387645783E+04
6.11400E+00        2.40989647117E+04
6.12000E+00        2.40584414130E+04
6.12600E+00        2.40180188697E+04
6.13200E+00        2.39777099630E+04
6.13800E+00        2.39374879253E+04
6.14400E+00        2.38973656627E+04
6.15000E+00        2.38571957758E+04
6.15600E+00        2.38174429120E+04
6.16200E+00        2.37762949929E+04
6.16800E+00        2.37378915664E+04
6.17400E+00        2.36982633044E+04
6.18000E+00        2.36587328923E+04
6.18600E+00        2.36193000135E+04
6.19200E+00        2.35799773428E+04
6.19800E+00        2.35407490639E+04
6.20400E+00        2.35016068597E+04
6.21000E+00        2.34625609355E+04
6.21600E+00        2.34236109810E+04
6.22200E+00        2.33847566871E+04
6.22800E+00        2.33460106070E+04
6.23400E+00        2.33073466907E+04
6.24000E+00        2.32687750746E+04
6.24600E+00        2.32303131369E+04
6.25200E+00        2.31919325144E+04
6.25800E+00        2.31536457235E+04
6.26400E+00        2.31154524637E+04
6.27000E+00        2.30773524355E+04
6.27600E+00        2.30393580325E+04
6.28200E+00        2.30014435528E+04
6.28800E+00        2.29636316549E+04
6.29400E+00        2.29259015439E+04
6.30000E+00        2.28882631847E+04
6.30600E+00        2.28507162847E+04
6.31200E+00        2.28132605526E+04
6.31800E+00        2.27759082447E+04
6.32400E+00        2.27386339581E+04
6.33000E+00        2.27014499721E+04
6.33600E+00        2.26643661077E+04
6.34200E+00        2.26272122699E+04
6.34800E+00        2.25904470291E+04
6.35400E+00        2.25536213712E+04
6.36000E+00        2.25168845907E+04
6.36600E+00        2.24802364062E+04
6.37200E+00        2.24436765375E+04
6.37800E+00        2.24072270419E+04
6.38400E+00        2.23708182854E+04
6.39000E+00        2.23345216970E+04
6.39600E+00        2.22983368809E+04
6.40200E+00        2.22622143889E+04
6.40800E+00        2.22261785539E+04
6.41400E+00        2.21902291031E+04
6.42000E+00        2.21543657649E+04
6.42600E+00        2.21185981328E+04
6.43200E+00        2.20829061927E+04
6.43800E+00        2.20472995562E+04
6.44400E+00        2.20117779559E+04
6.45000E+00        2.19763411253E+04
6.45600E+00        2.19409887988E+04
6.46200E+00        2.19057207119E+04
6.46800E+00        2.18705486487E+04
6.47400E+00        2.18354579705E+04
6.48000E+00        2.18004409910E+04
6.48600E+00        2.17655072035E+04
6.49200E+00        2.17306563484E+04
6.49800E+00        2.16958881675E+04
6.50400E+00        2.16612024031E+04
6.51000E+00        2.16265987989E+04
6.51600E+00        2.15920867285E+04
6.52200E+00        2.15576347887E+04
6.52800E+00        2.15232879951E+04
6.53400E+00        2.14890104707E+04
6.54000E+00        2.14548138385E+04
6.54600E+00        2.14206978480E+04
6.55200E+00        2.13866622494E+04
6.55800E+00        2.13527163164E+04
6.56400E+00        2.13188407411E+04
6.57000E+00        2.12850448143E+04
6.57600E+00        2.12513282899E+04
6.58200E+00        2.12176909230E+04
6.58800E+00        2.11841324695E+04
6.59400E+00        2.11506621185E+04
6.60000E+00        2.11172607482E+04
6.60600E+00        2.10839375645E+04
6.61200E+00        2.10506923271E+04
6.61800E+00        2.10175247964E+04
6.62400E+00        2.09844347337E+04
6.63000E+00        2.09514312447E+04
6.63600E+00        2.09184953913E+04
6.64200E+00        2.08856362954E+04
6.64800E+00        2.08528652085E+04
6.65400E+00        2.08201589056E+04
6.66000E+00        2.07875379281E+04
6.66600E+00        2.07549834888E+04
6.67200E+00        2.07225046407E+04
6.67800E+00        2.06901011532E+04
6.68400E+00        2.06577727966E+04
6.69000E+00        2.06255193419E+04
6.69600E+00        2.05933384012E+04
6.70200E+00        2.05612453957E+04
6.70800E+00        2.05292152672E+04
6.71400E+00        2.04972591334E+04
6.72000E+00        2.04653858959E+04
6.72600E+00        2.04335770640E+04
6.73200E+00        2.04018415553E+04
6.73800E+00        2.03701791475E+04
6.74400E+00        2.03385896193E+04
6.75000E+00        2.03070818059E+04
6.75600E+00        2.02756373620E+04
6.76200E+00        2.02442651386E+04
6.76800E+00        2.02129649175E+04
6.77400E+00        2.01817454813E+04
6.78000E+00        2.01505775009E+04
6.78600E+00        2.01195030716E+04
6.79200E+00        2.00884886813E+04
6.79800E+00        2.00575431116E+04
6.80400E+00        2.00266703593E+04
6.81000E+00        1.99958791188E+04
6.81600E+00        1.99651471342E+04
6.82200E+00        1.99344831347E+04
6.82800E+00        1.99038910943E+04
6.83400E+00        1.98733687099E+04
6.84000E+00        1.98429246214E+04
6.84600E+00        1.98125409105E+04
6.85200E+00        1.97822262321E+04
6.85800E+00        1.97519803798E+04
6.86400E+00        1.97218119427E+04
6.87000E+00        1.96917031135E+04
6.87600E+00        1.96616624962E+04
6.88200E+00        1.96316898874E+04
6.88800E+00        1.96017938254E+04
6.89400E+00        1.95719566134E+04
6.90000E+00        1.95421868044E+04
6.90600E+00        1.95124928992E+04
6.91200E+00        1.94828572829E+04
6.91800E+00        1.94532884709E+04
6.92400E+00        1.94237862650E+04
6.93000E+00        1.93943591160E+04
6.93600E+00        1.93649895177E+04
6.94200E+00        1.93356859354E+04
6.94800E+00        1.93064567828E+04
6.95400E+00        1.92772846344E+04
6.96000E+00        1.92481779183E+04
6.96600E+00        1.92191258559E+04
6.97200E+00        1.91901579987E+04
6.97800E+00        1.91612464264E+04
6.98400E+00        1.91323995180E+04
6.99000E+00        1.91036256015E+04
6.99600E+00        1.90749074376E+04
7.00200E+00        1.90462533685E+04
7.00800E+00        1.90176716861E+04
7.01400E+00        1.89891452297E+04
7.02000E+00        1.89606823053E+04
7.02600E+00        1.89322827266E+04
7.03200E+00        1.89039547374E+04
7.03800E+00        1.88756812813E+04
7.04400E+00        1.88474706162E+04
7.05000E+00        1.88193309499E+04
7.05600E+00        1.87912453039E+04
7.06200E+00        1.87632115660E+04
7.06800E+00        1.87352585920E+04
7.07400E+00        1.87073591310E+04
7.08000E+00        1.86795213692E+04
7.08600E+00        1.86517534435E+04
7.09200E+00        1.86240385292E+04
7.09800E+00        1.85963847770E+04
7.10400E+00        1.85688002888E+04
7.11000E+00        1.85412683158E+04
7.11600E+00        1.85137969735E+04
7.12200E+00        1.84863943290E+04
7.12800E+00        1.84590335426E+04
7.13400E+00        1.84317430427E+04
7.14000E+00        1.84045124739E+04
7.14600E+00        1.83773498570E+04
7.15200E+00        1.83502386186E+04
7.15800E+00        1.83231867931E+04
7.16400E+00        1.82962023670E+04
7.17000E+00        1.82692688412E+04
7.17600E+00        1.82423942156E+04
7.18200E+00        1.82155764103E+04
7.18800E+00        1.81888190793E+04
7.19400E+00        1.81621201412E+04
7.20000E+00        1.81354875143E+04
7.20600E+00        1.81089048469E+04
7.21200E+00        1.80823800705E+04
7.21800E+00        1.80559210697E+04
7.22400E+00        1.80295115658E+04
7.23000E+00        1.80031495412E+04
7.23600E+00        1.79768546762E+04
7.24200E+00        1.79506248812E+04
7.24800E+00        1.79244439738E+04
7.25400E+00        1.78983198068E+04
7.26000E+00        1.78722601870E+04
7.26600E+00        1.78462490036E+04
7.27200E+00        1.78202940763E+04
7.27800E+00        1.77944031786E+04
7.28400E+00        1.77685504855E+04
7.29000E+00        1.77427633690E+04
7.29600E+00        1.77170318704E+04
7.30200E+00        1.76913637197E+04
7.30800E+00        1.76657429718E+04
7.31400E+00        1.76401773691E+04
7.32000E+00        1.76146649083E+04
7.32600E+00        1.75892091301E+04
7.33200E+00        1.75638080295E+04
7.33800E+00        1.75384614515E+04
7.34400E+00        1.75131770505E+04
7.35000E+00        1.74879390445E+04
7.35600E+00        1.74627454829E+04
7.36200E+00        1.74376232358E+04
7.36800E+00        1.74125469594E+04
7.37400E+00        1.73875242881E+04
7.38000E+00        1.73625550708E+04
7.38600E+00        1.73376468871E+04
7.39200E+00        1.73127745812E+04
7.39800E+00        1.72879648272E+04
7.40400E+00        1.72632079281E+04
7.41000E+00        1.72385114212E+04
7.41600E+00        1.72138597759E+04
7.42200E+00        1.71892510754E+04
7.42800E+00        1.71647041186E+04
7.43400E+00        1.71402169215E+04
7.44000E+00        1.71157740431E+04
7.44600E+00        1.70913829910E+04
7.45200E+00        1.70670342213E+04
7.45800E+00        1.70427539993E+04
7.46400E+00        1.70185175609E+04
7.47000E+00        1.69943323721E+04
7.47600E+00        1.69701889444E+04
7.48200E+00        1.69461058396E+04
7.48800E+00        1.69220811017E+04
7.49400E+00        1.68980994891E+04
7.50000E+00        1.68741684162E+04
7.50600E+00        1.68502784633E+04
7.51200E+00        1.68264555641E+04
7.51800E+00        1.68026752720E+04
7.52400E+00        1.67789449605E+04
7.53000E+00        1.67552552641E+04
7.53600E+00        1.67316245117E+04
7.54200E+00        1.67080507747E+04
7.54800E+00        1.66845190072E+04
7.55400E+00        1.66610273571E+04
7.56000E+00        1.66375940513E+04
7.56600E+00        1.66142171731E+04
7.57200E+00        1.65908817624E+04
7.57800E+00        1.65675859785E+04
7.58400E+00        1.65443479469E+04
7.59000E+00        1.65211583973E+04
7.59600E+00        1.64980171962E+04
7.60200E+00        1.64749224832E+04
7.60800E+00        1.64518775830E+04
7.61400E+00        1.64288806337E+04
7.62000E+00        1.64059315034E+04
7.62600E+00        1.63830210394E+04
7.63200E+00        1.63601744608E+04
7.63800E+00        1.63373680049E+04
7.64400E+00        1.63146088460E+04
7.65000E+00        1.62918878830E+04
7.65600E+00        1.62692229426E+04
7.66200E+00        1.62466049121E+04
7.66800E+00        1.62240319622E+04
7.67400E+00        1.62015073698E+04
7.68000E+00        1.61790293042E+04
7.68600E+00        1.61565976384E+04
7.69200E+00        1.61342033614E+04
7.69800E+00        1.61118641289E+04
7.70400E+00        1.60895780914E+04
7.71000E+00        1.60673219197E+04
7.71600E+00        1.60451203801E+04
7.72200E+00        1.60229644881E+04
7.72800E+00        1.60008453088E+04
7.73400E+00        1.59787803530E+04
7.74000E+00        1.59567677883E+04
7.74600E+00        1.59347844797E+04
7.75200E+00        1.59128549903E+04
7.75800E+00        1.58909704113E+04
7.76400E+00        1.58691218828E+04
7.77000E+00        1.58473267728E+04
7.77600E+00        1.58255762102E+04
7.78200E+00        1.58038684178E+04
7.78800E+00        1.57822065919E+04
7.79400E+00        1.57605889539E+04
7.80000E+00        1.57390067180E+04
7.80600E+00        1.57174771110E+04
7.81200E+00        1.56959913360E+04
7.81800E+00        1.56745406439E+04
7.82400E+00        1.56531491700E+04
7.83000E+00        1.56317941878E+04
7.83600E+00        1.56104739726E+04
7.84200E+00        1.55892056119E+04
7.84800E+00        1.55679803819E+04
7.85400E+00        1.55467896064E+04
7.86000E+00        1.55256503035E+04
7.86600E+00        1.55045606981E+04
7.87200E+00        1.54834983163E+04
7.87800E+00        1.54624870291E+04
7.88400E+00        1.54415096825E+04
7.89000E+00        1.54205831805E+04
7.89600E+00        1.53996988957E+04
7.90200E+00        1.53788482474E+04
7.90800E+00        1.53580549183E+04
7.91400E+00        1.53372966141E+04
7.92000E+00        1.53165716454E+04
7.92600E+00        1.52958967807E+04
7.93200E+00        1.52752550526E+04
7.93800E+00        1.52546631846E+04
7.94400E+00        1.52341126441E+04
7.95000E+00        1.52135949446E+04
7.95600E+00        1.51931267422E+04
7.96200E+00        1.51727063038E+04
7.96800E+00        1.51523116404E+04
7.97400E+00        1.51319661149E+04
7.98000E+00        1.51116529439E+04
7.98600E+00        1.50913886732E+04
7.99200E+00        1.50711565648E+04
7.99800E+00        1.50509731204E+04
8.00400E+00        1.50308299238E+04
8.01000E+00        1.50107186037E+04
8.01600E+00        1.49906555961E+04
8.02200E+00        1.49706309497E+04
8.02800E+00        1.49506477007E+04
8.03400E+00        1.49307041727E+04
8.04000E+00        1.49107920511E+04
8.04600E+00        1.48909276635E+04
8.05200E+00        1.48710944966E+04
8.05800E+00        1.48513088347E+04
8.06400E+00        1.48315542090E+04
8.07000E+00        1.48118468609E+04
8.07600E+00        1.47921785105E+04
8.08200E+00        1.47725409219E+04
8.08800E+00        1.47529502723E+04
8.09400E+00        1.47333967709E+04
8.10000E+00        1.47138834080E+04
8.10600E+00        1.46944004452E+04
8.11200E+00        1.46749639749E+04
8.11800E+00        1.46555577258E+04
8.12400E+00        1.46361977480E+04
8.13000E+00        1.46168758619E+04
8.13600E+00        1.45975839308E+04
8.14200E+00        1.45783379417E+04
8.14800E+00        1.45591217317E+04
8.15400E+00        1.45399512460E+04
8.16000E+00        1.45208103645E+04
8.16600E+00        1.45017214554E+04
8.17200E+00        1.44826555038E+04
8.17800E+00        1.44636348451E+04
8.18400E+00        1.44446434444E+04
8.19000E+00        1.44256971228E+04
8.19600E+00        1.44067798880E+04
8.20200E+00        1.43879075198E+04
8.20800E+00        1.43690719799E+04
8.21400E+00        1.43502652720E+04
8.22000E+00        1.43315031144E+04
8.22600E+00        1.43127696204E+04
8.23200E+00        1.42940804674E+04
8.23800E+00        1.42754198106E+04
8.24400E+00        1.42568032870E+04
8.25000E+00        1.42382214403E+04
8.25600E+00        1.42196771649E+04
8.26200E+00        1.42011610543E+04
8.26800E+00        1.41826886648E+04
8.27400E+00        1.41642442762E+04
8.28000E+00        1.41458434045E+04
8.28600E+00        1.41274703707E+04
8.29200E+00        1.41091406509E+04
8.29800E+00        1.40908386072E+04
8.30400E+00        1.40725796759E+04
8.31000E+00        1.40543482598E+04
8.31600E+00        1.40361597556E+04
8.32200E+00        1.40179986070E+04
8.32800E+00        1.39998801709E+04
8.33400E+00        1.39817889319E+04
8.34000E+00        1.39637402074E+04
8.34600E+00        1.39457185223E+04
8.35200E+00        1.39277391549E+04
8.35800E+00        1.39097928707E+04
8.36400E+00        1.38918825001E+04
8.37000E+00        1.38739988569E+04
8.37600E+00        1.38561495123E+04
8.38200E+00        1.38383419984E+04
8.38800E+00        1.38205609805E+04
8.39400E+00        1.38028216006E+04
8.40000E+00        1.37851085637E+04
8.40600E+00        1.37674369733E+04
8.41200E+00        1.37497915738E+04
8.41800E+00        1.37321874305E+04
8.42400E+00        1.37146093271E+04
8.43000E+00        1.36970722906E+04
8.43600E+00        1.36795611440E+04
8.44200E+00        1.36620908762E+04
8.44800E+00        1.36446463494E+04
8.45400E+00        1.36272350114E+04
8.46000E+00        1.36098642721E+04
8.46600E+00        1.35925190520E+04
8.47200E+00        1.35752142452E+04
8.47800E+00        1.35579348111E+04
8.48400E+00        1.35406956061E+04
8.49000E+00        1.35234816282E+04
8.49600E+00        1.35063076962E+04
8.50200E+00        1.34891588465E+04
8.50800E+00        1.34720498608E+04
8.51400E+00        1.34549658138E+04
8.52000E+00        1.34379140512E+04
8.52600E+00        1.34209018814E+04
8.53200E+00        1.34039144364E+04
8.53800E+00        1.33869664050E+04
8.54400E+00        1.33700429569E+04
8.55000E+00        1.33531646961E+04
8.55600E+00        1.33362989741E+04
8.56200E+00        1.33194768660E+04
8.56800E+00        1.33026877831E+04
8.57400E+00        1.32859229340E+04
8.58000E+00        1.32691968791E+04
8.58600E+00        1.32524949198E+04
8.59200E+00        1.32358242929E+04
8.59800E+00        1.32191921985E+04
8.60400E+00        1.32025839941E+04
8.61000E+00        1.31860141492E+04
8.61600E+00        1.31694680582E+04
8.62200E+00        1.31529529131E+04
8.62800E+00        1.31364758698E+04
8.63400E+00        1.31200223781E+04
8.64000E+00        1.31036068175E+04
8.64600E+00        1.30872146748E+04
8.65200E+00        1.30708602936E+04
8.65800E+00        1.30545291972E+04
8.66400E+00        1.30382285156E+04
8.67000E+00        1.30219653432E+04
8.67600E+00        1.30057252578E+04
8.68200E+00        1.29895225143E+04
8.68800E+00        1.29733427270E+04
8.69400E+00        1.29571929821E+04
8.70000E+00        1.29410803304E+04
8.70600E+00        1.29249904401E+04
8.71200E+00        1.29089374783E+04
8.71800E+00        1.28929071492E+04
8.72400E+00        1.28769064957E+04
8.73000E+00        1.28609425255E+04
8.73600E+00        1.28450009964E+04
8.74200E+00        1.28290889254E+04
8.74800E+00        1.28132132947E+04
8.75400E+00        1.27973599153E+04
8.76000E+00        1.27815428153E+04
8.76600E+00        1.27657478411E+04
8.77200E+00        1.27499819670E+04
8.77800E+00        1.27342521328E+04
8.78400E+00        1.27185442376E+04
8.79000E+00        1.27028652303E+04
8.79600E+00        1.26872220253E+04
8.80200E+00        1.26716005744E+04
8.80800E+00        1.26560147687E+04
8.81400E+00        1.26404505947E+04
8.82000E+00        1.26249149591E+04
8.82600E+00        1.26094147347E+04
8.83200E+00        1.25939359599E+04
8.83800E+00        1.25784855163E+04
8.84400E+00        1.25630702518E+04
8.85000E+00        1.25476762567E+04
8.85600E+00        1.25323103875E+04
8.86200E+00        1.25169794672E+04
8.86800E+00        1.25016696377E+04
8.87400E+00        1.24863946049E+04
8.88000E+00        1.24711405446E+04
8.88600E+00        1.24559142722E+04
8.89200E+00        1.24407225697E+04
8.89800E+00        1.24255516640E+04
8.90400E+00        1.24104083458E+04
8.91000E+00        1.23952993726E+04
8.91600E+00        1.23802110220E+04
8.92200E+00        1.23651445490E+04
8.92800E+00        1.23501232205E+04
8.93400E+00        1.23351168309E+04
8.94000E+00        1.23201376333E+04
8.94600E+00        1.23051923368E+04
8.95200E+00        1.22902673194E+04
8.95800E+00        1.22753692989E+04
8.96400E+00        1.22605049603E+04
8.97000E+00        1.22456552737E+04
8.97600E+00        1.22308433065E+04
8.98200E+00        1.22160539012E+04
8.98800E+00        1.22012898894E+04
8.99400E+00        1.21865524894E+04
9.00000E+00        1.21718483386E+04
9.00600E+00        1.21571639638E+04
9.01200E+00        1.21425060110E+04
9.01800E+00        1.21278810935E+04
9.02400E+00        1.21132757877E+04
9.03000E+00        1.20986967153E+04
9.03600E+00        1.20841504667E+04
9.04200E+00        1.20696236665E+04
9.04800E+00        1.20551229133E+04
9.05400E+00        1.20406547737E+04
9.06000E+00        1.20262112810E+04
9.06600E+00        1.20117882840E+04
9.07200E+00        1.19973976922E+04
9.07800E+00        1.19830208867E+04
9.08400E+00        1.19686751069E+04
9.09000E+00        1.19543549451E+04
9.09600E+00        1.19400669135E+04
9.10200E+00        1.19257977979E+04
9.10800E+00        1.19115594278E+04
9.11400E+00        1.18973476687E+04
9.12000E+00        1.18831546689E+04
9.12600E+00        1.18689869262E+04
9.13200E+00        1.18548456235E+04
9.13800E+00        1.18407334922E+04
9.14400E+00        1.18266411564E+04
9.15000E+00        1.18125803433E+04
9.15600E+00        1.17985379809E+04
9.16200E+00        1.17845205210E+04
9.16800E+00        1.17705279050E+04
9.17400E+00        1.17565665467E+04
9.18000E+00        1.17426234363E+04
9.18600E+00        1.17287049955E+04
9.19200E+00        1.17148176154E+04
9.19800E+00        1.17009483328E+04
9.20400E+00        1.16871035468E+04
9.21000E+00        1.16732896262E+04
9.21600E+00        1.16594936541E+04
9.22200E+00        1.16457220073E+04
9.22800E+00        1.16319746288E+04
9.23400E+00        1.16182578579E+04
9.24000E+00        1.16045588389E+04
9.24600E+00        1.15908839188E+04
9.25200E+00        1.15772394147E+04
9.25800E+00        1.15636125168E+04
9.26400E+00        1.15500095498E+04
9.27000E+00        1.15364304581E+04
9.27600E+00        1.15228815294E+04
9.28200E+00        1.15093500145E+04
9.28800E+00        1.14958422089E+04
9.29400E+00        1.14823643783E+04
9.30000E+00        1.14689038188E+04
9.30600E+00        1.14554668039E+04
9.31200E+00        1.14420532791E+04
9.31800E+00        1.14286694812E+04
9.32400E+00        1.14153027661E+04
9.33000E+00        1.14019593784E+04
9.33600E+00        1.13886455333E+04
9.34200E+00        1.13753486313E+04
9.34800E+00        1.13620799590E+04
9.35400E+00        1.13488293296E+04
9.36000E+00        1.13356079995E+04
9.36600E+00        1.13224034281E+04
9.37200E+00        1.13092218098E+04
9.37800E+00        1.12960630917E+04
9.38400E+00        1.12829334320E+04
9.39000E+00        1.12698203491E+04
9.39600E+00        1.12567300086E+04
9.40200E+00        1.12436623584E+04
9.40800E+00        1.12306235285E+04
9.41400E+00        1.12176010955E+04
9.42000E+00        1.12046011968E+04
9.42600E+00        1.11916299415E+04
9.43200E+00        1.11786749495E+04
9.43800E+00        1.11657473136E+04
9.44400E+00        1.11528370243E+04
9.45000E+00        1.11399551446E+04
9.45600E+00        1.11270893523E+04
9.46200E+00        1.11142457358E+04
9.46800E+00        1.11014242444E+04
9.47400E+00        1.10886309315E+04
9.48000E+00        1.10758535319E+04
9.48600E+00        1.10630981064E+04
9.49200E+00        1.10503646049E+04
9.49800E+00        1.10376590532E+04
9.50400E+00        1.10249692429E+04
9.51000E+00        1.10123061149E+04
9.51600E+00        1.09996658536E+04
9.52200E+00        1.09870412061E+04
9.52800E+00        1.09744381851E+04
9.53400E+00        1.09618567415E+04
9.54000E+00        1.09493028534E+04
9.54600E+00        1.09367644110E+04
9.55200E+00        1.09242473994E+04
9.55800E+00        1.09117517702E+04
9.56400E+00        1.08992834746E+04
9.57000E+00        1.08868304583E+04
9.57600E+00        1.08744035257E+04
9.58200E+00        1.08619929309E+04
9.58800E+00        1.08496034779E+04
9.59400E+00        1.08372410842E+04
9.60000E+00        1.08248937648E+04
9.60600E+00        1.08125674442E+04
9.61200E+00        1.08002620752E+04
9.61800E+00        1.07879835489E+04
9.62400E+00        1.07757199348E+04
9.63000E+00        1.07634771311E+04
9.63600E+00        1.07512550911E+04
9.64200E+00        1.07390596791E+04
9.64800E+00        1.07268838000E+04
9.65400E+00        1.07147237589E+04
9.66000E+00        1.07025842956E+04
9.66600E+00        1.06904712482E+04
9.67200E+00        1.06783727952E+04
9.67800E+00        1.06662947817E+04
9.68400E+00        1.06542371621E+04
9.69000E+00        1.06421998906E+04
9.69600E+00        1.06301887731E+04
9.70200E+00        1.06181920549E+04
9.70800E+00        1.06062155487E+04
9.71400E+00        1.05942639306E+04
9.72000E+00        1.05823277078E+04
9.72600E+00        1.05704173803E+04
9.73200E+00        1.05585212601E+04
9.73800E+00        1.05466451274E+04
9.74400E+00        1.05347889378E+04
9.75000E+00        1.05229584390E+04
9.75600E+00        1.05111419959E+04
9.76200E+00        1.04993453629E+04
9.76800E+00        1.04875684962E+04
9.77400E+00        1.04758113518E+04
9.78000E+00        1.04640843088E+04
9.78600E+00        1.04523664660E+04
9.79200E+00        1.04406682145E+04
9.79800E+00        1.04289895109E+04
9.80400E+00        1.04173303119E+04
9.81000E+00        1.04056963018E+04
9.81600E+00        1.03940759761E+04
9.82200E+00        1.03824750257E+04
9.82800E+00        1.03708934079E+04
9.83400E+00        1.03593356963E+04
9.84000E+00        1.03477983061E+04
9.84600E+00        1.03362744186E+04
9.85200E+00        1.03247696935E+04
9.85800E+00        1.03132840886E+04
9.86400E+00        1.03018175617E+04
9.87000E+00        1.02903757348E+04
9.87600E+00        1.02789472317E+04
9.88200E+00        1.02675376810E+04
9.88800E+00        1.02561516112E+04
9.89400E+00        1.02447798351E+04
9.90000E+00        1.02334325193E+04
9.90600E+00        1.02220983510E+04
9.91200E+00        1.02107829277E+04
9.91800E+00        1.01994862084E+04
9.92400E+00        1.01882081522E+04
9.93000E+00        1.01769543196E+04
9.93600E+00        1.01657134606E+04
9.94200E+00        1.01544956674E+04
9.94800E+00        1.01432918443E+04
9.95400E+00        1.01321064808E+04
9.96000E+00        1.01209395368E+04
9.96600E+00        1.01097965365E+04
9.97200E+00        1.00986663045E+04
9.97800E+00        1.00875543715E+04
9.98400E+00        1.00764606978E+04
9.99000E+00        1.00653852433E+04
9.99600E+00        1.00543324489E+04
1.00020E+01        1.00432988373E+04
1.00080E+01        1.00322777923E+04
1.00140E+01        1.00212748087E+04
1.00200E+01        1.00102898470E+04
1.00260E+01        9.99932286831E+03
1.00320E+01        9.98837933110E+03
1.00380E+01        9.97744819514E+03
1.00440E+01        9.96653936646E+03
1.00500E+01        9.95564391911E+03
1.00560E+01        9.94476626052E+03
1.00620E+01        9.93390635217E+03
1.00680E+01        9.92306961733E+03
1.00740E+01        9.91224508836E+03
1.00800E+01        9.90143819471E+03
1.00860E+01        9.89064889827E+03
1.00920E+01        9.87988156357E+03
1.00980E+01        9.86912734284E+03
1.01040E+01        9.85839603167E+03
1.01100E+01        9.84767673437E+03
1.01160E+01        9.83697484529E+03
1.01220E+01        9.82629032694E+03
1.01280E+01        9.81562314193E+03
1.01340E+01        9.80497325295E+03
1.01400E+01        9.79434498718E+03
1.01460E+01        9.78373495895E+03
1.01520E+01        9.77313672473E+03
1.01580E+01        9.76255563837E+03
1.01640E+01        9.75199166306E+03
1.01700E+01        9.74144476211E+03
1.01760E+01        9.73091489892E+03
1.01820E+01        9.72040738698E+03
1.01880E+01        9.70991148407E+03
1.01940E+01        9.69943683173E+03
1.02000E+01        9.68897474500E+03
1.02060E+01        9.67852951447E+03
1.02120E+01        9.66810110410E+03
1.02180E+01        9.65768947799E+03
1.02240E+01        9.64729991001E+03
1.02300E+01        9.63692173926E+03
1.02360E+01        9.62656024554E+03
1.02420E+01        9.61621967822E+03
1.02480E+01        9.60589142742E+03
1.02540E+01        9.59557974729E+03
1.02600E+01        9.58528460256E+03
1.02660E+01        9.57500595808E+03
1.02720E+01        9.56474904300E+03
1.02780E+01        9.55450328819E+03
1.02840E+01        9.54427392865E+03
1.02900E+01        9.53406092959E+03
1.02960E+01        9.52386850001E+03
1.03020E+01        9.51368811331E+03
1.03080E+01        9.50352398322E+03
1.03140E+01        9.49338130024E+03
1.03200E+01        9.48324957458E+03
1.03260E+01        9.47313400250E+03
1.03320E+01        9.46303454983E+03
1.03380E+01        9.45295118250E+03
1.03440E+01        9.44288386651E+03
1.03500E+01        9.43283256798E+03
1.03560E+01        9.42280145172E+03
1.03620E+01        9.41278726280E+03
1.03680E+01        9.40278380412E+03
1.03740E+01        9.39279622821E+03
1.03800E+01        9.38282450159E+03
1.03860E+01        9.37286859089E+03
1.03920E+01        9.36292846285E+03
1.03980E+01        9.35300408425E+03
1.04040E+01        9.34309542200E+03
1.04100E+01        9.33320660175E+03
1.04160E+01        9.32333440005E+03
1.04220E+01        9.31347267922E+03
1.04280E+01        9.30362654317E+03
1.04340E+01        9.29379595923E+03
1.04400E+01        9.28398089481E+03
1.04460E+01        9.27418131740E+03
1.04520E+01        9.26439719457E+03
1.04580E+01        9.25462849400E+03
1.04640E+01        9.24487518341E+03
1.04700E+01        9.23513723064E+03
1.04760E+01        9.22542379151E+03
1.04820E+01        9.21571644853E+03
1.04880E+01        9.20602436737E+03
1.04940E+01        9.19634751619E+03
1.05000E+01        9.18668586324E+03
1.05060E+01        9.17703937685E+03
1.05120E+01        9.16740802541E+03
1.05180E+01        9.15779177744E+03
1.05240E+01        9.14819060148E+03
1.05300E+01        9.13860949569E+03
1.05360E+01        9.12903836456E+03
1.05420E+01        9.11948221166E+03
1.05480E+01        9.10994506499E+03
1.05540E+01        9.10041877109E+03
1.05600E+01        9.09090736235E+03
1.05660E+01        9.08141080793E+03
1.05720E+01        9.07192907702E+03
1.05780E+01        9.06246213893E+03
1.05840E+01        9.05300996303E+03
1.05900E+01        9.04357251878E+03
1.05960E+01        9.03414977569E+03
1.06020E+01        9.02474170340E+03
1.06080E+01        9.01535323314E+03
1.06140E+01        9.00597440639E+03
1.06200E+01        8.99661416827E+03
1.06260E+01        8.98726446744E+03
1.06320E+01        8.97792928662E+03
1.06380E+01        8.96860859589E+03
1.06440E+01        8.95930236540E+03
1.06500E+01        8.95001056537E+03
1.06560E+01        8.94073316612E+03
1.06620E+01        8.93147013801E+03
1.06680E+01        8.92222145151E+03
1.06740E+01        8.91298707715E+03
1.06800E+01        8.90376698553E+03
1.06860E+01        8.89456604237E+03
1.06920E+01        8.88537442329E+03
1.06980E+01        8.87619699924E+03
1.07040E+01        8.86703374111E+03
1.07100E+01        8.85788461989E+03
1.07160E+01        8.84874960662E+03
1.07220E+01        8.83962867244E+03
1.07280E+01        8.83052178855E+03
1.07340E+01        8.82143285664E+03
1.07400E+01        8.81235398316E+03
1.07460E+01        8.80328907402E+03
1.07520E+01        8.79423810071E+03
1.07580E+01        8.78520103479E+03
1.07640E+01        8.77617784789E+03
1.07700E+01        8.76716851173E+03
1.07760E+01        8.75817299809E+03
1.07820E+01        8.74919127881E+03
1.07880E+01        8.74022332583E+03
1.07940E+01        8.73126911114E+03
1.08000E+01        8.72233340694E+03
1.08060E+01        8.71340658016E+03
1.08120E+01        8.70449340809E+03
1.08180E+01        8.69559386299E+03
1.08240E+01        8.68670791722E+03
1.08300E+01        8.67783554319E+03
1.08360E+01        8.66897671338E+03
1.08420E+01        8.66013140036E+03
1.08480E+01        8.65129957674E+03
1.08540E+01        8.64248121522E+03
1.08600E+01        8.63367628856E+03
1.08660E+01        8.62488476959E+03
1.08720E+01        8.61610663122E+03
1.08780E+01        8.60734184640E+03
1.08840E+01        8.59859038817E+03
1.08900E+01        8.58985222964E+03
1.08960E+01        8.58112734398E+03
1.09020E+01        8.57241570442E+03
1.09080E+01        8.56371728427E+03
1.09140E+01        8.55503205689E+03
1.09200E+01        8.54635999574E+03
1.09260E+01        8.53770107431E+03
1.09320E+01        8.52905526617E+03
1.09380E+01        8.52042254496E+03
1.09440E+01        8.51180288439E+03
1.09500E+01        8.50319625822E+03
1.09560E+01        8.49460264029E+03
1.09620E+01        8.48602200450E+03
1.09680E+01        8.47745432481E+03
1.09740E+01        8.46890800899E+03
1.09800E+01        8.46036238576E+03
1.09860E+01        8.45182876298E+03
1.09920E+01        8.44331264865E+03
1.09980E+01        8.43480936121E+03
1.10040E+01        8.42631887502E+03
1.10100E+01        8.41784579692E+03
1.10160E+01        8.40938083187E+03
1.10220E+01        8.40092859153E+03
1.10280E+01        8.39248905048E+03
1.10340E+01        8.38406218340E+03
1.10400E+01        8.37564796501E+03
1.10460E+01        8.36724637013E+03
1.10520E+01        8.35885737359E+03
1.10580E+01        8.35048095032E+03
1.10640E+01        8.34211707530E+03
1.10700E+01        8.33376572358E+03
1.10760E+01        8.32542687026E+03
1.10820E+01        8.31710049050E+03
1.10880E+01        8.30878655953E+03
1.10940E+01        8.30048505265E+03
1.11000E+01        8.29219594520E+03
1.11060E+01        8.28391921259E+03
1.11120E+01        8.27565483029E+03
1.11180E+01        8.26740277384E+03
1.11240E+01        8.25916301884E+03
1.11300E+01        8.25093100044E+03
1.11360E+01        8.24271577986E+03
1.11420E+01        8.23451278784E+03
1.11480E+01        8.22632200022E+03
1.11540E+01        8.21814791530E+03
1.11600E+01        8.20997694181E+03
1.11660E+01        8.20182262298E+03
1.11720E+01        8.19368041246E+03
1.11780E+01        8.18555028640E+03
1.11840E+01        8.17743222097E+03
1.11900E+01        8.16932619242E+03
1.11960E+01        8.16123217705E+03
1.12020E+01        8.15315015121E+03
1.12080E+01        8.14508009134E+03
1.12140E+01        8.13702197390E+03
1.12200E+01        8.12897577543E+03
1.12260E+01        8.12094147252E+03
1.12320E+01        8.11291904181E+03
1.12380E+01        8.10490484916E+03
1.12440E+01        8.09690609661E+03
1.12500E+01        8.08891914654E+03
1.12560E+01        8.08094397584E+03
1.12620E+01        8.07298056144E+03
1.12680E+01        8.06502888031E+03
1.12740E+01        8.05708890951E+03
1.12800E+01        8.04916062614E+03
1.12860E+01        8.04124400735E+03
1.12920E+01        8.03333903035E+03
1.12980E+01        8.02544567241E+03
1.13040E+01        8.01756391085E+03
1.13100E+01        8.00969372304E+03
1.13160E+01        8.00183508643E+03
1.13220E+01        7.99398797849E+03
1.13280E+01        7.98615237677E+03
1.13340E+01        7.97832825885E+03
1.13400E+01        7.97051560240E+03
1.13460E+01        7.96271438512E+03
1.13520E+01        7.95491666336E+03
1.13580E+01        7.94713826549E+03
1.13640E+01        7.93937124020E+03
1.13700E+01        7.93161556542E+03
1.13760E+01        7.92387121913E+03
1.13820E+01        7.91613817933E+03
1.13880E+01        7.90841642412E+03
1.13940E+01        7.90070593163E+03
1.14000E+01        7.89300668003E+03
1.14060E+01        7.88531864757E+03
1.14120E+01        7.87764181254E+03
1.14180E+01        7.86997615327E+03
1.14240E+01        7.86232164816E+03
1.14300E+01        7.85467477638E+03
1.14360E+01        7.84704251838E+03
1.14420E+01        7.83942135002E+03
1.14480E+01        7.83181124992E+03
1.14540E+01        7.82421219671E+03
1.14600E+01        7.81662416910E+03
1.14660E+01        7.80904284878E+03
1.14720E+01        7.80147681286E+03
1.14780E+01        7.79392173894E+03
1.14840E+01        7.78637760595E+03
1.14900E+01        7.77884439283E+03
1.14960E+01        7.77132207860E+03
1.15020E+01        7.76380718355E+03
1.15080E+01        7.75630660765E+03
1.15140E+01        7.74881686795E+03
1.15200E+01        7.74133794365E+03
1.15260E+01        7.73386981403E+03
1.15320E+01        7.72641245838E+03
1.15380E+01        7.71896585605E+03
1.15440E+01        7.71152574310E+03
1.15500E+01        7.70410058979E+03
1.15560E+01        7.69668612816E+03
1.15620E+01        7.68928233777E+03
1.15680E+01        7.68188577600E+03
1.15740E+01        7.67450327023E+03
1.15800E+01        7.66713137465E+03
1.15860E+01        7.65977006899E+03
1.15920E+01        7.65241933305E+03
1.15980E+01        7.64507914668E+03
1.16040E+01        7.63774948976E+03
1.16100E+01        7.63043034224E+03
1.16160E+01        7.62311748942E+03
1.16220E+01        7.61581930470E+03
1.16280E+01        7.60853156947E+03
1.16340E+01        7.60125087758E+03
1.16400E+01        7.59398398498E+03
1.16460E+01        7.58672748238E+03
1.16520E+01        7.57948135006E+03
1.16580E+01        7.57224556832E+03
1.16640E+01        7.56502011753E+03
1.16700E+01        7.55780497809E+03
1.16760E+01        7.55060013046E+03
1.16820E+01        7.54339804389E+03
1.16880E+01        7.53621372858E+03
1.16940E+01        7.52903964671E+03
1.17000E+01        7.52187577890E+03
1.17060E+01        7.51472210585E+03
1.17120E+01        7.50757860829E+03
1.17180E+01        7.50044526698E+03
1.17240E+01        7.49332206275E+03
1.17300E+01        7.48620897645E+03
1.17360E+01        7.47909854186E+03
1.17420E+01        7.47200564129E+03
1.17480E+01        7.46492280152E+03
1.17540E+01        7.45785000358E+03
1.17600E+01        7.45078722857E+03
1.17660E+01        7.44373445761E+03
1.17720E+01        7.43669167188E+03
1.17780E+01        7.42965885261E+03
1.17840E+01        7.42263598105E+03
1.17900E+01        7.41561973502E+03
1.17960E+01        7.40861262946E+03
1.18020E+01        7.40161949605E+03
1.18080E+01        7.39463623584E+03
1.18140E+01        7.38766283031E+03
1.18200E+01        7.38069926100E+03
1.18260E+01        7.37374550946E+03
1.18320E+01        7.36680155731E+03
1.18380E+01        7.35986410758E+03
1.18440E+01        7.35293970231E+03
1.18500E+01        7.34602099946E+03
1.18560E+01        7.33911606873E+03
1.18620E+01        7.33222084608E+03
1.18680E+01        7.32533531338E+03
1.18740E+01        7.31845945253E+03
1.18800E+01        7.31158998838E+03
1.18860E+01        7.30473342020E+03
1.18920E+01        7.29788646986E+03
1.18980E+01        7.29104510764E+03
1.19040E+01        7.28421734299E+03
1.19100E+01        7.27739914252E+03
1.19160E+01        7.27059048844E+03
1.19220E+01        7.26378812719E+03
1.19280E+01        7.25699851567E+03
1.19340E+01        7.25021839738E+03
1.19400E+01        7.24344775468E+03
1.19460E+01        7.23668258815E+03
1.19520E+01        7.22993084763E+03
1.19580E+01        7.22318853003E+03
1.19640E+01        7.21645561790E+03
1.19700E+01        7.20972888210E+03
1.19760E+01        7.20301473162E+03
1.19820E+01        7.19630993443E+03
1.19880E+01        7.18961051729E+03
1.19940E+01        7.18292437844E+03
1.20000E+01        7.17624754105E+03
1.20060E+01        7.16957998794E+03
1.20120E+01        7.16291851112E+03
1.20180E+01        7.15626947809E+03
1.20240E+01        7.14962967798E+03
1.20300E+01        7.14299516353E+03
1.20360E+01        7.13637378186E+03
1.20420E+01        7.12976158212E+03
1.20480E+01        7.12315537432E+03
1.20540E+01        7.11656149068E+03
1.20600E+01        7.10997673834E+03
1.20660E+01        7.10339719205E+03
1.20720E+01        7.09683065556E+03
1.20780E+01        7.09027320006E+03
1.20840E+01        7.08372480888E+03
1.20900E+01        7.07718231277E+03
1.20960E+01        7.07065200323E+03
1.21020E+01        7.06413070817E+03
1.21080E+01        7.05761452784E+03
1.21140E+01        7.05111121577E+03
1.21200E+01        7.04461686869E+03
1.21260E+01        7.03812833499E+03
1.21320E+01        7.03165187154E+03
1.21380E+01        7.02518432393E+03
1.21440E+01        7.01872181405E+03
1.21500E+01        7.01227205277E+03
1.21560E+01        7.00583115851E+03
1.21620E+01        6.99939599715E+03
1.21680E+01        6.99297279122E+03
1.21740E+01        6.98655840383E+03
1.21800E+01        6.98014897831E+03
1.21860E+01        6.97375218326E+03
1.21920E+01        6.96736415859E+03
1.21980E+01        6.96098178752E+03
1.22040E+01        6.95461125852E+03
1.22100E+01        6.94824945207E+03
1.22160E+01        6.94189635229E+03
1.22220E+01        6.93554812734E+03
1.22280E+01        6.92920931030E+03
1.22340E+01        6.92288224198E+03
1.22400E+01        6.91656381719E+03
1.22460E+01        6.91025402026E+03
1.22520E+01        6.90394903693E+03
1.22580E+01        6.89765645223E+03
1.22640E+01        6.89136937877E+03
1.22700E+01        6.88509394329E+03
1.22760E+01        6.87882705773E+03
1.22820E+01        6.87256870661E+03
1.22880E+01        6.86631509661E+03
1.22940E+01        6.86007071570E+03
1.23000E+01        6.85383788158E+03
1.23060E+01        6.84761352031E+03
1.23120E+01        6.84139761660E+03
1.23180E+01        6.83518639445E+03
1.23240E+01        6.82898736348E+03
1.23300E+01        6.82279370517E+03
1.23360E+01        6.81661148546E+03
1.23420E+01        6.81043764729E+03
1.23480E+01        6.80427217554E+03
1.23540E+01        6.79811131484E+03
1.23600E+01        6.79195950875E+03
1.23660E+01        6.78581905215E+03
1.23720E+01        6.77968690190E+03
1.23780E+01        6.77356304308E+03
1.23840E+01        6.76744373736E+03
1.23900E+01        6.76133340831E+03
1.23960E+01        6.75523434058E+03
1.24020E+01        6.74914350487E+03
1.24080E+01        6.74306088641E+03
1.24140E+01        6.73698276383E+03
1.24200E+01        6.73091354085E+03
1.24260E+01        6.72485549193E+03
1.24320E+01        6.71880560153E+03
1.24380E+01        6.71276385503E+03
1.24440E+01        6.70672654789E+03
1.24500E+01        6.70069806412E+03
1.24560E+01        6.69468066806E+03
1.24620E+01        6.68867135783E+03
1.24680E+01        6.68267011897E+03
1.24740E+01        6.67667326365E+03
1.24800E+01        6.67068515630E+03
1.24860E+01        6.66470805122E+03
1.24920E+01        6.65873896007E+03
1.24980E+01        6.65277786858E+03
1.25040E+01        6.64682110549E+03
1.25100E+01        6.64087301579E+03
1.25160E+01        6.63493584380E+03
1.25220E+01        6.62900661465E+03
1.25280E+01        6.62308167029E+03
1.25340E+01        6.61716828774E+03
1.25400E+01        6.61125986088E+03
1.25460E+01        6.60536226805E+03
1.25520E+01        6.59947254775E+03
1.25580E+01        6.59358705833E+03
1.25640E+01        6.58771304446E+03
1.25700E+01        6.58184392955E+03
1.25760E+01        6.57598556585E+03
1.25820E+01        6.57013500514E+03
1.25880E+01        6.56428862207E+03
1.25940E+01        6.55845070783E+03
1.26000E+01        6.55262347916E+03
1.26060E+01        6.54680399840E+03
1.26120E+01        6.54098865315E+03
1.26180E+01        6.53518463038E+03
1.26240E+01        6.52938540616E+03
1.26300E+01        6.52359678622E+03
1.26360E+01        6.51781584602E+03
1.26420E+01        6.51203898925E+03
1.26480E+01        6.50627337113E+03
1.26540E+01        6.50051249672E+03
1.26600E+01        6.49476214612E+03
1.26660E+01        6.48901583775E+03
1.26720E+01        6.48328070157E+03
1.26780E+01        6.47755026569E+03
1.26840E+01        6.47183028985E+03
1.26900E+01        6.46611787293E+03
1.26960E+01        6.46040944730E+03
1.27020E+01        6.45471211154E+03
1.27080E+01        6.44901942242E+03
1.27140E+01        6.44333711435E+03
1.27200E+01        6.43765875727E+03
1.27260E+01        6.43199142481E+03
1.27320E+01        6.42632869650E+03
1.27380E+01        6.42067628663E+03
1.27440E+01        6.41502778785E+03
1.27500E+01        6.40939024896E+03
1.27560E+01        6.40375727214E+03
1.27620E+01        6.39813455166E+03
1.27680E+01        6.39251921972E+03
1.27740E+01        6.38690774953E+03
1.27800E+01        6.38130715906E+03
1.27860E+01        6.37571107863E+03
1.27920E+01        6.37012517762E+03
1.27980E+01        6.36454309933E+03
1.28040E+01        6.35897183718E+03
1.28100E+01        6.35340504390E+03
1.28160E+01        6.34784836906E+03
1.28220E+01        6.34229547829E+03
1.28280E+01        6.33675334061E+03
1.28340E+01        6.33121563100E+03
1.28400E+01        6.32568797935E+03
1.28460E+01        6.32016407350E+03
1.28520E+01        6.31465085817E+03
1.28580E+01        6.30914203051E+03
1.28640E+01        6.30364320083E+03
1.28700E+01        6.29814807903E+03
1.28760E+01        6.29266358570E+03
1.28820E+01        6.28718344001E+03
1.28880E+01        6.28171323279E+03
1.28940E+01        6.27624669592E+03
1.29000E+01        6.27079072595E+03
1.29060E+01        6.26533906398E+03
1.29120E+01        6.25989728145E+03
1.29180E+01        6.25445913209E+03
1.29240E+01        6.24903148856E+03
1.29300E+01        6.24360811375E+03
1.29360E+01        6.23819455984E+03
1.29420E+01        6.23278460228E+03
1.29480E+01        6.22738508995E+03
1.29540E+01        6.22199257878E+03
1.29600E+01        6.21660428775E+03
1.29660E+01        6.21122232796E+03
1.29720E+01        6.20585075328E+03
1.29780E+01        6.20048336988E+03
1.29840E+01        6.19512228340E+03
1.29900E+01        6.18977153726E+03
1.29960E+01        6.18442770832E+03
1.30020E+01        6.17908803250E+03
1.30080E+01        6.17375460820E+03
1.30140E+01        6.16843146495E+03
1.30200E+01        6.16311519149E+03
1.30260E+01        6.15780303333E+03
1.30320E+01        6.15249708170E+03
1.30380E+01        6.14720135229E+03
1.30440E+01        6.14191244568E+03
1.30500E+01        6.13662424084E+03
1.30560E+01        6.13134895004E+03
1.30620E+01        6.12608044704E+03
1.30680E+01        6.12081872024E+03
1.30740E+01        6.11555766971E+03
1.30800E+01        6.11030946579E+03
1.30860E+01        6.10506800337E+03
1.30920E+01        6.09983327094E+03
1.30980E+01        6.09459918955E+03
1.31040E+01        6.08937788786E+03
1.31100E+01        6.08416328176E+03
1.31160E+01        6.07894930796E+03
1.31220E+01        6.07374806400E+03
1.31280E+01        6.06855348146E+03
1.31340E+01        6.06336554898E+03
1.31400E+01        6.05817822407E+03
1.31460E+01        6.05300356295E+03
1.31520E+01        6.04783551801E+03
1.31580E+01        6.04267407800E+03
1.31640E+01        6.03751322112E+03
1.31700E+01        6.03236496246E+03
1.31760E+01        6.02722327513E+03
1.31820E+01        6.02208215276E+03
1.31880E+01        6.01695357976E+03
1.31940E+01        6.01183154470E+03
1.32000E+01        6.00671603649E+03
1.32060E+01        6.00160106928E+03
1.32120E+01        5.99649858672E+03
1.32180E+01        5.99140259790E+03
1.32240E+01        5.98630979854E+03
1.32300E+01        5.98122410308E+03
1.32360E+01        5.97614753472E+03
1.32420E+01        5.97107413138E+03
1.32480E+01        5.96600779756E+03
1.32540E+01        5.96095055136E+03
1.32600E+01        5.95589972246E+03
1.32660E+01        5.95085202626E+03
1.32720E+01        5.94581135407E+03
1.32780E+01        5.94077971722E+03
1.32840E+01        5.93575118903E+03
1.32900E+01        5.93073229246E+03
1.32960E+01        5.92571710930E+03
1.33020E+01        5.92071090961E+03
1.33080E+01        5.91570778680E+03
1.33140E+01        5.91071160927E+03
1.33200E+01        5.90572437655E+03
1.33260E+01        5.90074019708E+03
1.33320E+01        5.89576292949E+03
1.33380E+01        5.89079456830E+03
1.33440E+01        5.88583247486E+03
1.33500E+01        5.88087340341E+03
1.33560E+01        5.87592119962E+03
1.33620E+01        5.87097785136E+03
1.33680E+01        5.86603750186E+03
1.33740E+01        5.86110398708E+03
1.33800E+01        5.85617928995E+03
1.33860E+01        5.85125756848E+03
1.33920E+01        5.84634525290E+03
1.33980E+01        5.84143650953E+03
1.34040E+01        5.83653332279E+03
1.34100E+01        5.83163950286E+03
1.34160E+01        5.82674923079E+03
1.34220E+01        5.82186448604E+03
1.34280E+01        5.81698906925E+03
1.34340E+01        5.81211976476E+03
1.34400E+01        5.80725397594E+03
1.34460E+01        5.80239367565E+03
1.34520E+01        5.79754265186E+03
1.34580E+01        5.79269511977E+03
1.34640E+01        5.78785304734E+03
1.34700E+01        5.78302021308E+03
1.34760E+01        5.77819084673E+03
1.34820E+01        5.77336691134E+03
1.34880E+01        5.76855217600E+03
1.34940E+01        5.76374345199E+03
1.35000E+01        5.75893499633E+03
1.35060E+01        5.75413826986E+03
1.35120E+01        5.74934752485E+03
1.35180E+01        5.74456019288E+03
1.35240E+01        5.73977822561E+03
1.35300E+01        5.73500537030E+03
1.35360E+01        5.73023590476E+03
1.35420E+01        5.72547177585E+03
1.35480E+01        5.72071672148E+03
1.35540E+01        5.71596757955E+03
1.35600E+01        5.71121865481E+03
1.35660E+01        5.70648131319E+03
1.35720E+01        5.70174985474E+03
1.35780E+01        5.69701859841E+03
1.35840E+01        5.69229888187E+03
1.35900E+01        5.68758501942E+03
1.35960E+01        5.68287134415E+03
1.36020E+01        5.67816916559E+03
1.36080E+01        5.67347281220E+03
1.36140E+01        5.66877663118E+03
1.36200E+01        5.66409190401E+03
1.36260E+01        5.65941297328E+03
1.36320E+01        5.65473671870E+03
1.36380E+01        5.65006683842E+03
1.36440E+01        5.64540524448E+03
1.36500E+01        5.64074630589E+03
1.36560E+01        5.63609371167E+03
1.36620E+01        5.63144936917E+03
1.36680E+01        5.62680766138E+03
1.36740E+01        5.62217226821E+03
1.36800E+01        5.61754509234E+03
1.36860E+01        5.61292053066E+03
1.36920E+01        5.60830225405E+03
1.36980E+01        5.60369216050E+03
1.37040E+01        5.59908466078E+03
1.37100E+01        5.59448341674E+03
1.37160E+01        5.58989032173E+03
1.37220E+01        5.58529980033E+03
1.37280E+01        5.58071550539E+03
1.37340E+01        5.57613932565E+03
1.37400E+01        5.57156569944E+03
1.37460E+01        5.56699827065E+03
1.37520E+01        5.56243892340E+03
1.37580E+01        5.55788210975E+03
1.37640E+01        5.55333146465E+03
1.37700E+01        5.54878886764E+03
1.37760E+01        5.54424878443E+03
1.37820E+01        5.53971484108E+03
1.37880E+01        5.53518891255E+03
1.37940E+01        5.53066547816E+03
1.38000E+01        5.52615061625E+03
1.38060E+01        5.52163881378E+03
1.38120E+01        5.51713194708E+03
1.38180E+01        5.51263116336E+03
1.38240E+01        5.50813832847E+03
1.38300E+01        5.50364794883E+03
1.38360E+01        5.49916607310E+03
1.38420E+01        5.49468419264E+03
1.38480E+01        5.49021324252E+03
1.38540E+01        5.48574529657E+03
1.38600E+01        5.48128221897E+03
1.38660E+01        5.47682758873E+03
1.38720E+01        5.47237837936E+03
1.38780E+01        5.46792913898E+03
1.38840E+01        5.46349074946E+03
1.38900E+01        5.45905532329E+03
1.38960E+01        5.45462471564E+03
1.39020E+01        5.45020248817E+03
1.39080E+01        5.44578562918E+03
1.39140E+01        5.44136871336E+03
1.39200E+01        5.43696256974E+03
1.39260E+01        5.43255934920E+03
1.39320E+01        5.42816089797E+03
1.39380E+01        5.42377076046E+03
1.39440E+01        5.41938054495E+03
1.39500E+01        5.41500103670E+03
1.39560E+01        5.41062682805E+03
1.39620E+01        5.40625252883E+03
1.39680E+01        5.40188889818E+03
1.39740E+01        5.39753054160E+03
1.39800E+01        5.39317208199E+03
1.39860E+01        5.38882425246E+03
1.39920E+01        5.38448167161E+03
1.39980E+01        5.38013897537E+03
1.40040E+01        5.37580687093E+03
