# %ECSV 0.9
# ---
# datatype:
# - {name: wavelength, unit: micron, datatype: float64}
# - {name: flux, unit: microJansky, datatype: float64}
# schema: astropy-2.0
#
#
#  - - File generated by ExoNoodle - -
#         V1.0.0 - MML (CEA-Saclay)
#       2021-03-25 15:37:33.308590
wavelength flux 
3.00000E+00        7.35809630505E+04
3.00600E+00        7.33789784458E+04
3.01200E+00        7.31777859998E+04
3.01800E+00        7.29772913018E+04
3.02400E+00        7.27775281824E+04
3.03000E+00        7.25785177725E+04
3.03600E+00        7.23802510706E+04
3.04200E+00        7.21826950728E+04
3.04800E+00        7.19858948400E+04
3.05400E+00        7.17898114128E+04
3.06000E+00        7.15944480176E+04
3.06600E+00        7.13998134775E+04
3.07200E+00        7.12058990786E+04
3.07800E+00        7.10126957833E+04
3.08400E+00        7.08202009253E+04
3.09000E+00        7.06284115498E+04
3.09600E+00        7.04373482020E+04
3.10200E+00        7.02469729028E+04
3.10800E+00        7.00573003397E+04
3.11400E+00        6.98683276390E+04
3.12000E+00        6.96800634582E+04
3.12600E+00        6.94924818631E+04
3.13200E+00        6.93055915582E+04
3.13800E+00        6.91193839397E+04
3.14400E+00        6.89338677160E+04
3.15000E+00        6.87490285524E+04
3.15600E+00        6.85648693955E+04
3.16200E+00        6.83813931391E+04
3.16800E+00        6.81985855664E+04
3.17400E+00        6.80164552742E+04
3.18000E+00        6.78349881242E+04
3.18600E+00        6.76541870295E+04
3.19200E+00        6.74740380684E+04
3.19800E+00        6.72945776619E+04
3.20400E+00        6.71157637641E+04
3.21000E+00        6.69376104694E+04
3.21600E+00        6.67601038735E+04
3.22200E+00        6.65832469450E+04
3.22800E+00        6.64070423256E+04
3.23400E+00        6.62314763194E+04
3.24000E+00        6.60565518772E+04
3.24600E+00        6.58822826111E+04
3.25200E+00        6.57086438968E+04
3.25800E+00        6.55356277412E+04
3.26400E+00        6.53632586407E+04
3.27000E+00        6.51915068278E+04
3.27600E+00        6.50203966750E+04
3.28200E+00        6.48498877635E+04
3.28800E+00        6.46800259967E+04
3.29400E+00        6.45107709988E+04
3.30000E+00        6.43421257098E+04
3.30600E+00        6.41741088049E+04
3.31200E+00        6.40066857417E+04
3.31800E+00        6.38398699534E+04
3.32400E+00        6.36736747166E+04
3.33000E+00        6.35080657671E+04
3.33600E+00        6.33430564419E+04
3.34200E+00        6.31786442100E+04
3.34800E+00        6.30148422216E+04
3.35400E+00        6.28516165802E+04
3.36000E+00        6.26889804963E+04
3.36600E+00        6.25269210523E+04
3.37200E+00        6.23654566416E+04
3.37800E+00        6.22045846237E+04
3.38400E+00        6.20442715945E+04
3.39000E+00        6.18845461261E+04
3.39600E+00        6.17253851122E+04
3.40200E+00        6.15668015938E+04
3.40800E+00        6.14087828678E+04
3.41400E+00        6.12513367695E+04
3.42000E+00        6.10944455749E+04
3.42600E+00        6.09381121299E+04
3.43200E+00        6.07823491174E+04
3.43800E+00        6.06271390054E+04
3.44400E+00        6.04724845054E+04
3.45000E+00        6.03183782311E+04
3.45600E+00        6.01648179556E+04
3.46200E+00        6.00118112158E+04
3.46800E+00        5.98593507374E+04
3.47400E+00        5.97074342004E+04
3.48000E+00        5.95560444835E+04
3.48600E+00        5.94052089444E+04
3.49200E+00        5.92548957079E+04
3.49800E+00        5.91051172201E+04
3.50400E+00        5.89558713722E+04
3.51000E+00        5.88071655410E+04
3.51600E+00        5.86589682247E+04
3.52200E+00        5.85113113044E+04
3.52800E+00        5.83641634076E+04
3.53400E+00        5.82175465201E+04
3.54000E+00        5.80714391523E+04
3.54600E+00        5.79258487462E+04
3.55200E+00        5.77807778403E+04
3.55800E+00        5.76362051543E+04
3.56400E+00        5.74921524978E+04
3.57000E+00        5.73485985088E+04
3.57600E+00        5.72055600922E+04
3.58200E+00        5.70630161593E+04
3.58800E+00        5.69209740488E+04
3.59400E+00        5.67794268957E+04
3.60000E+00        5.66383773328E+04
3.60600E+00        5.64978232458E+04
3.61200E+00        5.63577578323E+04
3.61800E+00        5.62181884027E+04
3.62400E+00        5.60791127578E+04
3.63000E+00        5.59405149531E+04
3.63600E+00        5.58024022135E+04
3.64200E+00        5.56647539984E+04
3.64800E+00        5.55276052649E+04
3.65400E+00        5.53909308281E+04
3.66000E+00        5.52547286895E+04
3.66600E+00        5.51190014535E+04
3.67200E+00        5.49837471052E+04
3.67800E+00        5.48489636387E+04
3.68400E+00        5.47146444968E+04
3.69000E+00        5.45807878004E+04
3.69600E+00        5.44474005279E+04
3.70200E+00        5.43144762244E+04
3.70800E+00        5.41820129280E+04
3.71400E+00        5.40499952462E+04
3.72000E+00        5.39184481463E+04
3.72600E+00        5.37873517375E+04
3.73200E+00        5.36567130696E+04
3.73800E+00        5.35265079600E+04
3.74400E+00        5.33967656327E+04
3.75000E+00        5.32674620395E+04
3.75600E+00        5.31386084908E+04
3.76200E+00        5.30102031442E+04
3.76800E+00        5.28822265356E+04
3.77400E+00        5.27546856137E+04
3.78000E+00        5.26275960227E+04
3.78600E+00        5.25009427634E+04
3.79200E+00        5.23747153364E+04
3.79800E+00        5.22489162527E+04
3.80400E+00        5.21235566780E+04
3.81000E+00        5.19986218763E+04
3.81600E+00        5.18741142487E+04
3.82200E+00        5.17500321385E+04
3.82800E+00        5.16263736097E+04
3.83400E+00        5.15031327288E+04
3.84000E+00        5.13803076787E+04
3.84600E+00        5.12579137381E+04
3.85200E+00        5.11359236275E+04
3.85800E+00        5.10143526213E+04
3.86400E+00        5.08931946330E+04
3.87000E+00        5.07724438366E+04
3.87600E+00        5.06520984634E+04
3.88200E+00        5.05321778095E+04
3.88800E+00        5.04126465726E+04
3.89400E+00        5.02935198631E+04
3.90000E+00        5.01747959842E+04
3.90600E+00        5.00564732470E+04
3.91200E+00        4.99385499703E+04
3.91800E+00        4.98210327157E+04
3.92400E+00        4.97038991861E+04
3.93000E+00        4.95871642719E+04
3.93600E+00        4.94708180480E+04
3.94200E+00        4.93548671269E+04
3.94800E+00        4.92392975340E+04
3.95400E+00        4.91241199810E+04
3.96000E+00        4.90093287344E+04
3.96600E+00        4.88949181070E+04
3.97200E+00        4.87808905873E+04
3.97800E+00        4.86672486330E+04
3.98400E+00        4.85539825328E+04
3.99000E+00        4.84410947688E+04
3.99600E+00        4.83285837652E+04
4.00200E+00        4.82164439354E+04
4.00800E+00        4.81046817637E+04
4.01400E+00        4.79932876692E+04
4.02000E+00        4.78822641232E+04
4.02600E+00        4.77716135670E+04
4.03200E+00        4.76613264970E+04
4.03800E+00        4.75514014153E+04
4.04400E+00        4.74418486915E+04
4.05000E+00        4.73326431589E+04
4.05600E+00        4.72238108382E+04
4.06200E+00        4.71153345112E+04
4.06800E+00        4.70072205490E+04
4.07400E+00        4.68994596249E+04
4.08000E+00        4.67920464548E+04
4.08600E+00        4.66849950543E+04
4.09200E+00        4.65782962091E+04
4.09800E+00        4.64719484633E+04
4.10400E+00        4.63659388406E+04
4.11000E+00        4.62602889788E+04
4.11600E+00        4.61549781967E+04
4.12200E+00        4.60500128562E+04
4.12800E+00        4.59453952357E+04
4.13400E+00        4.58411239572E+04
4.14000E+00        4.57371824035E+04
4.14600E+00        4.56335843337E+04
4.15200E+00        4.55303208641E+04
4.15800E+00        4.54274056463E+04
4.16400E+00        4.53247995142E+04
4.17000E+00        4.52225578585E+04
4.17600E+00        4.51206564199E+04
4.18200E+00        4.50190413892E+04
4.18800E+00        4.49178014195E+04
4.19400E+00        4.48168453514E+04
4.20000E+00        4.47162614458E+04
4.20600E+00        4.46159589595E+04
4.21200E+00        4.45160257638E+04
4.21800E+00        4.44163715285E+04
4.22400E+00        4.43170837379E+04
4.23000E+00        4.42180724726E+04
4.23600E+00        4.41193880682E+04
4.24200E+00        4.40210513046E+04
4.24800E+00        4.39230020076E+04
4.25400E+00        4.38252976349E+04
4.26000E+00        4.37278710595E+04
4.26600E+00        4.36308011705E+04
4.27200E+00        4.35339994649E+04
4.27800E+00        4.34375083404E+04
4.28400E+00        4.33413626520E+04
4.29000E+00        4.32454745409E+04
4.29600E+00        4.31492800159E+04
4.30200E+00        4.30522310182E+04
4.30800E+00        4.29587436553E+04
4.31400E+00        4.28630114306E+04
4.32000E+00        4.27685065380E+04
4.32600E+00        4.26594653071E+04
4.33200E+00        4.25796853420E+04
4.33800E+00        4.24839821661E+04
4.34400E+00        4.23848596476E+04
4.35000E+00        4.22879435794E+04
4.35600E+00        4.21986828541E+04
4.36200E+00        4.21042853019E+04
4.36800E+00        4.20131355327E+04
4.37400E+00        4.19064046871E+04
4.38000E+00        4.18309415625E+04
4.38600E+00        4.17210405707E+04
4.39200E+00        4.16466176098E+04
4.39800E+00        4.15374041162E+04
4.40400E+00        4.14620095680E+04
4.41000E+00        4.13708396770E+04
4.41600E+00        4.12728962354E+04
4.42200E+00        4.11914882654E+04
4.42800E+00        4.11024589007E+04
4.43400E+00        4.10059840649E+04
4.44000E+00        4.09122205363E+04
4.44600E+00        4.08319400828E+04
4.45200E+00        4.07455666408E+04
4.45800E+00        4.06579190641E+04
4.46400E+00        4.05697905692E+04
4.47000E+00        4.04806247492E+04
4.47600E+00        4.03919362919E+04
4.48200E+00        4.03020081760E+04
4.48800E+00        4.02143422717E+04
4.49400E+00        4.01290625020E+04
4.50000E+00        4.00417783978E+04
4.50600E+00        3.99560641100E+04
4.51200E+00        3.98719401391E+04
4.51800E+00        3.97894285286E+04
4.52400E+00        3.96945481222E+04
4.53000E+00        3.96228710858E+04
4.53600E+00        3.95391030054E+04
4.54200E+00        3.94553169245E+04
4.54800E+00        3.93718690072E+04
4.55400E+00        3.92847545694E+04
4.56000E+00        3.92012735489E+04
4.56600E+00        3.91121035085E+04
4.57200E+00        3.90349483828E+04
4.57800E+00        3.89558243664E+04
4.58400E+00        3.88721584513E+04
4.59000E+00        3.87909275856E+04
4.59600E+00        3.87079000205E+04
4.60200E+00        3.86136715101E+04
4.60800E+00        3.85456631707E+04
4.61400E+00        3.84667379038E+04
4.62000E+00        3.83807162773E+04
4.62600E+00        3.83018248403E+04
4.63200E+00        3.82238607296E+04
4.63800E+00        3.81478761726E+04
4.64400E+00        3.80646609223E+04
4.65000E+00        3.79830708340E+04
4.65600E+00        3.79121518215E+04
4.66200E+00        3.78386446742E+04
4.66800E+00        3.77546650448E+04
4.67400E+00        3.76623470880E+04
4.68000E+00        3.75952205005E+04
4.68600E+00        3.75221081328E+04
4.69200E+00        3.74365220045E+04
4.69800E+00        3.73613185752E+04
4.70400E+00        3.72886775074E+04
4.71000E+00        3.72061563921E+04
4.71600E+00        3.71288655895E+04
4.72200E+00        3.70540560333E+04
4.72800E+00        3.69770303285E+04
4.73400E+00        3.68982382737E+04
4.74000E+00        3.68268598833E+04
4.74600E+00        3.67464283882E+04
4.75200E+00        3.66738880085E+04
4.75800E+00        3.65993821532E+04
4.76400E+00        3.65136327071E+04
4.77000E+00        3.64514220875E+04
4.77600E+00        3.63738155193E+04
4.78200E+00        3.62956614766E+04
4.78800E+00        3.62291205224E+04
4.79400E+00        3.61395033164E+04
4.80000E+00        3.60786178627E+04
4.80600E+00        3.60071279946E+04
4.81200E+00        3.59226661468E+04
4.81800E+00        3.58624953762E+04
4.82400E+00        3.57795484865E+04
4.83000E+00        3.57163573757E+04
4.83600E+00        3.56343841860E+04
4.84200E+00        3.55679985767E+04
4.84800E+00        3.55014530445E+04
4.85400E+00        3.54159567979E+04
4.86000E+00        3.53572902114E+04
4.86600E+00        3.52780125904E+04
4.87200E+00        3.52130675119E+04
4.87800E+00        3.51365816448E+04
4.88400E+00        3.50620146265E+04
4.89000E+00        3.50037956769E+04
4.89600E+00        3.49296609937E+04
4.90200E+00        3.48645582306E+04
4.90800E+00        3.47842401083E+04
4.91400E+00        3.47234386025E+04
4.92000E+00        3.46324104488E+04
4.92600E+00        3.45802531819E+04
4.93200E+00        3.45065155289E+04
4.93800E+00        3.44231455454E+04
4.94400E+00        3.43743988100E+04
4.95000E+00        3.43121631560E+04
4.95600E+00        3.42392236066E+04
4.96200E+00        3.41769192709E+04
4.96800E+00        3.40998270767E+04
4.97400E+00        3.40426923366E+04
4.98000E+00        3.39624841904E+04
4.98600E+00        3.39085354751E+04
4.99200E+00        3.38368355208E+04
4.99800E+00        3.37758397532E+04
5.00400E+00        3.37031744940E+04
5.01000E+00        3.36208813253E+04
5.01600E+00        3.35671131414E+04
5.02200E+00        3.34978568989E+04
5.02800E+00        3.34309629133E+04
5.03400E+00        3.33793955906E+04
5.04000E+00        3.32969575692E+04
5.04600E+00        3.32478004087E+04
5.05200E+00        3.31757189065E+04
5.05800E+00        3.31150496609E+04
5.06400E+00        3.30483629777E+04
5.07000E+00        3.29846764524E+04
5.07600E+00        3.29260385081E+04
5.08200E+00        3.28441627377E+04
5.08800E+00        3.27998540727E+04
5.09400E+00        3.27113840017E+04
5.10000E+00        3.26722445482E+04
5.10600E+00        3.25969687919E+04
5.11200E+00        3.25457479710E+04
5.11800E+00        3.24691199938E+04
5.12400E+00        3.24188620340E+04
5.13000E+00        3.23523872439E+04
5.13600E+00        3.22940163883E+04
5.14200E+00        3.22326521376E+04
5.14800E+00        3.21685115470E+04
5.15400E+00        3.21103561424E+04
5.16000E+00        3.20287741520E+04
5.16600E+00        3.19876152553E+04
5.17200E+00        3.19168847104E+04
5.17800E+00        3.18644572709E+04
5.18400E+00        3.17975931780E+04
5.19000E+00        3.17393654070E+04
5.19600E+00        3.16810640138E+04
5.20200E+00        3.16131166382E+04
5.20800E+00        3.15516087479E+04
5.21400E+00        3.14971544447E+04
5.22000E+00        3.14397499967E+04
5.22600E+00        3.13594599811E+04
5.23200E+00        3.12876032638E+04
5.23800E+00        3.12609203287E+04
5.24400E+00        3.11990788248E+04
5.25000E+00        3.11399502947E+04
5.25600E+00        3.10523768144E+04
5.26200E+00        3.10096401388E+04
5.26800E+00        3.09641956714E+04
5.27400E+00        3.08905294246E+04
5.28000E+00        3.08470683346E+04
5.28600E+00        3.07857107919E+04
5.29200E+00        3.07222677612E+04
5.29800E+00        3.06745865471E+04
5.30400E+00        3.06115012354E+04
5.31000E+00        3.05576400685E+04
5.31600E+00        3.04915293141E+04
5.32200E+00        3.04426910577E+04
5.32800E+00        3.03869868691E+04
5.33400E+00        3.03300811054E+04
5.34000E+00        3.02680451494E+04
5.34600E+00        3.02145727658E+04
5.35200E+00        3.01584992361E+04
5.35800E+00        3.01022624987E+04
5.36400E+00        3.00472129614E+04
5.37000E+00        2.99905417701E+04
5.37600E+00        2.99352419172E+04
5.38200E+00        2.98790002628E+04
5.38800E+00        2.98154845206E+04
5.39400E+00        2.97560066721E+04
5.40000E+00        2.97130330708E+04
5.40600E+00        2.96574415197E+04
5.41200E+00        2.96008033584E+04
5.41800E+00        2.95464573530E+04
5.42400E+00        2.94921953511E+04
5.43000E+00        2.94385394617E+04
5.43600E+00        2.93838810227E+04
5.44200E+00        2.93291728875E+04
5.44800E+00        2.92755386278E+04
5.45400E+00        2.92200151784E+04
5.46000E+00        2.91660413340E+04
5.46600E+00        2.91111696086E+04
5.47200E+00        2.90579027993E+04
5.47800E+00        2.90066046039E+04
5.48400E+00        2.89534710503E+04
5.49000E+00        2.88942149598E+04
5.49600E+00        2.88473951784E+04
5.50200E+00        2.87945385628E+04
5.50800E+00        2.87404497739E+04
5.51400E+00        2.86891815309E+04
5.52000E+00        2.86367608090E+04
5.52600E+00        2.85837436205E+04
5.53200E+00        2.85318378690E+04
5.53800E+00        2.84803150514E+04
5.54400E+00        2.84278541044E+04
5.55000E+00        2.83760368949E+04
5.55600E+00        2.83250136390E+04
5.56200E+00        2.82716662475E+04
5.56800E+00        2.82135485674E+04
5.57400E+00        2.81707289251E+04
5.58000E+00        2.81056828109E+04
5.58600E+00        2.80689050865E+04
5.59200E+00        2.80180765819E+04
5.59800E+00        2.79673323871E+04
5.60400E+00        2.79146666999E+04
5.61000E+00        2.78667470605E+04
5.61600E+00        2.78163377276E+04
5.62200E+00        2.77644289663E+04
5.62800E+00        2.77164333416E+04
5.63400E+00        2.76664146208E+04
5.64000E+00        2.76126651367E+04
5.64600E+00        2.75672487857E+04
5.65200E+00        2.75178124442E+04
5.65800E+00        2.74677169660E+04
5.66400E+00        2.74193180031E+04
5.67000E+00        2.73702272096E+04
5.67600E+00        2.73207964898E+04
5.68200E+00        2.72719966581E+04
5.68800E+00        2.72238337677E+04
5.69400E+00        2.71739557898E+04
5.70000E+00        2.71266534744E+04
5.70600E+00        2.70785524258E+04
5.71200E+00        2.70303541779E+04
5.71800E+00        2.69823271457E+04
5.72400E+00        2.69344346861E+04
5.73000E+00        2.68866098788E+04
5.73600E+00        2.68385954252E+04
5.74200E+00        2.67914462014E+04
5.74800E+00        2.67440086960E+04
5.75400E+00        2.66966377045E+04
5.76000E+00        2.66495488450E+04
5.76600E+00        2.66025168957E+04
5.77200E+00        2.65552957350E+04
5.77800E+00        2.65087670587E+04
5.78400E+00        2.64620924277E+04
5.79000E+00        2.64155128662E+04
5.79600E+00        2.63690544219E+04
5.80200E+00        2.63227815511E+04
5.80800E+00        2.62765591103E+04
5.81400E+00        2.62275614438E+04
5.82000E+00        2.61845205862E+04
5.82600E+00        2.61387080273E+04
5.83200E+00        2.60929705148E+04
5.83800E+00        2.60473467857E+04
5.84400E+00        2.60018837170E+04
5.85000E+00        2.59565077880E+04
5.85600E+00        2.59111846950E+04
5.86200E+00        2.58661276839E+04
5.86800E+00        2.58210883441E+04
5.87400E+00        2.57739035447E+04
5.88000E+00        2.57313989977E+04
5.88600E+00        2.56867141192E+04
5.89200E+00        2.56421778551E+04
5.89800E+00        2.55977047129E+04
5.90400E+00        2.55510951551E+04
5.91000E+00        2.55091669963E+04
5.91600E+00        2.54649836343E+04
5.92200E+00        2.54210771125E+04
5.92800E+00        2.53771943087E+04
5.93400E+00        2.53334191854E+04
5.94000E+00        2.52897597474E+04
5.94600E+00        2.52462072602E+04
5.95200E+00        2.52027697028E+04
5.95800E+00        2.51594551723E+04
5.96400E+00        2.51162006503E+04
5.97000E+00        2.50731263245E+04
5.97600E+00        2.50301280924E+04
5.98200E+00        2.49872305301E+04
5.98800E+00        2.49444498025E+04
5.99400E+00        2.49017363144E+04
6.00000E+00        2.48581942987E+04
6.00600E+00        2.48167678919E+04
6.01200E+00        2.47744137296E+04
6.01800E+00        2.47321663634E+04
6.02400E+00        2.46900295199E+04
6.03000E+00        2.46480152135E+04
6.03600E+00        2.46060860861E+04
6.04200E+00        2.45642623545E+04
6.04800E+00        2.45225436720E+04
6.05400E+00        2.44809337376E+04
6.06000E+00        2.44394241121E+04
6.06600E+00        2.43980185042E+04
6.07200E+00        2.43567328361E+04
6.07800E+00        2.43155422477E+04
6.08400E+00        2.42744426003E+04
6.09000E+00        2.42334456278E+04
6.09600E+00        2.41925669808E+04
6.10200E+00        2.41517783154E+04
6.10800E+00        2.41108644395E+04
6.11400E+00        2.40705256765E+04
6.12000E+00        2.40300409588E+04
6.12600E+00        2.39896569087E+04
6.13200E+00        2.39493771546E+04
6.13800E+00        2.39091934507E+04
6.14400E+00        2.38691094351E+04
6.15000E+00        2.38290973933E+04
6.15600E+00        2.37892629180E+04
6.16200E+00        2.37490797363E+04
6.16800E+00        2.37097874609E+04
6.17400E+00        2.36701970145E+04
6.18000E+00        2.36307043325E+04
6.18600E+00        2.35913090987E+04
6.19200E+00        2.35520148887E+04
6.19800E+00        2.35128331845E+04
6.20400E+00        2.34737283712E+04
6.21000E+00        2.34347197538E+04
6.21600E+00        2.33958070221E+04
6.22200E+00        2.33569898675E+04
6.22800E+00        2.33182718342E+04
6.23400E+00        2.32796449056E+04
6.24000E+00        2.32411281526E+04
6.24600E+00        2.32026940430E+04
6.25200E+00        2.31643501452E+04
6.25800E+00        2.31260999971E+04
6.26400E+00        2.30879432982E+04
6.27000E+00        2.30498797492E+04
6.27600E+00        2.30119128535E+04
6.28200E+00        2.29740347051E+04
6.28800E+00        2.29362679190E+04
6.29400E+00        2.28985739632E+04
6.30000E+00        2.28609716788E+04
6.30600E+00        2.28234607734E+04
6.31200E+00        2.27860409560E+04
6.31800E+00        2.27487156944E+04
6.32400E+00        2.27114771778E+04
6.33000E+00        2.26743288826E+04
6.33600E+00        2.26372893758E+04
6.34200E+00        2.26002758338E+04
6.34800E+00        2.25634412562E+04
6.35400E+00        2.25266509604E+04
6.36000E+00        2.24899494640E+04
6.36600E+00        2.24533364858E+04
6.37200E+00        2.24168117458E+04
6.37800E+00        2.23803973016E+04
6.38400E+00        2.23440407841E+04
6.39000E+00        2.23077790652E+04
6.39600E+00        2.22716118333E+04
6.40200E+00        2.22355240859E+04
6.40800E+00        2.21995229193E+04
6.41400E+00        2.21636080609E+04
6.42000E+00        2.21277792394E+04
6.42600E+00        2.20920545835E+04
6.43200E+00        2.20563969956E+04
6.43800E+00        2.20208246363E+04
6.44400E+00        2.19853372385E+04
6.45000E+00        2.19499345357E+04
6.45600E+00        2.19146162628E+04
6.46200E+00        2.18793821554E+04
6.46800E+00        2.18442355587E+04
6.47400E+00        2.18091871514E+04
6.48000E+00        2.17742039303E+04
6.48600E+00        2.17393038280E+04
6.49200E+00        2.17044865852E+04
6.49800E+00        2.16697519436E+04
6.50400E+00        2.16350996460E+04
6.51000E+00        2.16005294362E+04
6.51600E+00        2.15660590197E+04
6.52200E+00        2.15316486351E+04
6.52800E+00        2.14973266886E+04
6.53400E+00        2.14630822579E+04
6.54000E+00        2.14289186483E+04
6.54600E+00        2.13948356092E+04
6.55200E+00        2.13608328912E+04
6.55800E+00        2.13269280072E+04
6.56400E+00        2.12930851583E+04
6.57000E+00        2.12593218877E+04
6.57600E+00        2.12256379495E+04
6.58200E+00        2.11920330990E+04
6.58800E+00        2.11585070922E+04
6.59400E+00        2.11250772796E+04
6.60000E+00        2.10917082046E+04
6.60600E+00        2.10584172472E+04
6.61200E+00        2.10252041674E+04
6.61800E+00        2.09920687256E+04
6.62400E+00        2.09590106836E+04
6.63000E+00        2.09260472311E+04
6.63600E+00        2.08931432495E+04
6.64200E+00        2.08603159577E+04
6.64800E+00        2.08275685612E+04
6.65400E+00        2.07948939401E+04
6.66000E+00        2.07623125980E+04
6.66600E+00        2.07297896937E+04
6.67200E+00        2.06973423139E+04
6.67800E+00        2.06649702282E+04
6.68400E+00        2.06326732069E+04
6.69000E+00        2.06004510213E+04
6.69600E+00        2.05683171753E+04
6.70200E+00        2.05362473490E+04
6.70800E+00        2.05042482798E+04
6.71400E+00        2.04723231400E+04
6.72000E+00        2.04404887276E+04
6.72600E+00        2.04087107472E+04
6.73200E+00        2.03770060251E+04
6.73800E+00        2.03453743394E+04
6.74400E+00        2.03138154688E+04
6.75000E+00        2.02823460838E+04
6.75600E+00        2.02509321571E+04
6.76200E+00        2.02195903869E+04
6.76800E+00        2.01883205555E+04
6.77400E+00        2.01571392321E+04
6.78000E+00        2.01260092773E+04
6.78600E+00        2.00949572609E+04
6.79200E+00        2.00639729954E+04
6.79800E+00        2.00330729653E+04
6.80400E+00        2.00022301885E+04
6.81000E+00        1.99714611463E+04
6.81600E+00        1.99407590247E+04
6.82200E+00        1.99101402087E+04
6.82800E+00        1.98795778838E+04
6.83400E+00        1.98490851533E+04
6.84000E+00        1.98186783132E+04
6.84600E+00        1.97883241218E+04
6.85200E+00        1.97580389018E+04
6.85800E+00        1.97278224472E+04
6.86400E+00        1.96976909560E+04
6.87000E+00        1.96676113916E+04
6.87600E+00        1.96375999786E+04
6.88200E+00        1.96076565140E+04
6.88800E+00        1.95777970990E+04
6.89400E+00        1.95479888998E+04
6.90000E+00        1.95182480441E+04
6.90600E+00        1.94885905609E+04
6.91200E+00        1.94589837676E+04
6.91800E+00        1.94294437195E+04
6.92400E+00        1.93999702186E+04
6.93000E+00        1.93705791985E+04
6.93600E+00        1.93412381764E+04
6.94200E+00        1.93119631119E+04
6.94800E+00        1.92827698676E+04
6.95400E+00        1.92536261093E+04
6.96000E+00        1.92245477255E+04
6.96600E+00        1.91955313526E+04
6.97200E+00        1.91665991050E+04
6.97800E+00        1.91377156699E+04
6.98400E+00        1.91088968415E+04
6.99000E+00        1.90801583183E+04
6.99600E+00        1.90514681094E+04
7.00200E+00        1.90228419385E+04
7.00800E+00        1.89942954349E+04
7.01400E+00        1.89657967528E+04
7.02000E+00        1.89373615465E+04
7.02600E+00        1.89089896298E+04
7.03200E+00        1.88806965399E+04
7.03800E+00        1.88524506233E+04
7.04400E+00        1.88242674420E+04
7.05000E+00        1.87961624647E+04
7.05600E+00        1.87681041811E+04
7.06200E+00        1.87401049892E+04
7.06800E+00        1.87121864849E+04
7.07400E+00        1.86843141998E+04
7.08000E+00        1.86565035594E+04
7.08600E+00        1.86287698966E+04
7.09200E+00        1.86010819842E+04
7.09800E+00        1.85734551798E+04
7.10400E+00        1.85459047493E+04
7.11000E+00        1.85183996057E+04
7.11600E+00        1.84909550392E+04
7.12200E+00        1.84635862490E+04
7.12800E+00        1.84362592424E+04
7.13400E+00        1.84089953372E+04
7.14000E+00        1.83817913100E+04
7.14600E+00        1.83546622717E+04
7.15200E+00        1.83275774589E+04
7.15800E+00        1.83005520065E+04
7.16400E+00        1.82736009595E+04
7.17000E+00        1.82466936916E+04
7.17600E+00        1.82198452718E+04
7.18200E+00        1.81930676752E+04
7.18800E+00        1.81663364256E+04
7.19400E+00        1.81396635172E+04
7.20000E+00        1.81130638650E+04
7.20600E+00        1.80865071143E+04
7.21200E+00        1.80600082033E+04
7.21800E+00        1.80335819827E+04
7.22400E+00        1.80071982320E+04
7.23000E+00        1.79808688553E+04
7.23600E+00        1.79545996320E+04
7.24200E+00        1.79284023533E+04
7.24800E+00        1.79022469767E+04
7.25400E+00        1.78761482904E+04
7.26000E+00        1.78501209960E+04
7.26600E+00        1.78241351834E+04
7.27200E+00        1.77982055770E+04
7.27800E+00        1.77723468154E+04
7.28400E+00        1.77465261890E+04
7.29000E+00        1.77207642251E+04
7.29600E+00        1.76950578300E+04
7.30200E+00        1.76694215587E+04
7.30800E+00        1.76438258064E+04
7.31400E+00        1.76182851506E+04
7.32000E+00        1.75928111788E+04
7.32600E+00        1.75673802307E+04
7.33200E+00        1.75420039118E+04
7.33800E+00        1.75166820675E+04
7.34400E+00        1.74914291082E+04
7.35000E+00        1.74662157301E+04
7.35600E+00        1.74410534852E+04
7.36200E+00        1.74159624879E+04
7.36800E+00        1.73909106771E+04
7.37400E+00        1.73659124240E+04
7.38000E+00        1.73409675777E+04
7.38600E+00        1.73160904062E+04
7.39200E+00        1.72912490463E+04
7.39800E+00        1.72664635032E+04
7.40400E+00        1.72417307682E+04
7.41000E+00        1.72170650291E+04
7.41600E+00        1.71924374454E+04
7.42200E+00        1.71678593913E+04
7.42800E+00        1.71433363943E+04
7.43400E+00        1.71188797229E+04
7.44000E+00        1.70944607028E+04
7.44600E+00        1.70700934633E+04
7.45200E+00        1.70457750443E+04
7.45800E+00        1.70215251087E+04
7.46400E+00        1.69973123276E+04
7.47000E+00        1.69731507508E+04
7.47600E+00        1.69490374363E+04
7.48200E+00        1.69249778441E+04
7.48800E+00        1.69009831017E+04
7.49400E+00        1.68770249027E+04
7.50000E+00        1.68531171989E+04
7.50600E+00        1.68292570706E+04
7.51200E+00        1.68054639332E+04
7.51800E+00        1.67817068586E+04
7.52400E+00        1.67579997205E+04
7.53000E+00        1.67343396169E+04
7.53600E+00        1.67107319409E+04
7.54200E+00        1.66871876817E+04
7.54800E+00        1.66636788941E+04
7.55400E+00        1.66402166075E+04
7.56000E+00        1.66168061856E+04
7.56600E+00        1.65934585571E+04
7.57200E+00        1.65701459349E+04
7.57800E+00        1.65468792875E+04
7.58400E+00        1.65236639495E+04
7.59000E+00        1.65004970507E+04
7.59600E+00        1.64773784578E+04
7.60200E+00        1.64543190209E+04
7.60800E+00        1.64312966261E+04
7.61400E+00        1.64083221398E+04
7.62000E+00        1.63853954305E+04
7.62600E+00        1.63625136650E+04
7.63200E+00        1.63396957253E+04
7.63800E+00        1.63169115469E+04
7.64400E+00        1.62941746237E+04
7.65000E+00        1.62714821393E+04
7.65600E+00        1.62488393427E+04
7.66200E+00        1.62262434146E+04
7.66800E+00        1.62037050426E+04
7.67400E+00        1.61812024528E+04
7.68000E+00        1.61587463488E+04
7.68600E+00        1.61363366037E+04
7.69200E+00        1.61139704302E+04
7.69800E+00        1.60916530283E+04
7.70400E+00        1.60693949871E+04
7.71000E+00        1.60471667541E+04
7.71600E+00        1.60249869065E+04
7.72200E+00        1.60028526663E+04
7.72800E+00        1.59807612706E+04
7.73400E+00        1.59587178779E+04
7.74000E+00        1.59367329915E+04
7.74600E+00        1.59147773044E+04
7.75200E+00        1.58928692416E+04
7.75800E+00        1.58710060498E+04
7.76400E+00        1.58491849902E+04
7.77000E+00        1.58274111801E+04
7.77600E+00        1.58056818781E+04
7.78200E+00        1.57840074993E+04
7.78800E+00        1.57623668391E+04
7.79400E+00        1.57407703278E+04
7.80000E+00        1.57192152509E+04
7.80600E+00        1.56977066848E+04
7.81200E+00        1.56762419121E+04
7.81800E+00        1.56548182299E+04
7.82400E+00        1.56334537109E+04
7.83000E+00        1.56121195993E+04
7.83600E+00        1.55908262379E+04
7.84200E+00        1.55695786633E+04
7.84800E+00        1.55483741814E+04
7.85400E+00        1.55272101129E+04
7.86000E+00        1.55060914744E+04
7.86600E+00        1.54850284760E+04
7.87200E+00        1.54639926475E+04
7.87800E+00        1.54430018956E+04
7.88400E+00        1.54220510031E+04
7.89000E+00        1.54011449537E+04
7.89600E+00        1.53802810844E+04
7.90200E+00        1.53594567465E+04
7.90800E+00        1.53386896746E+04
7.91400E+00        1.53179516590E+04
7.92000E+00        1.52972528501E+04
7.92600E+00        1.52765981925E+04
7.93200E+00        1.52559825269E+04
7.93800E+00        1.52354107851E+04
7.94400E+00        1.52148803345E+04
7.95000E+00        1.51943885566E+04
7.95600E+00        1.51739403638E+04
7.96200E+00        1.51535457512E+04
7.96800E+00        1.51331768618E+04
7.97400E+00        1.51128512222E+04
7.98000E+00        1.50925637301E+04
7.98600E+00        1.50723192660E+04
7.99200E+00        1.50521127417E+04
7.99800E+00        1.50319490251E+04
8.00400E+00        1.50118255210E+04
8.01000E+00        1.49917396477E+04
8.01600E+00        1.49716962543E+04
8.02200E+00        1.49517027356E+04
8.02800E+00        1.49317390151E+04
8.03400E+00        1.49118149808E+04
8.04000E+00        1.48919280693E+04
8.04600E+00        1.48720830982E+04
8.05200E+00        1.48522750490E+04
8.05800E+00        1.48325087268E+04
8.06400E+00        1.48127791270E+04
8.07000E+00        1.47930910421E+04
8.07600E+00        1.47734419208E+04
8.08200E+00        1.47538292249E+04
8.08800E+00        1.47342577285E+04
8.09400E+00        1.47147347118E+04
8.10000E+00        1.46952404191E+04
8.10600E+00        1.46757821604E+04
8.11200E+00        1.46563646854E+04
8.11800E+00        1.46369830506E+04
8.12400E+00        1.46176419935E+04
8.13000E+00        1.45983389946E+04
8.13600E+00        1.45790715475E+04
8.14200E+00        1.45598443717E+04
8.14800E+00        1.45406525570E+04
8.15400E+00        1.45215008108E+04
8.16000E+00        1.45023842364E+04
8.16600E+00        1.44833195868E+04
8.17200E+00        1.44642778472E+04
8.17800E+00        1.44452757744E+04
8.18400E+00        1.44263084983E+04
8.19000E+00        1.44073806901E+04
8.19600E+00        1.43884874929E+04
8.20200E+00        1.43696335660E+04
8.20800E+00        1.43508164351E+04
8.21400E+00        1.43320336389E+04
8.22000E+00        1.43132898187E+04
8.22600E+00        1.42945801504E+04
8.23200E+00        1.42759092636E+04
8.23800E+00        1.42572723471E+04
8.24400E+00        1.42386740189E+04
8.25000E+00        1.42201213189E+04
8.25600E+00        1.42015951612E+04
8.26200E+00        1.41831026141E+04
8.26800E+00        1.41646482722E+04
8.27400E+00        1.41462273628E+04
8.28000E+00        1.41278444689E+04
8.28600E+00        1.41094948306E+04
8.29200E+00        1.40911830193E+04
8.29800E+00        1.40729042877E+04
8.30400E+00        1.40546631957E+04
8.31000E+00        1.40364550088E+04
8.31600E+00        1.40182842753E+04
8.32200E+00        1.40001462733E+04
8.32800E+00        1.39820455397E+04
8.33400E+00        1.39639773650E+04
8.34000E+00        1.39459462750E+04
8.34600E+00        1.39279475725E+04
8.35200E+00        1.39099857719E+04
8.35800E+00        1.38920677537E+04
8.36400E+00        1.38741748758E+04
8.37000E+00        1.38563140460E+04
8.37600E+00        1.38384874710E+04
8.38200E+00        1.38206973460E+04
8.38800E+00        1.38029390174E+04
8.39400E+00        1.37852169600E+04
8.40000E+00        1.37675265325E+04
8.40600E+00        1.37498721984E+04
8.41200E+00        1.37322493288E+04
8.41800E+00        1.37146623761E+04
8.42400E+00        1.36971067234E+04
8.43000E+00        1.36795868121E+04
8.43600E+00        1.36620980374E+04
8.44200E+00        1.36446448297E+04
8.44800E+00        1.36272225963E+04
8.45400E+00        1.36098335094E+04
8.46000E+00        1.35924797298E+04
8.46600E+00        1.35751566829E+04
8.47200E+00        1.35578687716E+04
8.47800E+00        1.35406114333E+04
8.48400E+00        1.35233890598E+04
8.49000E+00        1.35061971005E+04
8.49600E+00        1.34890399364E+04
8.50200E+00        1.34719130287E+04
8.50800E+00        1.34548207477E+04
8.51400E+00        1.34377585662E+04
8.52000E+00        1.34207286278E+04
8.52600E+00        1.34037330650E+04
8.53200E+00        1.33867673685E+04
8.53800E+00        1.33698358815E+04
8.54400E+00        1.33529341065E+04
8.55000E+00        1.33360774778E+04
8.55600E+00        1.33192282039E+04
8.56200E+00        1.33024327899E+04
8.56800E+00        1.32856600868E+04
8.57400E+00        1.32689167141E+04
8.58000E+00        1.32522069776E+04
8.58600E+00        1.32355264205E+04
8.59200E+00        1.32188771555E+04
8.59800E+00        1.32022612849E+04
8.60400E+00        1.31856743688E+04
8.61000E+00        1.31691206870E+04
8.61600E+00        1.31525958111E+04
8.62200E+00        1.31361018415E+04
8.62800E+00        1.31196408678E+04
8.63400E+00        1.31032084787E+04
8.64000E+00        1.30868089279E+04
8.64600E+00        1.30704378154E+04
8.65200E+00        1.30540993844E+04
8.65800E+00        1.30377892462E+04
8.66400E+00        1.30215094838E+04
8.67000E+00        1.30052621697E+04
8.67600E+00        1.29890429318E+04
8.68200E+00        1.29728559878E+04
8.68800E+00        1.29566969770E+04
8.69400E+00        1.29405679699E+04
8.70000E+00        1.29244710268E+04
8.70600E+00        1.29084018037E+04
8.71200E+00        1.28923644924E+04
8.71800E+00        1.28763547602E+04
8.72400E+00        1.28603746653E+04
8.73000E+00        1.28444262560E+04
8.73600E+00        1.28285052157E+04
8.74200E+00        1.28126135957E+04
8.74800E+00        1.27967534368E+04
8.75400E+00        1.27809204390E+04
8.76000E+00        1.27651187539E+04
8.76600E+00        1.27493440923E+04
8.77200E+00        1.27335984934E+04
8.77800E+00        1.27178839860E+04
8.78400E+00        1.27021962975E+04
8.79000E+00        1.26865374596E+04
8.79600E+00        1.26709094943E+04
8.80200E+00        1.26553081448E+04
8.80800E+00        1.26397375229E+04
8.81400E+00        1.26241933826E+04
8.82000E+00        1.26086777440E+04
8.82600E+00        1.25931926171E+04
8.83200E+00        1.25777337720E+04
8.83800E+00        1.25623032217E+04
8.84400E+00        1.25469029692E+04
8.85000E+00        1.25315288004E+04
8.85600E+00        1.25161827215E+04
8.86200E+00        1.25008667283E+04
8.86800E+00        1.24855766227E+04
8.87400E+00        1.24703164625E+04
8.88000E+00        1.24550820602E+04
8.88600E+00        1.24398754099E+04
8.89200E+00        1.24246984962E+04
8.89800E+00        1.24095471470E+04
8.90400E+00        1.23944233498E+04
8.91000E+00        1.23793290820E+04
8.91600E+00        1.23642601874E+04
8.92200E+00        1.23492083666E+04
8.92800E+00        1.23342064293E+04
8.93400E+00        1.23192193957E+04
8.94000E+00        1.23042595190E+04
8.94600E+00        1.22893287631E+04
8.95200E+00        1.22744230025E+04
8.95800E+00        1.22595442040E+04
8.96400E+00        1.22446943245E+04
8.97000E+00        1.22298590738E+04
8.97600E+00        1.22150709525E+04
8.98200E+00        1.22002912145E+04
8.98800E+00        1.21855462688E+04
8.99400E+00        1.21708279005E+04
9.00000E+00        1.21561380532E+04
9.00600E+00        1.21414726473E+04
9.01200E+00        1.21268336291E+04
9.01800E+00        1.21122229355E+04
9.02400E+00        1.20976365019E+04
9.03000E+00        1.20830762680E+04
9.03600E+00        1.20685441639E+04
9.04200E+00        1.20540361402E+04
9.04800E+00        1.20395541297E+04
9.05400E+00        1.20251000561E+04
9.06000E+00        1.20106798823E+04
9.06600E+00        1.19962755274E+04
9.07200E+00        1.19818989180E+04
9.07800E+00        1.19675360727E+04
9.08400E+00        1.19532088464E+04
9.09000E+00        1.19389072048E+04
9.09600E+00        1.19246330562E+04
9.10200E+00        1.19103824003E+04
9.10800E+00        1.18961670505E+04
9.11400E+00        1.18819690920E+04
9.12000E+00        1.18677944534E+04
9.12600E+00        1.18536450393E+04
9.13200E+00        1.18395128896E+04
9.13800E+00        1.18254235987E+04
9.14400E+00        1.18113494992E+04
9.15000E+00        1.17973023351E+04
9.15600E+00        1.17832781498E+04
9.16200E+00        1.17692788347E+04
9.16800E+00        1.17553043315E+04
9.17400E+00        1.17413565203E+04
9.18000E+00        1.17274314639E+04
9.18600E+00        1.17135310451E+04
9.19200E+00        1.16996571377E+04
9.19800E+00        1.16858058189E+04
9.20400E+00        1.16719789649E+04
9.21000E+00        1.16581784432E+04
9.21600E+00        1.16444003452E+04
9.22200E+00        1.16306465408E+04
9.22800E+00        1.16169169735E+04
9.23400E+00        1.16032135020E+04
9.24000E+00        1.15895322367E+04
9.24600E+00        1.15758750391E+04
9.25200E+00        1.15622437620E+04
9.25800E+00        1.15486345295E+04
9.26400E+00        1.15350491969E+04
9.27000E+00        1.15214877087E+04
9.27600E+00        1.15079519092E+04
9.28200E+00        1.14944379412E+04
9.28800E+00        1.14809476518E+04
9.29400E+00        1.14674828790E+04
9.30000E+00        1.14540397796E+04
9.30600E+00        1.14406201943E+04
9.31200E+00        1.14272240686E+04
9.31800E+00        1.14138532324E+04
9.32400E+00        1.14005038608E+04
9.33000E+00        1.13871777863E+04
9.33600E+00        1.13738768327E+04
9.34200E+00        1.13605971887E+04
9.34800E+00        1.13473501256E+04
9.35400E+00        1.13341166890E+04
9.36000E+00        1.13209081507E+04
9.36600E+00        1.13077207175E+04
9.37200E+00        1.12945562075E+04
9.37800E+00        1.12814145679E+04
9.38400E+00        1.12682976065E+04
9.39000E+00        1.12552015479E+04
9.39600E+00        1.12421282023E+04
9.40200E+00        1.12290775175E+04
9.40800E+00        1.12160512931E+04
9.41400E+00        1.12030457717E+04
9.42000E+00        1.11900627555E+04
9.42600E+00        1.11771040379E+04
9.43200E+00        1.11641658750E+04
9.43800E+00        1.11512593445E+04
9.44400E+00        1.11383658212E+04
9.45000E+00        1.11254963831E+04
9.45600E+00        1.11126473039E+04
9.46200E+00        1.10998203717E+04
9.46800E+00        1.10870155359E+04
9.47400E+00        1.10742345742E+04
9.48000E+00        1.10614737778E+04
9.48600E+00        1.10487349269E+04
9.49200E+00        1.10360179715E+04
9.49800E+00        1.10233246815E+04
9.50400E+00        1.10106513655E+04
9.51000E+00        1.09980089497E+04
9.51600E+00        1.09853808798E+04
9.52200E+00        1.09727726418E+04
9.52800E+00        1.09601860022E+04
9.53400E+00        1.09476209119E+04
9.54000E+00        1.09350791273E+04
9.54600E+00        1.09225569871E+04
9.55200E+00        1.09100562499E+04
9.55800E+00        1.08975768673E+04
9.56400E+00        1.08851205879E+04
9.57000E+00        1.08726837675E+04
9.57600E+00        1.08602771962E+04
9.58200E+00        1.08478827375E+04
9.58800E+00        1.08355093929E+04
9.59400E+00        1.08231589016E+04
9.60000E+00        1.08108276405E+04
9.60600E+00        1.07985173511E+04
9.61200E+00        1.07862279859E+04
9.61800E+00        1.07739612766E+04
9.62400E+00        1.07617136168E+04
9.63000E+00        1.07494867403E+04
9.63600E+00        1.07372806004E+04
9.64200E+00        1.07250969208E+04
9.64800E+00        1.07129410287E+04
9.65400E+00        1.07007968072E+04
9.66000E+00        1.06886731365E+04
9.66600E+00        1.06765717331E+04
9.67200E+00        1.06644890240E+04
9.67800E+00        1.06524267279E+04
9.68400E+00        1.06403847991E+04
9.69000E+00        1.06283631919E+04
9.69600E+00        1.06163636135E+04
9.70200E+00        1.06043825115E+04
9.70800E+00        1.05924215952E+04
9.71400E+00        1.05804896256E+04
9.72000E+00        1.05685689355E+04
9.72600E+00        1.05566700390E+04
9.73200E+00        1.05447894039E+04
9.73800E+00        1.05329287304E+04
9.74400E+00        1.05210879739E+04
9.75000E+00        1.05092688250E+04
9.75600E+00        1.04974677678E+04
9.76200E+00        1.04856864951E+04
9.76800E+00        1.04739249628E+04
9.77400E+00        1.04621831271E+04
9.78000E+00        1.04504713672E+04
9.78600E+00        1.04387687819E+04
9.79200E+00        1.04270857624E+04
9.79800E+00        1.04154222654E+04
9.80400E+00        1.04037782475E+04
9.81000E+00        1.03921553811E+04
9.81600E+00        1.03805501904E+04
9.82200E+00        1.03689643498E+04
9.82800E+00        1.03573978165E+04
9.83400E+00        1.03458591586E+04
9.84000E+00        1.03343328085E+04
9.84600E+00        1.03228239303E+04
9.85200E+00        1.03113341896E+04
9.85800E+00        1.02998635441E+04
9.86400E+00        1.02884119518E+04
9.87000E+00        1.02769810671E+04
9.87600E+00        1.02655674535E+04
9.88200E+00        1.02541727675E+04
9.88800E+00        1.02428054922E+04
9.89400E+00        1.02314485273E+04
9.90000E+00        1.02201120525E+04
9.90600E+00        1.02087926506E+04
9.91200E+00        1.01974919694E+04
9.91800E+00        1.01862099679E+04
9.92400E+00        1.01749466050E+04
9.93000E+00        1.01637035177E+04
9.93600E+00        1.01524773080E+04
9.94200E+00        1.01412780549E+04
9.94800E+00        1.01300888284E+04
9.95400E+00        1.01189180376E+04
9.96000E+00        1.01077656421E+04
9.96600E+00        1.00966332684E+04
9.97200E+00        1.00855175414E+04
9.97800E+00        1.00744200897E+04
9.98400E+00        1.00633408732E+04
9.99000E+00        1.00522798524E+04
9.99600E+00        1.00412453444E+04
1.00020E+01        1.00302222425E+04
1.00080E+01        1.00192155602E+04
1.00140E+01        1.00082269156E+04
1.00200E+01        9.99725626961E+03
1.00260E+01        9.98630358306E+03
1.00320E+01        9.97537046358E+03
1.00380E+01        9.96445357727E+03
1.00440E+01        9.95356281758E+03
1.00500E+01        9.94268156913E+03
1.00560E+01        9.93181808626E+03
1.00620E+01        9.92097233050E+03
1.00680E+01        9.91014589930E+03
1.00740E+01        9.89933548096E+03
1.00800E+01        9.88854267494E+03
1.00860E+01        9.87776744318E+03
1.00920E+01        9.86701795945E+03
1.00980E+01        9.85627775352E+03
1.01040E+01        9.84555663346E+03
1.01100E+01        9.83485130955E+03
1.01160E+01        9.82416337117E+03
1.01220E+01        9.81349278086E+03
1.01280E+01        9.80283950129E+03
1.01340E+01        9.79220349520E+03
1.01400E+01        9.78159286598E+03
1.01460E+01        9.77099289951E+03
1.01520E+01        9.76040848080E+03
1.01580E+01        9.74984118760E+03
1.01640E+01        9.73929098314E+03
1.01700E+01        9.72875783077E+03
1.01760E+01        9.71824169394E+03
1.01820E+01        9.70774413856E+03
1.01880E+01        9.69726192178E+03
1.01940E+01        9.68680467302E+03
1.02000E+01        9.67635622426E+03
1.02060E+01        9.66592460972E+03
1.02120E+01        9.65550979341E+03
1.02180E+01        9.64511173947E+03
1.02240E+01        9.63473200241E+03
1.02300E+01        9.62436736420E+03
1.02360E+01        9.61401938127E+03
1.02420E+01        9.60369601046E+03
1.02480E+01        9.59338122310E+03
1.02540E+01        9.58308298480E+03
1.02600E+01        9.57280126035E+03
1.02660E+01        9.56253601462E+03
1.02720E+01        9.55228878927E+03
1.02780E+01        9.54205639427E+03
1.02840E+01        9.53184037317E+03
1.02900E+01        9.52164069119E+03
1.02960E+01        9.51146522919E+03
1.03020E+01        9.50129811310E+03
1.03080E+01        9.49114723244E+03
1.03140E+01        9.48101411771E+03
1.03200E+01        9.47089560312E+03
1.03260E+01        9.46079322104E+03
1.03320E+01        9.45070693734E+03
1.03380E+01        9.44063671800E+03
1.03440E+01        9.43058252907E+03
1.03500E+01        9.42054433670E+03
1.03560E+01        9.41052993853E+03
1.03620E+01        9.40052518135E+03
1.03680E+01        9.39053476642E+03
1.03740E+01        9.38056021354E+03
1.03800E+01        9.37060148928E+03
1.03860E+01        9.36065856032E+03
1.03920E+01        9.35073139343E+03
1.03980E+01        9.34081995544E+03
1.04040E+01        9.33092421329E+03
1.04100E+01        9.32105189089E+03
1.04160E+01        9.31118897022E+03
1.04220E+01        9.30134010825E+03
1.04280E+01        9.29150681074E+03
1.04340E+01        9.28168904506E+03
1.04400E+01        9.27188677864E+03
1.04460E+01        9.26209997904E+03
1.04520E+01        9.25232861387E+03
1.04580E+01        9.24257265082E+03
1.04640E+01        9.23283205770E+03
1.04700E+01        9.22310680236E+03
1.04760E+01        9.21340604067E+03
1.04820E+01        9.20371135518E+03
1.04880E+01        9.19403191161E+03
1.04940E+01        9.18436767815E+03
1.05000E+01        9.17471862310E+03
1.05060E+01        9.16508471482E+03
1.05120E+01        9.15546592176E+03
1.05180E+01        9.14586221246E+03
1.05240E+01        9.13627355552E+03
1.05300E+01        9.12670142603E+03
1.05360E+01        9.11714277841E+03
1.05420E+01        9.10759908949E+03
1.05480E+01        9.09807789932E+03
1.05540E+01        9.08856402675E+03
1.05600E+01        9.07906501994E+03
1.05660E+01        9.06958084805E+03
1.05720E+01        9.06011148036E+03
1.05780E+01        9.05065688618E+03
1.05840E+01        9.04121703494E+03
1.05900E+01        9.03179189613E+03
1.05960E+01        9.02238143932E+03
1.06020E+01        9.01298563416E+03
1.06080E+01        9.00360593641E+03
1.06140E+01        8.99423934225E+03
1.06200E+01        8.98489478601E+03
1.06260E+01        8.97555727617E+03
1.06320E+01        8.96623426740E+03
1.06380E+01        8.95692572982E+03
1.06440E+01        8.94763163362E+03
1.06500E+01        8.93835194906E+03
1.06560E+01        8.92908664649E+03
1.06620E+01        8.91983569632E+03
1.06680E+01        8.91059906906E+03
1.06740E+01        8.90137673526E+03
1.06800E+01        8.89216866558E+03
1.06860E+01        8.88297629684E+03
1.06920E+01        8.87379666611E+03
1.06980E+01        8.86463121187E+03
1.07040E+01        8.85547990508E+03
1.07100E+01        8.84634271675E+03
1.07160E+01        8.83721961797E+03
1.07220E+01        8.82811057991E+03
1.07280E+01        8.81901557381E+03
1.07340E+01        8.80994190208E+03
1.07400E+01        8.80087486634E+03
1.07460E+01        8.79182177672E+03
1.07520E+01        8.78278260475E+03
1.07580E+01        8.77375732203E+03
1.07640E+01        8.76474590024E+03
1.07700E+01        8.75574831111E+03
1.07760E+01        8.74676452648E+03
1.07820E+01        8.73779451822E+03
1.07880E+01        8.72883825829E+03
1.07940E+01        8.71989571874E+03
1.08000E+01        8.71096830934E+03
1.08060E+01        8.70205312543E+03
1.08120E+01        8.69315157839E+03
1.08180E+01        8.68426364056E+03
1.08240E+01        8.67538928431E+03
1.08300E+01        8.66652848209E+03
1.08360E+01        8.65768120642E+03
1.08420E+01        8.64884742991E+03
1.08480E+01        8.64002712519E+03
1.08540E+01        8.63122026502E+03
1.08600E+01        8.62242682218E+03
1.08660E+01        8.61364676953E+03
1.08720E+01        8.60488008002E+03
1.08780E+01        8.59612672665E+03
1.08840E+01        8.58738668248E+03
1.08900E+01        8.57865992065E+03
1.08960E+01        8.56994641438E+03
1.09020E+01        8.56124613692E+03
1.09080E+01        8.55255906163E+03
1.09140E+01        8.54388516190E+03
1.09200E+01        8.53522441122E+03
1.09260E+01        8.52657678311E+03
1.09320E+01        8.51794225119E+03
1.09380E+01        8.50932078913E+03
1.09440E+01        8.50071237066E+03
1.09500E+01        8.49211696959E+03
1.09560E+01        8.48353455979E+03
1.09620E+01        8.47496511518E+03
1.09680E+01        8.46640860978E+03
1.09740E+01        8.45787345137E+03
1.09800E+01        8.44933570736E+03
1.09860E+01        8.44081646972E+03
1.09920E+01        8.43231146240E+03
1.09980E+01        8.42381926523E+03
1.10040E+01        8.41533985262E+03
1.10100E+01        8.40687458646E+03
1.10160E+01        8.39842066495E+03
1.10220E+01        8.38997945154E+03
1.10280E+01        8.38155092084E+03
1.10340E+01        8.37313504758E+03
1.10400E+01        8.36473180651E+03
1.10460E+01        8.35634117246E+03
1.10520E+01        8.34796312031E+03
1.10580E+01        8.33959762503E+03
1.10640E+01        8.33124466162E+03
1.10700E+01        8.32290420516E+03
1.10760E+01        8.31457623079E+03
1.10820E+01        8.30626071371E+03
1.10880E+01        8.29795762918E+03
1.10940E+01        8.28966695251E+03
1.11000E+01        8.28138865909E+03
1.11060E+01        8.27312272436E+03
1.11120E+01        8.26486912384E+03
1.11180E+01        8.25662783307E+03
1.11240E+01        8.24839882769E+03
1.11300E+01        8.24018072345E+03
1.11360E+01        8.23197621731E+03
1.11420E+01        8.22378392378E+03
1.11480E+01        8.21560381873E+03
1.11540E+01        8.20743723259E+03
1.11600E+01        8.19928007781E+03
1.11660E+01        8.19113639397E+03
1.11720E+01        8.18300480265E+03
1.11780E+01        8.17488528001E+03
1.11840E+01        8.16677780227E+03
1.11900E+01        8.15868234570E+03
1.11960E+01        8.15059888664E+03
1.12020E+01        8.14252740148E+03
1.12080E+01        8.13446786667E+03
1.12140E+01        8.12642025871E+03
1.12200E+01        8.11838455416E+03
1.12260E+01        8.11036072966E+03
1.12320E+01        8.10234876187E+03
1.12380E+01        8.09434189247E+03
1.12440E+01        8.08635357504E+03
1.12500E+01        8.07837704469E+03
1.12560E+01        8.07041227833E+03
1.12620E+01        8.06245925293E+03
1.12680E+01        8.05451794549E+03
1.12740E+01        8.04658833310E+03
1.12800E+01        8.03867039288E+03
1.12860E+01        8.03076410202E+03
1.12920E+01        8.02286943776E+03
1.12980E+01        8.01498637739E+03
1.13040E+01        8.00711489827E+03
1.13100E+01        7.99925497781E+03
1.13160E+01        7.99140659345E+03
1.13220E+01        7.98356972273E+03
1.13280E+01        7.97574434321E+03
1.13340E+01        7.96793043251E+03
1.13400E+01        7.96012796832E+03
1.13460E+01        7.95233692836E+03
1.13520E+01        7.94454936903E+03
1.13580E+01        7.93678111872E+03
1.13640E+01        7.92902422615E+03
1.13700E+01        7.92127866928E+03
1.13760E+01        7.91354442610E+03
1.13820E+01        7.90582147467E+03
1.13880E+01        7.89810979310E+03
1.13940E+01        7.89040935954E+03
1.14000E+01        7.88272015222E+03
1.14060E+01        7.87504214939E+03
1.14120E+01        7.86737532937E+03
1.14180E+01        7.85971967053E+03
1.14240E+01        7.85207515130E+03
1.14300E+01        7.84443522320E+03
1.14360E+01        7.83681292499E+03
1.14420E+01        7.82920170195E+03
1.14480E+01        7.82160153271E+03
1.14540E+01        7.81401239595E+03
1.14600E+01        7.80643427040E+03
1.14660E+01        7.79886584781E+03
1.14720E+01        7.79130968232E+03
1.14780E+01        7.78376446454E+03
1.14840E+01        7.77623017339E+03
1.14900E+01        7.76870678787E+03
1.14960E+01        7.76119428701E+03
1.15020E+01        7.75368619853E+03
1.15080E+01        7.74619541053E+03
1.15140E+01        7.73871544459E+03
1.15200E+01        7.73124627993E+03
1.15260E+01        7.72378789585E+03
1.15320E+01        7.71634027168E+03
1.15380E+01        7.70890338680E+03
1.15440E+01        7.70147594972E+03
1.15500E+01        7.69406048299E+03
1.15560E+01        7.68665569400E+03
1.15620E+01        7.67926156232E+03
1.15680E+01        7.67187168435E+03
1.15740E+01        7.66449881237E+03
1.15800E+01        7.65713653671E+03
1.15860E+01        7.64978483716E+03
1.15920E+01        7.64244369354E+03
1.15980E+01        7.63511308570E+03
1.16040E+01        7.62779299358E+03
1.16100E+01        7.62048339713E+03
1.16160E+01        7.61318302002E+03
1.16220E+01        7.60589435620E+03
1.16280E+01        7.59861612822E+03
1.16340E+01        7.59134200010E+03
1.16400E+01        7.58408459037E+03
1.16460E+01        7.57683755708E+03
1.16520E+01        7.56960088053E+03
1.16580E+01        7.56237454105E+03
1.16640E+01        7.55515851902E+03
1.16700E+01        7.54795279490E+03
1.16760E+01        7.54075734914E+03
1.16820E+01        7.53356465105E+03
1.16880E+01        7.52638971082E+03
1.16940E+01        7.51922499067E+03
1.17000E+01        7.51207047125E+03
1.17060E+01        7.50492613329E+03
1.17120E+01        7.49779195752E+03
1.17180E+01        7.49066792476E+03
1.17240E+01        7.48355401583E+03
1.17300E+01        7.47645021164E+03
1.17360E+01        7.46934904597E+03
1.17420E+01        7.46226540116E+03
1.17480E+01        7.45519180401E+03
1.17540E+01        7.44812823559E+03
1.17600E+01        7.44107467701E+03
1.17660E+01        7.43403110943E+03
1.17720E+01        7.42699751404E+03
1.17780E+01        7.41997387210E+03
1.17840E+01        7.41296016489E+03
1.17900E+01        7.40595021197E+03
1.17960E+01        7.39895510313E+03
1.18020E+01        7.39197109525E+03
1.18080E+01        7.38499694769E+03
1.18140E+01        7.37803264194E+03
1.18200E+01        7.37107815957E+03
1.18260E+01        7.36413348215E+03
1.18320E+01        7.35719859134E+03
1.18380E+01        7.35026735341E+03
1.18440E+01        7.34335198663E+03
1.18500E+01        7.33644514097E+03
1.18560E+01        7.32954922064E+03
1.18620E+01        7.32266299573E+03
1.18680E+01        7.31578644811E+03
1.18740E+01        7.30891955972E+03
1.18800E+01        7.30205623729E+03
1.18860E+01        7.29520861903E+03
1.18920E+01        7.28837060605E+03
1.18980E+01        7.28154097887E+03
1.19040E+01        7.27472212390E+03
1.19100E+01        7.26791282063E+03
1.19160E+01        7.26111305128E+03
1.19220E+01        7.25431676263E+03
1.19280E+01        7.24753601361E+03
1.19340E+01        7.24076474542E+03
1.19400E+01        7.23400294046E+03
1.19460E+01        7.22724938855E+03
1.19520E+01        7.22050645847E+03
1.19580E+01        7.21377293903E+03
1.19640E+01        7.20704881276E+03
1.19700E+01        7.20032807174E+03
1.19760E+01        7.19362268524E+03
1.19820E+01        7.18692663980E+03
1.19880E+01        7.18023873331E+03
1.19940E+01        7.17356131929E+03
1.20000E+01        7.16689319458E+03
1.20060E+01        7.16023434203E+03
1.20120E+01        7.15357879289E+03
1.20180E+01        7.14693843881E+03
1.20240E+01        7.14030730561E+03
1.20300E+01        7.13368419911E+03
1.20360E+01        7.12707145774E+03
1.20420E+01        7.12046788632E+03
1.20480E+01        7.11386754942E+03
1.20540E+01        7.10728227273E+03
1.20600E+01        7.10070611542E+03
1.20660E+01        7.09413789008E+03
1.20720E+01        7.08757992229E+03
1.20780E+01        7.08103102366E+03
1.20840E+01        7.07449117750E+03
1.20900E+01        7.06795448691E+03
1.20960E+01        7.06143270131E+03
1.21020E+01        7.05491991843E+03
1.21080E+01        7.04841495869E+03
1.21140E+01        7.04192013280E+03
1.21200E+01        7.03543426020E+03
1.21260E+01        7.02895147667E+03
1.21320E+01        7.02248346687E+03
1.21380E+01        7.01602436127E+03
1.21440E+01        7.00957298691E+03
1.21500E+01        7.00313164193E+03
1.21560E+01        6.99669915239E+03
1.21620E+01        6.99026968650E+03
1.21680E+01        6.98385486468E+03
1.21740E+01        6.97744884988E+03
1.21800E+01        6.97105047574E+03
1.21860E+01        6.96466202786E+03
1.21920E+01        6.95828233889E+03
1.21980E+01        6.95190560923E+03
1.22040E+01        6.94554339557E+03
1.22100E+01        6.93918989307E+03
1.22160E+01        6.93284508586E+03
1.22220E+01        6.92650781521E+03
1.22280E+01        6.92017459501E+03
1.22340E+01        6.91385578528E+03
1.22400E+01        6.90754560780E+03
1.22460E+01        6.90124404691E+03
1.22520E+01        6.89494994925E+03
1.22580E+01        6.88866557570E+03
1.22640E+01        6.88238404616E+03
1.22700E+01        6.87611680186E+03
1.22760E+01        6.86985809632E+03
1.22820E+01        6.86360791408E+03
1.22880E+01        6.85736510819E+03
1.22940E+01        6.85112622757E+03
1.23000E+01        6.84490152901E+03
1.23060E+01        6.83868529225E+03
1.23120E+01        6.83247750199E+03
1.23180E+01        6.82627701662E+03
1.23240E+01        6.82008607469E+03
1.23300E+01        6.81389786487E+03
1.23360E+01        6.80772371465E+03
1.23420E+01        6.80155793501E+03
1.23480E+01        6.79540051088E+03
1.23540E+01        6.78925030694E+03
1.23600E+01        6.78310390662E+03
1.23660E+01        6.77697146497E+03
1.23720E+01        6.77084731884E+03
1.23780E+01        6.76473145330E+03
1.23840E+01        6.75862273828E+03
1.23900E+01        6.75251777270E+03
1.23960E+01        6.74642666590E+03
1.24020E+01        6.74034378036E+03
1.24080E+01        6.73426910135E+03
1.24140E+01        6.72820150397E+03
1.24200E+01        6.72213760256E+03
1.24260E+01        6.71608746101E+03
1.24320E+01        6.71004546732E+03
1.24380E+01        6.70401160691E+03
1.24440E+01        6.69798476003E+03
1.24500E+01        6.69196155634E+03
1.24560E+01        6.68595201458E+03
1.24620E+01        6.67995054808E+03
1.24680E+01        6.67395714242E+03
1.24740E+01        6.66797068298E+03
1.24800E+01        6.66198781460E+03
1.24860E+01        6.65601851122E+03
1.24920E+01        6.65005721130E+03
1.24980E+01        6.64410390058E+03
1.25040E+01        6.63815746954E+03
1.25100E+01        6.63221457810E+03
1.25160E+01        6.62628515567E+03
1.25220E+01        6.62036366570E+03
1.25280E+01        6.61444900271E+03
1.25340E+01        6.60854333638E+03
1.25400E+01        6.60264006745E+03
1.25460E+01        6.59675017251E+03
1.25520E+01        6.59086813982E+03
1.25580E+01        6.58499286890E+03
1.25640E+01        6.57912651986E+03
1.25700E+01        6.57326252294E+03
1.25760E+01        6.56741180590E+03
1.25820E+01        6.56156888168E+03
1.25880E+01        6.55573265477E+03
1.25940E+01        6.54989982684E+03
1.26000E+01        6.54408020419E+03
1.26060E+01        6.53826831933E+03
1.26120E+01        6.53246308075E+03
1.26180E+01        6.52666663146E+03
1.26240E+01        6.52087245429E+03
1.26300E+01        6.51509138996E+03
1.26360E+01        6.50931799535E+03
1.26420E+01        6.50355118386E+03
1.26480E+01        6.49779308910E+03
1.26540E+01        6.49203722283E+03
1.26600E+01        6.48629437788E+03
1.26660E+01        6.48055806604E+03
1.26720E+01        6.47483041344E+03
1.26780E+01        6.46910495485E+03
1.26840E+01        6.46339244501E+03
1.26900E+01        6.45768748421E+03
1.26960E+01        6.45198899464E+03
1.27020E+01        6.44629909313E+03
1.27080E+01        6.44061134305E+03
1.27140E+01        6.43493645180E+03
1.27200E+01        6.42926798276E+03
1.27260E+01        6.42360804539E+03
1.27320E+01        6.41795022578E+03
1.27380E+01        6.41230519371E+03
1.27440E+01        6.40666653528E+03
1.27500E+01        6.40103635259E+03
1.27560E+01        6.39540825437E+03
1.27620E+01        6.38979287292E+03
1.27680E+01        6.38418487036E+03
1.27740E+01        6.37858318136E+03
1.27800E+01        6.37298989886E+03
1.27860E+01        6.36739865970E+03
1.27920E+01        6.36182004965E+03
1.27980E+01        6.35624770557E+03
1.28040E+01        6.35068371312E+03
1.28100E+01        6.34512173150E+03
1.28160E+01        6.33957230948E+03
1.28220E+01        6.33402910624E+03
1.28280E+01        6.32849420025E+03
1.28340E+01        6.32296127292E+03
1.28400E+01        6.31744083619E+03
1.28460E+01        6.31192657151E+03
1.28520E+01        6.30642055013E+03
1.28580E+01        6.30091647558E+03
1.28640E+01        6.29542482319E+03
1.28700E+01        6.28993929651E+03
1.28760E+01        6.28446195964E+03
1.28820E+01        6.27898653811E+03
1.28880E+01        6.27352347082E+03
1.28940E+01        6.26806648332E+03
1.29000E+01        6.26261763258E+03
1.29060E+01        6.25717066603E+03
1.29120E+01        6.25173598632E+03
1.29180E+01        6.24630734089E+03
1.29240E+01        6.24088677962E+03
1.29300E+01        6.23546807172E+03
1.29360E+01        6.23006158377E+03
1.29420E+01        6.22466108499E+03
1.29480E+01        6.21926861821E+03
1.29540E+01        6.21388314344E+03
1.29600E+01        6.20849948396E+03
1.29660E+01        6.20312693809E+03
1.29720E+01        6.19776237250E+03
1.29780E+01        6.19239959959E+03
1.29840E+01        6.18704789359E+03
1.29900E+01        6.18170412935E+03
1.29960E+01        6.17636727329E+03
1.30020E+01        6.17103218006E+03
1.30080E+01        6.16570809190E+03
1.30140E+01        6.16039189453E+03
1.30200E+01        6.15508255798E+03
1.30260E+01        6.14977495472E+03
1.30320E+01        6.14447829518E+03
1.30380E+01        6.13918947588E+03
1.30440E+01        6.13390747046E+03
1.30500E+01        6.12862615793E+03
1.30560E+01        6.12335775056E+03
1.30620E+01        6.11809612214E+03
1.30680E+01        6.11284126107E+03
1.30740E+01        6.10758706743E+03
1.30800E+01        6.10234571159E+03
1.30860E+01        6.09711108845E+03
1.30920E+01        6.09188318652E+03
1.30980E+01        6.08665592685E+03
1.31040E+01        6.08144143813E+03
1.31100E+01        6.07623363626E+03
1.31160E+01        6.07102645797E+03
1.31220E+01        6.06583200081E+03
1.31280E+01        6.06064419636E+03
1.31340E+01        6.05546303330E+03
1.31400E+01        6.05028246915E+03
1.31460E+01        6.04511456013E+03
1.31520E+01        6.03995325866E+03
1.31580E+01        6.03479855349E+03
1.31640E+01        6.02964442284E+03
1.31700E+01        6.02450288183E+03
1.31760E+01        6.01936790356E+03
1.31820E+01        6.01423348170E+03
1.31880E+01        6.00911160065E+03
1.31940E+01        6.00399624901E+03
1.32000E+01        5.99888741570E+03
1.32060E+01        5.99377911488E+03
1.32120E+01        5.98868329022E+03
1.32180E+01        5.98359395083E+03
1.32240E+01        5.97851009936E+03
1.32300E+01        5.97342872949E+03
1.32360E+01        5.96835878522E+03
1.32420E+01        5.96329429859E+03
1.32480E+01        5.95823227098E+03
1.32540E+01        5.95318162364E+03
1.32600E+01        5.94813738523E+03
1.32660E+01        5.94309856441E+03
1.32720E+01        5.93806217275E+03
1.32780E+01        5.93303710135E+03
1.32840E+01        5.92801741771E+03
1.32900E+01        5.92300506801E+03
1.32960E+01        5.91799413990E+03
1.33020E+01        5.91299447245E+03
1.33080E+01        5.90800015332E+03
1.33140E+01        5.90300821182E+03
1.33200E+01        5.89802748660E+03
1.33260E+01        5.89305208033E+03
1.33320E+01        5.88807902987E+03
1.33380E+01        5.88311715155E+03
1.33440E+01        5.87816153280E+03
1.33500E+01        5.87321119412E+03
1.33560E+01        5.86826318244E+03
1.33620E+01        5.86332628441E+03
1.33680E+01        5.85839463753E+03
1.33740E+01        5.85346529621E+03
1.33800E+01        5.84854702496E+03
1.33860E+01        5.84363397612E+03
1.33920E+01        5.83872806837E+03
1.33980E+01        5.83382347373E+03
1.34040E+01        5.82892892976E+03
1.34100E+01        5.82404149353E+03
1.34160E+01        5.81915535177E+03
1.34220E+01        5.81427922008E+03
1.34280E+01        5.80941016298E+03
1.34340E+01        5.80454721020E+03
1.34400E+01        5.79968552727E+03
1.34460E+01        5.79483380064E+03
1.34520E+01        5.78998910472E+03
1.34580E+01        5.78514566033E+03
1.34640E+01        5.78031213218E+03
1.34700E+01        5.77548560205E+03
1.34760E+01        5.77066030530E+03
1.34820E+01        5.76584488494E+03
1.34880E+01        5.76103643012E+03
1.34940E+01        5.75623397879E+03
1.35000E+01        5.75143178798E+03
1.35060E+01        5.74664131854E+03
1.35120E+01        5.74185682275E+03
1.35180E+01        5.73707351852E+03
1.35240E+01        5.73229999859E+03
1.35300E+01        5.72753336916E+03
1.35360E+01        5.72276791360E+03
1.35420E+01        5.71801220323E+03
1.35480E+01        5.71326335152E+03
1.35540E+01        5.70852040454E+03
1.35600E+01        5.70377766704E+03
1.35660E+01        5.69904650497E+03
1.35720E+01        5.69432121839E+03
1.35780E+01        5.68959612627E+03
1.35840E+01        5.68488256630E+03
1.35900E+01        5.68017485276E+03
1.35960E+01        5.67546731878E+03
1.36020E+01        5.67077127390E+03
1.36080E+01        5.66608104658E+03
1.36140E+01        5.66139098405E+03
1.36200E+01        5.65671236780E+03
1.36260E+01        5.65203954041E+03
1.36320E+01        5.64737156067E+03
1.36380E+01        5.64270558960E+03
1.36440E+01        5.63805007638E+03
1.36500E+01        5.63339938465E+03
1.36560E+01        5.62875068251E+03
1.36620E+01        5.62411239823E+03
1.36680E+01        5.61947890945E+03
1.36740E+01        5.61484739129E+03
1.36800E+01        5.61022625125E+03
1.36860E+01        5.60560988087E+03
1.36920E+01        5.60099546230E+03
1.36980E+01        5.59639138229E+03
1.37040E+01        5.59179204629E+03
1.37100E+01        5.58719464341E+03
1.37160E+01        5.58260753976E+03
1.37220E+01        5.57802515463E+03
1.37280E+01        5.57344468406E+03
1.37340E+01        5.56887447361E+03
1.37400E+01        5.56430895634E+03
1.37460E+01        5.55974533522E+03
1.37520E+01        5.55519193531E+03
1.37580E+01        5.55064320339E+03
1.37640E+01        5.54609634936E+03
1.37700E+01        5.54155967784E+03
1.37760E+01        5.53702764928E+03
1.37820E+01        5.53249748048E+03
1.37880E+01        5.52797745568E+03
1.37940E+01        5.52346204899E+03
1.38000E+01        5.51895307464E+03
1.38060E+01        5.51444502482E+03
1.38120E+01        5.50994615900E+03
1.38180E+01        5.50544911704E+03
1.38240E+01        5.50096214272E+03
1.38300E+01        5.49647973726E+03
1.38360E+01        5.49200370607E+03
1.38420E+01        5.48752766301E+03
1.38480E+01        5.48306254319E+03
1.38540E+01        5.47859830654E+03
1.38600E+01        5.47414315890E+03
1.38660E+01        5.46969433767E+03
1.38720E+01        5.46525093023E+03
1.38780E+01        5.46080748472E+03
1.38840E+01        5.45637488303E+03
1.38900E+01        5.45194313407E+03
1.38960E+01        5.44752040375E+03
1.39020E+01        5.44310394302E+03
1.39080E+01        5.43869284377E+03
1.39140E+01        5.43428168071E+03
1.39200E+01        5.42988128285E+03
1.39260E+01        5.42548170775E+03
1.39320E+01        5.42109108172E+03
1.39380E+01        5.41670666910E+03
1.39440E+01        5.41232217155E+03
1.39500E+01        5.40794837433E+03
1.39560E+01        5.40357986980E+03
1.39620E+01        5.39921126780E+03
1.39680E+01        5.39485332747E+03
1.39740E+01        5.39050065433E+03
1.39800E+01        5.38614787129E+03
1.39860E+01        5.38180571148E+03
1.39920E+01        5.37746879349E+03
1.39980E+01        5.37313175329E+03
1.40040E+01        5.36880529806E+03
