# %ECSV 0.9
# ---
# datatype:
# - {name: wavelength, unit: micron, datatype: float64}
# - {name: flux, unit: microJansky, datatype: float64}
# schema: astropy-2.0
#
#
#  - - File generated by ExoNoodle - -
#         V1.0.0 - MML (CEA-Saclay)
#       2021-03-25 15:37:33.308590
wavelength flux 
3.00000E+00        7.35620481390E+04
3.00600E+00        7.33600787858E+04
3.01200E+00        7.31588971298E+04
3.01800E+00        7.29584168210E+04
3.02400E+00        7.27586769955E+04
3.03000E+00        7.25596809761E+04
3.03600E+00        7.23614295612E+04
3.04200E+00        7.21638959126E+04
3.04800E+00        7.19671109613E+04
3.05400E+00        7.17710410680E+04
3.06000E+00        7.15757008440E+04
3.06600E+00        7.13810798427E+04
3.07200E+00        7.11871894368E+04
3.07800E+00        7.09939988142E+04
3.08400E+00        7.08015261653E+04
3.09000E+00        7.06097581032E+04
3.09600E+00        7.04187082958E+04
3.10200E+00        7.02283542744E+04
3.10800E+00        7.00387029605E+04
3.11400E+00        6.98497514803E+04
3.12000E+00        6.96614999786E+04
3.12600E+00        6.94739395692E+04
3.13200E+00        6.92870704210E+04
3.13800E+00        6.91008830856E+04
3.14400E+00        6.89153879624E+04
3.15000E+00        6.87305690300E+04
3.15600E+00        6.85464300794E+04
3.16200E+00        6.83629748395E+04
3.16800E+00        6.81801874205E+04
3.17400E+00        6.79980780876E+04
3.18000E+00        6.78166310384E+04
3.18600E+00        6.76358500189E+04
3.19200E+00        6.74557293502E+04
3.19800E+00        6.72762914118E+04
3.20400E+00        6.70974983036E+04
3.21000E+00        6.69193665860E+04
3.21600E+00        6.67418807170E+04
3.22200E+00        6.65650542457E+04
3.22800E+00        6.63888710779E+04
3.23400E+00        6.62133256796E+04
3.24000E+00        6.60384314982E+04
3.24600E+00        6.58641851679E+04
3.25200E+00        6.56905685436E+04
3.25800E+00        6.55175824447E+04
3.26400E+00        6.53452361337E+04
3.27000E+00        6.51735150308E+04
3.27600E+00        6.50024283547E+04
3.28200E+00        6.48319492101E+04
3.28800E+00        6.46621115993E+04
3.29400E+00        6.44928791301E+04
3.30000E+00        6.43242649727E+04
3.30600E+00        6.41562720561E+04
3.31200E+00        6.39888799670E+04
3.31800E+00        6.38220950653E+04
3.32400E+00        6.36559236278E+04
3.33000E+00        6.34903454089E+04
3.33600E+00        6.33253667274E+04
3.34200E+00        6.31609850526E+04
3.34800E+00        6.29972066078E+04
3.35400E+00        6.28340113693E+04
3.36000E+00        6.26714056024E+04
3.36600E+00        6.25093748625E+04
3.37200E+00        6.23479406020E+04
3.37800E+00        6.21870910514E+04
3.38400E+00        6.20268065066E+04
3.39000E+00        6.18671109578E+04
3.39600E+00        6.17079782712E+04
3.40200E+00        6.15494237559E+04
3.40800E+00        6.13914332030E+04
3.41400E+00        6.12340159501E+04
3.42000E+00        6.10771520291E+04
3.42600E+00        6.09208539735E+04
3.43200E+00        6.07651188132E+04
3.43800E+00        6.06099357380E+04
3.44400E+00        6.04553082040E+04
3.45000E+00        6.03012280884E+04
3.45600E+00        6.01477019882E+04
3.46200E+00        5.99947212533E+04
3.46800E+00        5.98422867136E+04
3.47400E+00        5.96903960492E+04
3.48000E+00        5.95390386857E+04
3.48600E+00        5.93882288711E+04
3.49200E+00        5.92379478070E+04
3.49800E+00        5.90881927309E+04
3.50400E+00        5.89389788813E+04
3.51000E+00        5.87902977684E+04
3.51600E+00        5.86421308408E+04
3.52200E+00        5.84944977879E+04
3.52800E+00        5.83473801169E+04
3.53400E+00        5.82007862557E+04
3.54000E+00        5.80547089536E+04
3.54600E+00        5.79091485246E+04
3.55200E+00        5.77640997450E+04
3.55800E+00        5.76195554715E+04
3.56400E+00        5.74755325510E+04
3.57000E+00        5.73320068100E+04
3.57600E+00        5.71889895747E+04
3.58200E+00        5.70464737470E+04
3.58800E+00        5.69044596623E+04
3.59400E+00        5.67629397621E+04
3.60000E+00        5.66219173765E+04
3.60600E+00        5.64813903914E+04
3.61200E+00        5.63413513163E+04
3.61800E+00        5.62018088404E+04
3.62400E+00        5.60627525408E+04
3.63000E+00        5.59241808761E+04
3.63600E+00        5.57860942056E+04
3.64200E+00        5.56484774275E+04
3.64800E+00        5.55113546088E+04
3.65400E+00        5.53747053402E+04
3.66000E+00        5.52385276285E+04
3.66600E+00        5.51028247563E+04
3.67200E+00        5.49675947090E+04
3.67800E+00        5.48328354809E+04
3.68400E+00        5.46985398468E+04
3.69000E+00        5.45647139312E+04
3.69600E+00        5.44313500308E+04
3.70200E+00        5.42984490408E+04
3.70800E+00        5.41660089995E+04
3.71400E+00        5.40340204551E+04
3.72000E+00        5.39024964795E+04
3.72600E+00        5.37714224805E+04
3.73200E+00        5.36408068230E+04
3.73800E+00        5.35106298957E+04
3.74400E+00        5.33809097993E+04
3.75000E+00        5.32516348880E+04
3.75600E+00        5.31228027979E+04
3.76200E+00        5.29944195066E+04
3.76800E+00        5.28664707121E+04
3.77400E+00        5.27389568787E+04
3.78000E+00        5.26118885142E+04
3.78600E+00        5.24852564316E+04
3.79200E+00        5.23590565275E+04
3.79800E+00        5.22332842483E+04
3.80400E+00        5.21079450362E+04
3.81000E+00        5.19830375357E+04
3.81600E+00        5.18585495284E+04
3.82200E+00        5.17344945790E+04
3.82800E+00        5.16108555670E+04
3.83400E+00        5.14876410784E+04
3.84000E+00        5.13648417179E+04
3.84600E+00        5.12424677613E+04
3.85200E+00        5.11205032097E+04
3.85800E+00        5.09989583136E+04
3.86400E+00        5.08778189035E+04
3.87000E+00        5.07570934665E+04
3.87600E+00        5.06367727631E+04
3.88200E+00        5.05168717748E+04
3.88800E+00        5.03973650841E+04
3.89400E+00        5.02782628534E+04
3.90000E+00        5.01595633861E+04
3.90600E+00        5.00412649937E+04
3.91200E+00        4.99233659952E+04
3.91800E+00        4.98058668686E+04
3.92400E+00        4.96887568918E+04
3.93000E+00        4.95720460728E+04
3.93600E+00        4.94557232742E+04
3.94200E+00        4.93397963182E+04
3.94800E+00        4.92242494228E+04
3.95400E+00        4.91090951074E+04
3.96000E+00        4.89943270365E+04
3.96600E+00        4.88799389257E+04
3.97200E+00        4.87659338638E+04
3.97800E+00        4.86523149028E+04
3.98400E+00        4.85390711419E+04
3.99000E+00        4.84262056587E+04
3.99600E+00        4.83137168779E+04
4.00200E+00        4.82015986242E+04
4.00800E+00        4.80898585611E+04
4.01400E+00        4.79784859316E+04
4.02000E+00        4.78674837960E+04
4.02600E+00        4.77568551790E+04
4.03200E+00        4.76465894093E+04
4.03800E+00        4.75366849931E+04
4.04400E+00        4.74271540422E+04
4.05000E+00        4.73179748497E+04
4.05600E+00        4.72091636020E+04
4.06200E+00        4.71007077193E+04
4.06800E+00        4.69926147249E+04
4.07400E+00        4.68848741430E+04
4.08000E+00        4.67774869782E+04
4.08600E+00        4.66704558065E+04
4.09200E+00        4.65637771403E+04
4.09800E+00        4.64574495237E+04
4.10400E+00        4.63514650758E+04
4.11000E+00        4.62458352328E+04
4.11600E+00        4.61405432930E+04
4.12200E+00        4.60356034982E+04
4.12800E+00        4.59310051781E+04
4.13400E+00        4.58267537136E+04
4.14000E+00        4.57228369514E+04
4.14600E+00        4.56192574728E+04
4.15200E+00        4.55160186665E+04
4.15800E+00        4.54131230493E+04
4.16400E+00        4.53105325960E+04
4.17000E+00        4.52083176322E+04
4.17600E+00        4.51064372963E+04
4.18200E+00        4.50048433135E+04
4.18800E+00        4.49036243370E+04
4.19400E+00        4.48026892077E+04
4.20000E+00        4.47021261866E+04
4.20600E+00        4.46018445308E+04
4.21200E+00        4.45019321115E+04
4.21800E+00        4.44022985990E+04
4.22400E+00        4.43030314776E+04
4.23000E+00        4.42040408281E+04
4.23600E+00        4.41053715996E+04
4.24200E+00        4.40070607324E+04
4.24800E+00        4.39090265295E+04
4.25400E+00        4.38113479237E+04
4.26000E+00        4.37139417000E+04
4.26600E+00        4.36168921105E+04
4.27200E+00        4.35201106521E+04
4.27800E+00        4.34236397231E+04
4.28400E+00        4.33275194699E+04
4.29000E+00        4.32316619992E+04
4.29600E+00        4.31359510944E+04
4.30200E+00        4.30399250588E+04
4.30800E+00        4.29455626941E+04
4.31400E+00        4.28502677454E+04
4.32000E+00        4.27557073680E+04
4.32600E+00        4.26487639215E+04
4.33200E+00        4.25669392867E+04
4.33800E+00        4.24715447531E+04
4.34400E+00        4.23730085577E+04
4.35000E+00        4.22768038495E+04
4.35600E+00        4.21866099708E+04
4.36200E+00        4.20922768793E+04
4.36800E+00        4.20017398371E+04
4.37400E+00        4.18990673374E+04
4.38000E+00        4.18185221943E+04
4.38600E+00        4.17103218091E+04
4.39200E+00        4.16341296881E+04
4.39800E+00        4.15268507078E+04
4.40400E+00        4.14496964035E+04
4.41000E+00        4.13585183659E+04
4.41600E+00        4.12613388500E+04
4.42200E+00        4.11793596721E+04
4.42800E+00        4.10900166518E+04
4.43400E+00        4.09941568665E+04
4.44000E+00        4.09011357379E+04
4.44600E+00        4.08197244268E+04
4.45200E+00        4.07335097153E+04
4.45800E+00        4.06457882692E+04
4.46400E+00        4.05574281548E+04
4.47000E+00        4.04685149087E+04
4.47600E+00        4.03799116691E+04
4.48200E+00        4.02902885483E+04
4.48800E+00        4.02028334940E+04
4.49400E+00        4.01173974361E+04
4.50000E+00        4.00309034914E+04
4.50600E+00        3.99448438329E+04
4.51200E+00        3.98603014547E+04
4.51800E+00        3.97774840890E+04
4.52400E+00        3.96873385141E+04
4.53000E+00        3.96104706384E+04
4.53600E+00        3.95269037863E+04
4.54200E+00        3.94432776200E+04
4.54800E+00        3.93594011954E+04
4.55400E+00        3.92730854676E+04
4.56000E+00        3.91892048083E+04
4.56600E+00        3.91015146861E+04
4.57200E+00        3.90229974107E+04
4.57800E+00        3.89438258181E+04
4.58400E+00        3.88617738301E+04
4.59000E+00        3.87800553906E+04
4.59600E+00        3.86963786994E+04
4.60200E+00        3.86072617998E+04
4.60800E+00        3.85344615130E+04
4.61400E+00        3.84555846750E+04
4.62000E+00        3.83716217332E+04
4.62600E+00        3.82904974500E+04
4.63200E+00        3.82117538213E+04
4.63800E+00        3.81360807264E+04
4.64400E+00        3.80535207297E+04
4.65000E+00        3.79714155724E+04
4.65600E+00        3.78995126852E+04
4.66200E+00        3.78263110099E+04
4.66800E+00        3.77429980984E+04
4.67400E+00        3.76521743544E+04
4.68000E+00        3.75838546078E+04
4.68600E+00        3.75097529657E+04
4.69200E+00        3.74245231334E+04
4.69800E+00        3.73493025753E+04
4.70400E+00        3.72763648195E+04
4.71000E+00        3.71940464328E+04
4.71600E+00        3.71167897219E+04
4.72200E+00        3.70415841257E+04
4.72800E+00        3.69647106210E+04
4.73400E+00        3.68868685123E+04
4.74000E+00        3.68154334488E+04
4.74600E+00        3.67345406006E+04
4.75200E+00        3.66617643475E+04
4.75800E+00        3.65878936568E+04
4.76400E+00        3.65035455594E+04
4.77000E+00        3.64393105154E+04
4.77600E+00        3.63623588243E+04
4.78200E+00        3.62842375193E+04
4.78800E+00        3.62170096308E+04
4.79400E+00        3.61330899194E+04
4.80000E+00        3.60679296536E+04
4.80600E+00        3.59952370571E+04
4.81200E+00        3.59135107399E+04
4.81800E+00        3.58508030157E+04
4.82400E+00        3.57697998726E+04
4.83000E+00        3.57044118554E+04
4.83600E+00        3.56273701195E+04
4.84200E+00        3.55565837229E+04
4.84800E+00        3.54895843038E+04
4.85400E+00        3.54060897116E+04
4.86000E+00        3.53455043741E+04
4.86600E+00        3.52671500392E+04
4.87200E+00        3.52017201640E+04
4.87800E+00        3.51254099726E+04
4.88400E+00        3.50525743360E+04
4.89000E+00        3.49923148977E+04
4.89600E+00        3.49184917131E+04
4.90200E+00        3.48530000157E+04
4.90800E+00        3.47737046032E+04
4.91400E+00        3.47125726038E+04
4.92000E+00        3.46268604935E+04
4.92600E+00        3.45699637122E+04
4.93200E+00        3.44962048757E+04
4.93800E+00        3.44170624637E+04
4.94400E+00        3.43634574053E+04
4.95000E+00        3.43011530279E+04
4.95600E+00        3.42282901784E+04
4.96200E+00        3.41664183038E+04
4.96800E+00        3.40902500964E+04
4.97400E+00        3.40316397603E+04
4.98000E+00        3.39541110949E+04
4.98600E+00        3.38978397236E+04
4.99200E+00        3.38259737224E+04
4.99800E+00        3.37648917795E+04
5.00400E+00        3.36923839917E+04
5.01000E+00        3.36150330959E+04
5.01600E+00        3.35566263574E+04
5.02200E+00        3.34876829553E+04
5.02800E+00        3.34210205518E+04
5.03400E+00        3.33689265858E+04
5.04000E+00        3.32875245233E+04
5.04600E+00        3.32374366304E+04
5.05200E+00        3.31653191278E+04
5.05800E+00        3.31045489328E+04
5.06400E+00        3.30380160017E+04
5.07000E+00        3.29740201912E+04
5.07600E+00        3.29154356346E+04
5.08200E+00        3.28355315158E+04
5.08800E+00        3.27894975842E+04
5.09400E+00        3.27041313991E+04
5.10000E+00        3.26623113310E+04
5.10600E+00        3.25869732751E+04
5.11200E+00        3.25358056555E+04
5.11800E+00        3.24598037847E+04
5.12400E+00        3.24092749376E+04
5.13000E+00        3.23422087445E+04
5.13600E+00        3.22838079152E+04
5.14200E+00        3.22223571576E+04
5.14800E+00        3.21582066138E+04
5.15400E+00        3.20998813708E+04
5.16000E+00        3.20197003584E+04
5.16600E+00        3.19771378882E+04
5.17200E+00        3.19074299767E+04
5.17800E+00        3.18539968613E+04
5.18400E+00        3.17880291790E+04
5.19000E+00        3.17291544154E+04
5.19600E+00        3.16707488495E+04
5.20200E+00        3.16033192271E+04
5.20800E+00        3.15416994901E+04
5.21400E+00        3.14874137414E+04
5.22000E+00        3.14293600766E+04
5.22600E+00        3.13539022048E+04
5.23200E+00        3.12821803596E+04
5.23800E+00        3.12508187598E+04
5.24400E+00        3.11890955344E+04
5.25000E+00        3.11299327834E+04
5.25600E+00        3.10469544996E+04
5.26200E+00        3.10006116608E+04
5.26800E+00        3.09545829220E+04
5.27400E+00        3.08840362420E+04
5.28000E+00        3.08375032969E+04
5.28600E+00        3.07764382443E+04
5.29200E+00        3.07131399307E+04
5.29800E+00        3.06643230572E+04
5.30400E+00        3.06015934887E+04
5.31000E+00        3.05479188780E+04
5.31600E+00        3.04828994968E+04
5.32200E+00        3.04330064646E+04
5.32800E+00        3.03767826538E+04
5.33400E+00        3.03197331723E+04
5.34000E+00        3.02588030850E+04
5.34600E+00        3.02049828926E+04
5.35200E+00        3.01490561961E+04
5.35800E+00        3.00928004026E+04
5.36400E+00        3.00369690118E+04
5.37000E+00        2.99805402897E+04
5.37600E+00        2.99249375693E+04
5.38200E+00        2.98690032796E+04
5.38800E+00        2.98067948845E+04
5.39400E+00        2.97494370931E+04
5.40000E+00        2.97026856634E+04
5.40600E+00        2.96472617848E+04
5.41200E+00        2.95916109282E+04
5.41800E+00        2.95369321459E+04
5.42400E+00        2.94823422187E+04
5.43000E+00        2.94281727853E+04
5.43600E+00        2.93736339724E+04
5.44200E+00        2.93191918196E+04
5.44800E+00        2.92652258211E+04
5.45400E+00        2.92106808884E+04
5.46000E+00        2.91566281461E+04
5.46600E+00        2.91023850053E+04
5.47200E+00        2.90486909940E+04
5.47800E+00        2.89964962900E+04
5.48400E+00        2.89432859083E+04
5.49000E+00        2.88858969753E+04
5.49600E+00        2.88371699548E+04
5.50200E+00        2.87843074944E+04
5.50800E+00        2.87309741756E+04
5.51400E+00        2.86789914176E+04
5.52000E+00        2.86265578821E+04
5.52600E+00        2.85739884876E+04
5.53200E+00        2.85220030416E+04
5.53800E+00        2.84701157865E+04
5.54400E+00        2.84180447151E+04
5.55000E+00        2.83663285020E+04
5.55600E+00        2.83149011308E+04
5.56200E+00        2.82626350324E+04
5.56800E+00        2.82082058231E+04
5.57400E+00        2.81608708734E+04
5.58000E+00        2.81004006272E+04
5.58600E+00        2.80589457116E+04
5.59200E+00        2.80081762796E+04
5.59800E+00        2.79574875472E+04
5.60400E+00        2.79064377441E+04
5.61000E+00        2.78567064803E+04
5.61600E+00        2.78064442828E+04
5.62200E+00        2.77558479664E+04
5.62800E+00        2.77064131477E+04
5.63400E+00        2.76565272758E+04
5.64000E+00        2.76053977950E+04
5.64600E+00        2.75572960178E+04
5.65200E+00        2.75078540354E+04
5.65800E+00        2.74583161950E+04
5.66400E+00        2.74093785432E+04
5.67000E+00        2.73603155719E+04
5.67600E+00        2.73112593950E+04
5.68200E+00        2.72624632992E+04
5.68800E+00        2.72139486143E+04
5.69400E+00        2.71650203031E+04
5.70000E+00        2.71169393074E+04
5.70600E+00        2.70687035375E+04
5.71200E+00        2.70205360199E+04
5.71800E+00        2.69725264520E+04
5.72400E+00        2.69246251117E+04
5.73000E+00        2.68768341317E+04
5.73600E+00        2.68290859786E+04
5.74200E+00        2.67816756694E+04
5.74800E+00        2.67342619988E+04
5.75400E+00        2.66869571322E+04
5.76000E+00        2.66398170865E+04
5.76600E+00        2.65928023315E+04
5.77200E+00        2.65458089928E+04
5.77800E+00        2.64990867489E+04
5.78400E+00        2.64524162595E+04
5.79000E+00        2.64058601848E+04
5.79600E+00        2.63594444705E+04
5.80200E+00        2.63131467287E+04
5.80800E+00        2.62669508325E+04
5.81400E+00        2.62200989642E+04
5.82000E+00        2.61749300112E+04
5.82600E+00        2.61291246853E+04
5.83200E+00        2.60834071343E+04
5.83800E+00        2.60378064913E+04
5.84400E+00        2.59923347085E+04
5.85000E+00        2.59469722866E+04
5.85600E+00        2.59017290795E+04
5.86200E+00        2.58566222581E+04
5.86800E+00        2.58116057787E+04
5.87400E+00        2.57661142567E+04
5.88000E+00        2.57219305554E+04
5.88600E+00        2.56772621292E+04
5.89200E+00        2.56327360161E+04
5.89800E+00        2.55882917492E+04
5.90400E+00        2.55433545373E+04
5.91000E+00        2.54997617150E+04
5.91600E+00        2.54556443547E+04
5.92200E+00        2.54117012372E+04
5.92800E+00        2.53678284365E+04
5.93400E+00        2.53240663882E+04
5.94000E+00        2.52804169081E+04
5.94600E+00        2.52368774402E+04
5.95200E+00        2.51934497959E+04
5.95800E+00        2.51501543706E+04
5.96400E+00        2.51069372944E+04
5.97000E+00        2.50638482793E+04
5.97600E+00        2.50208598611E+04
5.98200E+00        2.49779781922E+04
5.98800E+00        2.49352072292E+04
5.99400E+00        2.48925521122E+04
6.00000E+00        2.48497418112E+04
6.00600E+00        2.48075635832E+04
6.01200E+00        2.47652221167E+04
6.01800E+00        2.47229874171E+04
6.02400E+00        2.46808601977E+04
6.03000E+00        2.46388615128E+04
6.03600E+00        2.45969449645E+04
6.04200E+00        2.45551337831E+04
6.04800E+00        2.45134276219E+04
6.05400E+00        2.44718271923E+04
6.06000E+00        2.44303300357E+04
6.06600E+00        2.43889368681E+04
6.07200E+00        2.43476695568E+04
6.07800E+00        2.43064854066E+04
6.08400E+00        2.42654010767E+04
6.09000E+00        2.42244193834E+04
6.09600E+00        2.41835441675E+04
6.10200E+00        2.41427677775E+04
6.10800E+00        2.41020515291E+04
6.11400E+00        2.40615425431E+04
6.12000E+00        2.40210700122E+04
6.12600E+00        2.39806981210E+04
6.13200E+00        2.39404275754E+04
6.13800E+00        2.39002559802E+04
6.14400E+00        2.38601840457E+04
6.15000E+00        2.38202218630E+04
6.15600E+00        2.37803616087E+04
6.16200E+00        2.37404831619E+04
6.16800E+00        2.37009101229E+04
6.17400E+00        2.36613316214E+04
6.18000E+00        2.36218508574E+04
6.18600E+00        2.35824675146E+04
6.19200E+00        2.35431822945E+04
6.19800E+00        2.35040153021E+04
6.20400E+00        2.34649222996E+04
6.21000E+00        2.34259254664E+04
6.21600E+00        2.33870244924E+04
6.22200E+00        2.33482190691E+04
6.22800E+00        2.33095098950E+04
6.23400E+00        2.32708946498E+04
6.24000E+00        2.32323952267E+04
6.24600E+00        2.31939699071E+04
6.25200E+00        2.31556376098E+04
6.25800E+00        2.31173990362E+04
6.26400E+00        2.30792538858E+04
6.27000E+00        2.30412018597E+04
6.27600E+00        2.30032436527E+04
6.28200E+00        2.29653769805E+04
6.28800E+00        2.29276244440E+04
6.29400E+00        2.28899419087E+04
6.30000E+00        2.28523510193E+04
6.30600E+00        2.28148514837E+04
6.31200E+00        2.27774430108E+04
6.31800E+00        2.27401262924E+04
6.32400E+00        2.27028990746E+04
6.33000E+00        2.26657620531E+04
6.33600E+00        2.26287365577E+04
6.34200E+00        2.25917673314E+04
6.34800E+00        2.25549108522E+04
6.35400E+00        2.25181317263E+04
6.36000E+00        2.24814413752E+04
6.36600E+00        2.24448395177E+04
6.37200E+00        2.24083258739E+04
6.37800E+00        2.23719225016E+04
6.38400E+00        2.23355824850E+04
6.39000E+00        2.22993317805E+04
6.39600E+00        2.22631701030E+04
6.40200E+00        2.22270933304E+04
6.40800E+00        2.21911031146E+04
6.41400E+00        2.21551991831E+04
6.42000E+00        2.21193812645E+04
6.42600E+00        2.20836701836E+04
6.43200E+00        2.20480234466E+04
6.43800E+00        2.20124619146E+04
6.44400E+00        2.19769853204E+04
6.45000E+00        2.19415933978E+04
6.45600E+00        2.19062858814E+04
6.46200E+00        2.18710625072E+04
6.46800E+00        2.18359239547E+04
6.47400E+00        2.18008888997E+04
6.48000E+00        2.17659163420E+04
6.48600E+00        2.17310268800E+04
6.49200E+00        2.16962202543E+04
6.49800E+00        2.16614962070E+04
6.50400E+00        2.16268544807E+04
6.51000E+00        2.15922948192E+04
6.51600E+00        2.15578375600E+04
6.52200E+00        2.15234403016E+04
6.52800E+00        2.14891262037E+04
6.53400E+00        2.14548922264E+04
6.54000E+00        2.14207390478E+04
6.54600E+00        2.13866664172E+04
6.55200E+00        2.13526740853E+04
6.55800E+00        2.13187821675E+04
6.56400E+00        2.12849496560E+04
6.57000E+00        2.12511967006E+04
6.57600E+00        2.12175230555E+04
6.58200E+00        2.11839284761E+04
6.58800E+00        2.11504127184E+04
6.59400E+00        2.11169957107E+04
6.60000E+00        2.10836368369E+04
6.60600E+00        2.10503560591E+04
6.61200E+00        2.10171531369E+04
6.61800E+00        2.09840278312E+04
6.62400E+00        2.09509799036E+04
6.63000E+00        2.09180290977E+04
6.63600E+00        2.08851351834E+04
6.64200E+00        2.08523179377E+04
6.64800E+00        2.08195780244E+04
6.65400E+00        2.07869134108E+04
6.66000E+00        2.07543445884E+04
6.66600E+00        2.07218316452E+04
6.67200E+00        2.06893942054E+04
6.67800E+00        2.06570320386E+04
6.68400E+00        2.06247449153E+04
6.69000E+00        2.05925326068E+04
6.69600E+00        2.05604136368E+04
6.70200E+00        2.05283511321E+04
6.70800E+00        2.04963618739E+04
6.71400E+00        2.04644465242E+04
6.72000E+00        2.04326243756E+04
6.72600E+00        2.04008561404E+04
6.73200E+00        2.03691611430E+04
6.73800E+00        2.03375391615E+04
6.74400E+00        2.03059899748E+04
6.75000E+00        2.02745327284E+04
6.75600E+00        2.02431284412E+04
6.76200E+00        2.02117962904E+04
6.76800E+00        2.01805360582E+04
6.77400E+00        2.01493667737E+04
6.78000E+00        2.01182488301E+04
6.78600E+00        2.00872038934E+04
6.79200E+00        2.00562291434E+04
6.79800E+00        2.00253434981E+04
6.80400E+00        1.99945101898E+04
6.81000E+00        1.99637481595E+04
6.81600E+00        1.99330554708E+04
6.82200E+00        1.99024509270E+04
6.82800E+00        1.98718979885E+04
6.83400E+00        1.98414146249E+04
6.84000E+00        1.98110195506E+04
6.84600E+00        1.97806746836E+04
6.85200E+00        1.97503987687E+04
6.85800E+00        1.97201916000E+04
6.86400E+00        1.96900717791E+04
6.87000E+00        1.96600014586E+04
6.87600E+00        1.96299992705E+04
6.88200E+00        1.96000650118E+04
6.88800E+00        1.95702171726E+04
6.89400E+00        1.95404181378E+04
6.90000E+00        1.95106864276E+04
6.90600E+00        1.94810404492E+04
6.91200E+00        1.94514427603E+04
6.91800E+00        1.94219117979E+04
6.92400E+00        1.93924473641E+04
6.93000E+00        1.93630677562E+04
6.93600E+00        1.93337357606E+04
6.94200E+00        1.93044697041E+04
6.94800E+00        1.92752878022E+04
6.95400E+00        1.92461530117E+04
6.96000E+00        1.92170835773E+04
6.96600E+00        1.91880784778E+04
6.97200E+00        1.91591574782E+04
6.97800E+00        1.91302829310E+04
6.98400E+00        1.91014729723E+04
6.99000E+00        1.90727456289E+04
6.99600E+00        1.90440642502E+04
7.00200E+00        1.90154468916E+04
7.00800E+00        1.89869115001E+04
7.01400E+00        1.89584215912E+04
7.02000E+00        1.89299951402E+04
7.02600E+00        1.89016319612E+04
7.03200E+00        1.88733498951E+04
7.03800E+00        1.88451126774E+04
7.04400E+00        1.88169381776E+04
7.05000E+00        1.87888441576E+04
7.05600E+00        1.87607945170E+04
7.06200E+00        1.87328062374E+04
7.06800E+00        1.87048986210E+04
7.07400E+00        1.86770349202E+04
7.08000E+00        1.86492328466E+04
7.08600E+00        1.86215100065E+04
7.09200E+00        1.85938306234E+04
7.09800E+00        1.85662123311E+04
7.10400E+00        1.85386726585E+04
7.11000E+00        1.85111759896E+04
7.11600E+00        1.84837398809E+04
7.12200E+00        1.84563817843E+04
7.12800E+00        1.84290654479E+04
7.13400E+00        1.84018099432E+04
7.14000E+00        1.83746142997E+04
7.14600E+00        1.83474958681E+04
7.15200E+00        1.83204194025E+04
7.15800E+00        1.82934022805E+04
7.16400E+00        1.82664617771E+04
7.17000E+00        1.82395628034E+04
7.17600E+00        1.82127226614E+04
7.18200E+00        1.81859577656E+04
7.18800E+00        1.81592347544E+04
7.19400E+00        1.81325700681E+04
7.20000E+00        1.81059808318E+04
7.20600E+00        1.80794322674E+04
7.21200E+00        1.80529415266E+04
7.21800E+00        1.80265256603E+04
7.22400E+00        1.80001500444E+04
7.23000E+00        1.79738309803E+04
7.23600E+00        1.79475698566E+04
7.24200E+00        1.79213828489E+04
7.24800E+00        1.78952355369E+04
7.25400E+00        1.78691448992E+04
7.26000E+00        1.78431278156E+04
7.26600E+00        1.78171500169E+04
7.27200E+00        1.77912284087E+04
7.27800E+00        1.77653797981E+04
7.28400E+00        1.77395693007E+04
7.29000E+00        1.77138152818E+04
7.29600E+00        1.76881168162E+04
7.30200E+00        1.76624906147E+04
7.30800E+00        1.76369027579E+04
7.31400E+00        1.76113699822E+04
7.32000E+00        1.75859081679E+04
7.32600E+00        1.75604850630E+04
7.33200E+00        1.75351165721E+04
7.33800E+00        1.75098025405E+04
7.34400E+00        1.74845595128E+04
7.35000E+00        1.74593539139E+04
7.35600E+00        1.74342015612E+04
7.36200E+00        1.74091204348E+04
7.36800E+00        1.73840763520E+04
7.37400E+00        1.73590858120E+04
7.38000E+00        1.73341486638E+04
7.38600E+00        1.73092812883E+04
7.39200E+00        1.72844497034E+04
7.39800E+00        1.72596718079E+04
7.40400E+00        1.72349467058E+04
7.41000E+00        1.72102906853E+04
7.41600E+00        1.71856707021E+04
7.42200E+00        1.71611023283E+04
7.42800E+00        1.71365868995E+04
7.43400E+00        1.71121398704E+04
7.44000E+00        1.70877283866E+04
7.44600E+00        1.70633686688E+04
7.45200E+00        1.70390598368E+04
7.45800E+00        1.70148194679E+04
7.46400E+00        1.69906141595E+04
7.47000E+00        1.69664600410E+04
7.47600E+00        1.69423562386E+04
7.48200E+00        1.69183040733E+04
7.48800E+00        1.68943188057E+04
7.49400E+00        1.68703680025E+04
7.50000E+00        1.68464676803E+04
7.50600E+00        1.68226169728E+04
7.51200E+00        1.67988332364E+04
7.51800E+00        1.67750834956E+04
7.52400E+00        1.67513836774E+04
7.53000E+00        1.67277329213E+04
7.53600E+00        1.67041325345E+04
7.54200E+00        1.66805975866E+04
7.54800E+00        1.66570960578E+04
7.55400E+00        1.66336430462E+04
7.56000E+00        1.66102398527E+04
7.56600E+00        1.65869014634E+04
7.57200E+00        1.65635960395E+04
7.57800E+00        1.65403385955E+04
7.58400E+00        1.65171304259E+04
7.59000E+00        1.64939706819E+04
7.59600E+00        1.64708592304E+04
7.60200E+00        1.64478109362E+04
7.60800E+00        1.64247956502E+04
7.61400E+00        1.64018282594E+04
7.62000E+00        1.63789086323E+04
7.62600E+00        1.63560359319E+04
7.63200E+00        1.63332270385E+04
7.63800E+00        1.63104498969E+04
7.64400E+00        1.62877199974E+04
7.65000E+00        1.62650365086E+04
7.65600E+00        1.62424007067E+04
7.66200E+00        1.62198117602E+04
7.66800E+00        1.61972843103E+04
7.67400E+00        1.61747886706E+04
7.68000E+00        1.61523395036E+04
7.68600E+00        1.61299366827E+04
7.69200E+00        1.61075793864E+04
7.69800E+00        1.60852688802E+04
7.70400E+00        1.60630196823E+04
7.71000E+00        1.60408002744E+04
7.71600E+00        1.60186272787E+04
7.72200E+00        1.59964998777E+04
7.72800E+00        1.59744172582E+04
7.73400E+00        1.59523806767E+04
7.74000E+00        1.59304045330E+04
7.74600E+00        1.59084575708E+04
7.75200E+00        1.58865562762E+04
7.75800E+00        1.58646998400E+04
7.76400E+00        1.58428874571E+04
7.77000E+00        1.58211203751E+04
7.77600E+00        1.57993977887E+04
7.78200E+00        1.57777339643E+04
7.78800E+00        1.57560999898E+04
7.79400E+00        1.57345101520E+04
7.80000E+00        1.57129636538E+04
7.80600E+00        1.56914617340E+04
7.81200E+00        1.56700035954E+04
7.81800E+00        1.56485884449E+04
7.82400E+00        1.56272324403E+04
7.83000E+00        1.56059049211E+04
7.83600E+00        1.55846200421E+04
7.84200E+00        1.55633790332E+04
7.84800E+00        1.55421811052E+04
7.85400E+00        1.55210254727E+04
7.86000E+00        1.54999133614E+04
7.86600E+00        1.54788587676E+04
7.87200E+00        1.54578313265E+04
7.87800E+00        1.54368470612E+04
7.88400E+00        1.54159045248E+04
7.89000E+00        1.53950049358E+04
7.89600E+00        1.53741475152E+04
7.90200E+00        1.53533314881E+04
7.90800E+00        1.53325727102E+04
7.91400E+00        1.53118411032E+04
7.92000E+00        1.52911505574E+04
7.92600E+00        1.52705022827E+04
7.93200E+00        1.52498948496E+04
7.93800E+00        1.52293294651E+04
7.94400E+00        1.52088053604E+04
7.95000E+00        1.51883217705E+04
7.95600E+00        1.51678798981E+04
7.96200E+00        1.51474934432E+04
7.96800E+00        1.51271326952E+04
7.97400E+00        1.51068133370E+04
7.98000E+00        1.50865339561E+04
7.98600E+00        1.50662957484E+04
7.99200E+00        1.50460973055E+04
7.99800E+00        1.50259398204E+04
8.00400E+00        1.50058225365E+04
8.01000E+00        1.49857447013E+04
8.01600E+00        1.49657075034E+04
8.02200E+00        1.49457238171E+04
8.02800E+00        1.49257662652E+04
8.03400E+00        1.49058483884E+04
8.04000E+00        1.48859694401E+04
8.04600E+00        1.48661306022E+04
8.05200E+00        1.48463304870E+04
8.05800E+00        1.48265702737E+04
8.06400E+00        1.48068485789E+04
8.07000E+00        1.47871665788E+04
8.07600E+00        1.47675235314E+04
8.08200E+00        1.47479186984E+04
8.08800E+00        1.47283532520E+04
8.09400E+00        1.47088398646E+04
8.10000E+00        1.46893515957E+04
8.10600E+00        1.46699011404E+04
8.11200E+00        1.46504896655E+04
8.11800E+00        1.46311158057E+04
8.12400E+00        1.46117807251E+04
8.13000E+00        1.45924836921E+04
8.13600E+00        1.45732239790E+04
8.14200E+00        1.45540027457E+04
8.14800E+00        1.45348186369E+04
8.15400E+00        1.45156728100E+04
8.16000E+00        1.44965639136E+04
8.16600E+00        1.44775069269E+04
8.17200E+00        1.44584728352E+04
8.17800E+00        1.44394766332E+04
8.18400E+00        1.44205169774E+04
8.19000E+00        1.44015950171E+04
8.19600E+00        1.43827094128E+04
8.20200E+00        1.43638613110E+04
8.20800E+00        1.43450499950E+04
8.21400E+00        1.43262747518E+04
8.22000E+00        1.43075367239E+04
8.22600E+00        1.42888345815E+04
8.23200E+00        1.42701694646E+04
8.23800E+00        1.42515400470E+04
8.24400E+00        1.42329474662E+04
8.25000E+00        1.42144039729E+04
8.25600E+00        1.41958835381E+04
8.26200E+00        1.41773984340E+04
8.26800E+00        1.41589497929E+04
8.27400E+00        1.41405362999E+04
8.28000E+00        1.41221590848E+04
8.28600E+00        1.41038168365E+04
8.29200E+00        1.40855106820E+04
8.29800E+00        1.40672393140E+04
8.30400E+00        1.40490038571E+04
8.31000E+00        1.40308030076E+04
8.31600E+00        1.40126378874E+04
8.32200E+00        1.39945071968E+04
8.32800E+00        1.39764120549E+04
8.33400E+00        1.39583511657E+04
8.34000E+00        1.39403256459E+04
8.34600E+00        1.39223342030E+04
8.35200E+00        1.39043779513E+04
8.35800E+00        1.38864688616E+04
8.36400E+00        1.38685815091E+04
8.37000E+00        1.38507278854E+04
8.37600E+00        1.38329085028E+04
8.38200E+00        1.38151238705E+04
8.38800E+00        1.37973727089E+04
8.39400E+00        1.37796561231E+04
8.40000E+00        1.37619728373E+04
8.40600E+00        1.37443239541E+04
8.41200E+00        1.37267082011E+04
8.41800E+00        1.37091266784E+04
8.42400E+00        1.36915781173E+04
8.43000E+00        1.36740636153E+04
8.43600E+00        1.36565819073E+04
8.44200E+00        1.36391340885E+04
8.44800E+00        1.36217188970E+04
8.45400E+00        1.36043368386E+04
8.46000E+00        1.35869884161E+04
8.46600E+00        1.35696723732E+04
8.47200E+00        1.35523897987E+04
8.47800E+00        1.35351394398E+04
8.48400E+00        1.35179223830E+04
8.49000E+00        1.35007373788E+04
8.49600E+00        1.34835855113E+04
8.50200E+00        1.34664655344E+04
8.50800E+00        1.34493785299E+04
8.51400E+00        1.34323232552E+04
8.52000E+00        1.34153002105E+04
8.52600E+00        1.33983098934E+04
8.53200E+00        1.33813510666E+04
8.53800E+00        1.33644248056E+04
8.54400E+00        1.33475298765E+04
8.55000E+00        1.33306800809E+04
8.55600E+00        1.33138360025E+04
8.56200E+00        1.32970490204E+04
8.56800E+00        1.32802814913E+04
8.57400E+00        1.32635449023E+04
8.58000E+00        1.32468403205E+04
8.58600E+00        1.32301665237E+04
8.59200E+00        1.32135240064E+04
8.59800E+00        1.31969132604E+04
8.60400E+00        1.31803330688E+04
8.61000E+00        1.31637844925E+04
8.61600E+00        1.31472663179E+04
8.62200E+00        1.31307790370E+04
8.62800E+00        1.31143231392E+04
8.63400E+00        1.30978974159E+04
8.64000E+00        1.30815029222E+04
8.64600E+00        1.30651384525E+04
8.65200E+00        1.30488050598E+04
8.65800E+00        1.30325015418E+04
8.66400E+00        1.30162283872E+04
8.67000E+00        1.29999860822E+04
8.67600E+00        1.29837734296E+04
8.68200E+00        1.29675914762E+04
8.68800E+00        1.29514390281E+04
8.69400E+00        1.29353165715E+04
8.70000E+00        1.29192245904E+04
8.70600E+00        1.29031618955E+04
8.71200E+00        1.28871295278E+04
8.71800E+00        1.28711263016E+04
8.72400E+00        1.28551527007E+04
8.73000E+00        1.28392092066E+04
8.73600E+00        1.28232946382E+04
8.74200E+00        1.28074094781E+04
8.74800E+00        1.27915542063E+04
8.75400E+00        1.27757276465E+04
8.76000E+00        1.27599308305E+04
8.76600E+00        1.27441625851E+04
8.77200E+00        1.27284233906E+04
8.77800E+00        1.27127137246E+04
8.78400E+00        1.26970324188E+04
8.79000E+00        1.26813799520E+04
8.79600E+00        1.26657568004E+04
8.80200E+00        1.26501618005E+04
8.80800E+00        1.26345959747E+04
8.81400E+00        1.26190581625E+04
8.82000E+00        1.26035488404E+04
8.82600E+00        1.25880684824E+04
8.83200E+00        1.25726159326E+04
8.83800E+00        1.25571916660E+04
8.84400E+00        1.25417961554E+04
8.85000E+00        1.25264282493E+04
8.85600E+00        1.25110884216E+04
8.86200E+00        1.24957771434E+04
8.86800E+00        1.24804932681E+04
8.87400E+00        1.24652378058E+04
8.88000E+00        1.24500096128E+04
8.88600E+00        1.24348091607E+04
8.89200E+00        1.24196369183E+04
8.89800E+00        1.24044917466E+04
8.90400E+00        1.23893741156E+04
8.91000E+00        1.23742844928E+04
8.91600E+00        1.23592217438E+04
8.92200E+00        1.23441745512E+04
8.92800E+00        1.23291787391E+04
8.93400E+00        1.23141978195E+04
8.94000E+00        1.22992440458E+04
8.94600E+00        1.22843178829E+04
8.95200E+00        1.22694182050E+04
8.95800E+00        1.22545454782E+04
8.96400E+00        1.22397001659E+04
8.97000E+00        1.22248694752E+04
8.97600E+00        1.22100888862E+04
8.98200E+00        1.21953122018E+04
8.98800E+00        1.21805732786E+04
8.99400E+00        1.21658609219E+04
9.00000E+00        1.21511755927E+04
9.00600E+00        1.21365161786E+04
9.01200E+00        1.21218831414E+04
9.01800E+00        1.21072769406E+04
9.02400E+00        1.20926964683E+04
9.03000E+00        1.20781421850E+04
9.03600E+00        1.20636145488E+04
9.04200E+00        1.20491124560E+04
9.04800E+00        1.20346363659E+04
9.05400E+00        1.20201867353E+04
9.06000E+00        1.20057739273E+04
9.06600E+00        1.19913754610E+04
9.07200E+00        1.19770032683E+04
9.07800E+00        1.19626448326E+04
9.08400E+00        1.19483234668E+04
9.09000E+00        1.19340276753E+04
9.09600E+00        1.19197579119E+04
9.10200E+00        1.19055130870E+04
9.10800E+00        1.18913050086E+04
9.11400E+00        1.18771114094E+04
9.12000E+00        1.18629425707E+04
9.12600E+00        1.18487989460E+04
9.13200E+00        1.18346696875E+04
9.13800E+00        1.18205876113E+04
9.14400E+00        1.18065192722E+04
9.15000E+00        1.17924764194E+04
9.15600E+00        1.17784579757E+04
9.16200E+00        1.17644643922E+04
9.16800E+00        1.17504956103E+04
9.17400E+00        1.17365520783E+04
9.18000E+00        1.17226327247E+04
9.18600E+00        1.17087379986E+04
9.19200E+00        1.16948683469E+04
9.19800E+00        1.16810227022E+04
9.20400E+00        1.16672015125E+04
9.21000E+00        1.16534052232E+04
9.21600E+00        1.16396327711E+04
9.22200E+00        1.16258846027E+04
9.22800E+00        1.16121606614E+04
9.23400E+00        1.15984613909E+04
9.24000E+00        1.15847857335E+04
9.24600E+00        1.15711341340E+04
9.25200E+00        1.15575070349E+04
9.25800E+00        1.15439033824E+04
9.26400E+00        1.15303236201E+04
9.27000E+00        1.15167676923E+04
9.27600E+00        1.15032360400E+04
9.28200E+00        1.14897276146E+04
9.28800E+00        1.14762428581E+04
9.29400E+00        1.14627822099E+04
9.30000E+00        1.14493446257E+04
9.30600E+00        1.14359305459E+04
9.31200E+00        1.14225399161E+04
9.31800E+00        1.14091731742E+04
9.32400E+00        1.13958292810E+04
9.33000E+00        1.13825086752E+04
9.33600E+00        1.13692117937E+04
9.34200E+00        1.13559376010E+04
9.34800E+00        1.13426973637E+04
9.35400E+00        1.13294693579E+04
9.36000E+00        1.13162648602E+04
9.36600E+00        1.13030828404E+04
9.37200E+00        1.12899237345E+04
9.37800E+00        1.12767874896E+04
9.38400E+00        1.12636745392E+04
9.39000E+00        1.12505838582E+04
9.39600E+00        1.12375158808E+04
9.40200E+00        1.12244705549E+04
9.40800E+00        1.12114483122E+04
9.41400E+00        1.11984481328E+04
9.42000E+00        1.11854704493E+04
9.42600E+00        1.11725156920E+04
9.43200E+00        1.11595828450E+04
9.43800E+00        1.11466829811E+04
9.44400E+00        1.11337947538E+04
9.45000E+00        1.11209292456E+04
9.45600E+00        1.11080854457E+04
9.46200E+00        1.10952637836E+04
9.46800E+00        1.10824642088E+04
9.47400E+00        1.10696871485E+04
9.48000E+00        1.10569315967E+04
9.48600E+00        1.10441979813E+04
9.49200E+00        1.10314862524E+04
9.49800E+00        1.10187968355E+04
9.50400E+00        1.10061287296E+04
9.51000E+00        1.09934928562E+04
9.51600E+00        1.09808686372E+04
9.52200E+00        1.09682655826E+04
9.52800E+00        1.09556841174E+04
9.53400E+00        1.09431241927E+04
9.54000E+00        1.09305862312E+04
9.54600E+00        1.09180692404E+04
9.55200E+00        1.09055736439E+04
9.55800E+00        1.08930993932E+04
9.56400E+00        1.08806469094E+04
9.57000E+00        1.08682152048E+04
9.57600E+00        1.08558150652E+04
9.58200E+00        1.08434257034E+04
9.58800E+00        1.08310574470E+04
9.59400E+00        1.08187107153E+04
9.60000E+00        1.08063845267E+04
9.60600E+00        1.07940793011E+04
9.61200E+00        1.07817949911E+04
9.61800E+00        1.07695320144E+04
9.62400E+00        1.07572893941E+04
9.63000E+00        1.07450675486E+04
9.63600E+00        1.07328664311E+04
9.64200E+00        1.07206864576E+04
9.64800E+00        1.07085368789E+04
9.65400E+00        1.06963976542E+04
9.66000E+00        1.06842789720E+04
9.66600E+00        1.06721812466E+04
9.67200E+00        1.06601035106E+04
9.67800E+00        1.06480461792E+04
9.68400E+00        1.06360092067E+04
9.69000E+00        1.06239925475E+04
9.69600E+00        1.06119966140E+04
9.70200E+00        1.06000204448E+04
9.70800E+00        1.05880644528E+04
9.71400E+00        1.05761386896E+04
9.72000E+00        1.05642229060E+04
9.72600E+00        1.05523276202E+04
9.73200E+00        1.05404518765E+04
9.73800E+00        1.05285960861E+04
9.74400E+00        1.05167602045E+04
9.75000E+00        1.05049446408E+04
9.75600E+00        1.04931484436E+04
9.76200E+00        1.04813720227E+04
9.76800E+00        1.04696153341E+04
9.77400E+00        1.04578783341E+04
9.78000E+00        1.04461714017E+04
9.78600E+00        1.04344736358E+04
9.79200E+00        1.04227954278E+04
9.79800E+00        1.04111367340E+04
9.80400E+00        1.03994975115E+04
9.81000E+00        1.03878781651E+04
9.81600E+00        1.03762777551E+04
9.82200E+00        1.03646966872E+04
9.82800E+00        1.03531349188E+04
9.83400E+00        1.03416022794E+04
9.84000E+00        1.03300794166E+04
9.84600E+00        1.03185752795E+04
9.85200E+00        1.03070902719E+04
9.85800E+00        1.02956243517E+04
9.86400E+00        1.02841774768E+04
9.87000E+00        1.02727500485E+04
9.87600E+00        1.02613411381E+04
9.88200E+00        1.02499511474E+04
9.88800E+00        1.02385898089E+04
9.89400E+00        1.02272375224E+04
9.90000E+00        1.02159044719E+04
9.90600E+00        1.02045897344E+04
9.91200E+00        1.01932937099E+04
9.91800E+00        1.01820163572E+04
9.92400E+00        1.01707576356E+04
9.93000E+00        1.01595179425E+04
9.93600E+00        1.01482963600E+04
9.94200E+00        1.01371029634E+04
9.94800E+00        1.01259183475E+04
9.95400E+00        1.01147521598E+04
9.96000E+00        1.01036043598E+04
9.96600E+00        1.00924753428E+04
9.97200E+00        1.00813641976E+04
9.97800E+00        1.00702713200E+04
9.98400E+00        1.00591966703E+04
9.99000E+00        1.00481402086E+04
9.99600E+00        1.00371114768E+04
1.00020E+01        1.00260916947E+04
1.00080E+01        1.00150895491E+04
1.00140E+01        1.00041054339E+04
1.00200E+01        9.99313930982E+03
1.00260E+01        9.98219113778E+03
1.00320E+01        9.97126130898E+03
1.00380E+01        9.96034892376E+03
1.00440E+01        9.94946387158E+03
1.00500E+01        9.93858710819E+03
1.00560E+01        9.92772810305E+03
1.00620E+01        9.91688681771E+03
1.00680E+01        9.90606364115E+03
1.00740E+01        9.89525767999E+03
1.00800E+01        9.88446932388E+03
1.00860E+01        9.87369853478E+03
1.00920E+01        9.86295468969E+03
1.00980E+01        9.85221891066E+03
1.01040E+01        9.84150100970E+03
1.01100E+01        9.83080009962E+03
1.01160E+01        9.82011656789E+03
1.01220E+01        9.80945037708E+03
1.01280E+01        9.79880148986E+03
1.01340E+01        9.78816986901E+03
1.01400E+01        9.77756481071E+03
1.01460E+01        9.76696802248E+03
1.01520E+01        9.75638796773E+03
1.01580E+01        9.74582503141E+03
1.01640E+01        9.73527917679E+03
1.01700E+01        9.72475036724E+03
1.01760E+01        9.71423856620E+03
1.01820E+01        9.70374415583E+03
1.01880E+01        9.69326626213E+03
1.01940E+01        9.68281451070E+03
1.02000E+01        9.67237036981E+03
1.02060E+01        9.66194305620E+03
1.02120E+01        9.65153253389E+03
1.02180E+01        9.64113876703E+03
1.02240E+01        9.63076213530E+03
1.02300E+01        9.62040177166E+03
1.02360E+01        9.61005805643E+03
1.02420E+01        9.59974011754E+03
1.02480E+01        9.58942958292E+03
1.02540E+01        9.57913559054E+03
1.02600E+01        9.56885810519E+03
1.02660E+01        9.55859709177E+03
1.02720E+01        9.54835292715E+03
1.02780E+01        9.53812475216E+03
1.02840E+01        9.52791294431E+03
1.02900E+01        9.51771746885E+03
1.02960E+01        9.50754736645E+03
1.03020E+01        9.49738444220E+03
1.03080E+01        9.48723774667E+03
1.03140E+01        9.47710765431E+03
1.03200E+01        9.46699331274E+03
1.03260E+01        9.45689509703E+03
1.03320E+01        9.44681297306E+03
1.03380E+01        9.43674690682E+03
1.03440E+01        9.42669686438E+03
1.03500E+01        9.41666281189E+03
1.03560E+01        9.40665369452E+03
1.03620E+01        9.39665191657E+03
1.03680E+01        9.38666562182E+03
1.03740E+01        9.37669518257E+03
1.03800E+01        9.36674056541E+03
1.03860E+01        9.35680173703E+03
1.03920E+01        9.34687866422E+03
1.03980E+01        9.33697131382E+03
1.04040E+01        9.32707965279E+03
1.04100E+01        9.31721254162E+03
1.04160E+01        9.30735255259E+03
1.04220E+01        9.29750775239E+03
1.04280E+01        9.28767851023E+03
1.04340E+01        9.27786479349E+03
1.04400E+01        9.26806656963E+03
1.04460E+01        9.25828380619E+03
1.04520E+01        9.24851647082E+03
1.04580E+01        9.23876453123E+03
1.04640E+01        9.22902795521E+03
1.04700E+01        9.21930671065E+03
1.04760E+01        9.20960995343E+03
1.04820E+01        9.19991926610E+03
1.04880E+01        9.19024381440E+03
1.04940E+01        9.18058356655E+03
1.05000E+01        9.17093849084E+03
1.05060E+01        9.16130855565E+03
1.05120E+01        9.15169372945E+03
1.05180E+01        9.14209398078E+03
1.05240E+01        9.13250927826E+03
1.05300E+01        9.12293998414E+03
1.05360E+01        9.11338527973E+03
1.05420E+01        9.10384552785E+03
1.05480E+01        9.09432937792E+03
1.05540E+01        9.08481942892E+03
1.05600E+01        9.07532433954E+03
1.05660E+01        9.06584407897E+03
1.05720E+01        9.05637861648E+03
1.05780E+01        9.04692792142E+03
1.05840E+01        9.03749196321E+03
1.05900E+01        9.02807071136E+03
1.05960E+01        9.01866413545E+03
1.06020E+01        9.00927220515E+03
1.06080E+01        8.99989527841E+03
1.06140E+01        8.99053254820E+03
1.06200E+01        8.98119294545E+03
1.06260E+01        8.97185928641E+03
1.06320E+01        8.96254012247E+03
1.06380E+01        8.95323542375E+03
1.06440E+01        8.94394516044E+03
1.06500E+01        8.93466930284E+03
1.06560E+01        8.92540782129E+03
1.06620E+01        8.91616068622E+03
1.06680E+01        8.90692786815E+03
1.06740E+01        8.89770933764E+03
1.06800E+01        8.88850506537E+03
1.06860E+01        8.87931540507E+03
1.06920E+01        8.87013956113E+03
1.06980E+01        8.86097788784E+03
1.07040E+01        8.85183035616E+03
1.07100E+01        8.84269693712E+03
1.07160E+01        8.83357760181E+03
1.07220E+01        8.82447232141E+03
1.07280E+01        8.81538106718E+03
1.07340E+01        8.80631221574E+03
1.07400E+01        8.79724891923E+03
1.07460E+01        8.78819956308E+03
1.07520E+01        8.77916411884E+03
1.07580E+01        8.77014255812E+03
1.07640E+01        8.76113485261E+03
1.07700E+01        8.75214097406E+03
1.07760E+01        8.74316089430E+03
1.07820E+01        8.73419458524E+03
1.07880E+01        8.72524201884E+03
1.07940E+01        8.71630316715E+03
1.08000E+01        8.70737837787E+03
1.08060E+01        8.69846687162E+03
1.08120E+01        8.68956899662E+03
1.08180E+01        8.68068472521E+03
1.08240E+01        8.67181402978E+03
1.08300E+01        8.66295688279E+03
1.08360E+01        8.65411325677E+03
1.08420E+01        8.64528312433E+03
1.08480E+01        8.63646645813E+03
1.08540E+01        8.62766323093E+03
1.08600E+01        8.61887341552E+03
1.08660E+01        8.61009698478E+03
1.08720E+01        8.60133391166E+03
1.08780E+01        8.59258416917E+03
1.08840E+01        8.58384773040E+03
1.08900E+01        8.57512456849E+03
1.08960E+01        8.56641465666E+03
1.09020E+01        8.55771796819E+03
1.09080E+01        8.54903447644E+03
1.09140E+01        8.54036415481E+03
1.09200E+01        8.53170697680E+03
1.09260E+01        8.52306291596E+03
1.09320E+01        8.51443194589E+03
1.09380E+01        8.50581404030E+03
1.09440E+01        8.49720917291E+03
1.09500E+01        8.48861731755E+03
1.09560E+01        8.48003844809E+03
1.09620E+01        8.47147253849E+03
1.09680E+01        8.46291956274E+03
1.09740E+01        8.45438792866E+03
1.09800E+01        8.44585267348E+03
1.09860E+01        8.43733797973E+03
1.09920E+01        8.42883648081E+03
1.09980E+01        8.42034778677E+03
1.10040E+01        8.41187187201E+03
1.10100E+01        8.40340907343E+03
1.10160E+01        8.39495864029E+03
1.10220E+01        8.38652090998E+03
1.10280E+01        8.37809585717E+03
1.10340E+01        8.36968345656E+03
1.10400E+01        8.36128368292E+03
1.10460E+01        8.35289651111E+03
1.10520E+01        8.34452191601E+03
1.10580E+01        8.33615987258E+03
1.10640E+01        8.32781035586E+03
1.10700E+01        8.31947334093E+03
1.10760E+01        8.31114880293E+03
1.10820E+01        8.30283671708E+03
1.10880E+01        8.29453705864E+03
1.10940E+01        8.28624980295E+03
1.11000E+01        8.27797492540E+03
1.11060E+01        8.26971240143E+03
1.11120E+01        8.26146220658E+03
1.11180E+01        8.25322431640E+03
1.11240E+01        8.24499870654E+03
1.11300E+01        8.23678499742E+03
1.11360E+01        8.22858387568E+03
1.11420E+01        8.22039496152E+03
1.11480E+01        8.21221823081E+03
1.11540E+01        8.20405401333E+03
1.11600E+01        8.19590122352E+03
1.11660E+01        8.18776089899E+03
1.11720E+01        8.17963266198E+03
1.11780E+01        8.17151648869E+03
1.11840E+01        8.16341235531E+03
1.11900E+01        8.15532023816E+03
1.11960E+01        8.14724011355E+03
1.12020E+01        8.13917195791E+03
1.12080E+01        8.13111574768E+03
1.12140E+01        8.12307145938E+03
1.12200E+01        8.11503906959E+03
1.12260E+01        8.10701855494E+03
1.12320E+01        8.09900989211E+03
1.12380E+01        8.09100533593E+03
1.12440E+01        8.08302031467E+03
1.12500E+01        8.07504707563E+03
1.12560E+01        8.06708559573E+03
1.12620E+01        8.05913585193E+03
1.12680E+01        8.05119782127E+03
1.12740E+01        8.04327148082E+03
1.12800E+01        8.03535680773E+03
1.12860E+01        8.02745377919E+03
1.12920E+01        8.01956237245E+03
1.12980E+01        8.01168256481E+03
1.13040E+01        8.00381433364E+03
1.13100E+01        7.99595765635E+03
1.13160E+01        7.98811251042E+03
1.13220E+01        7.98027887336E+03
1.13280E+01        7.97245672276E+03
1.13340E+01        7.96464603625E+03
1.13400E+01        7.95684679152E+03
1.13460E+01        7.94905896631E+03
1.13520E+01        7.94127461702E+03
1.13580E+01        7.93350957205E+03
1.13640E+01        7.92575588013E+03
1.13700E+01        7.91801351924E+03
1.13760E+01        7.91028246736E+03
1.13820E+01        7.90256270258E+03
1.13880E+01        7.89485420301E+03
1.13940E+01        7.88715694680E+03
1.14000E+01        7.87947091219E+03
1.14060E+01        7.87179607746E+03
1.14120E+01        7.86413242091E+03
1.14180E+01        7.85647992094E+03
1.14240E+01        7.84883855598E+03
1.14300E+01        7.84120082121E+03
1.14360E+01        7.83358166903E+03
1.14420E+01        7.82597358746E+03
1.14480E+01        7.81837655511E+03
1.14540E+01        7.81079055069E+03
1.14600E+01        7.80321555293E+03
1.14660E+01        7.79565120440E+03
1.14720E+01        7.78809815672E+03
1.14780E+01        7.78055605222E+03
1.14840E+01        7.77302486985E+03
1.14900E+01        7.76550458860E+03
1.14960E+01        7.75799518752E+03
1.15020E+01        7.75048924906E+03
1.15080E+01        7.74300155280E+03
1.15140E+01        7.73552467413E+03
1.15200E+01        7.72805859228E+03
1.15260E+01        7.72060328656E+03
1.15320E+01        7.71315873630E+03
1.15380E+01        7.70572492091E+03
1.15440E+01        7.69830148779E+03
1.15500E+01        7.69088908080E+03
1.15560E+01        7.68348734713E+03
1.15620E+01        7.67609626638E+03
1.15680E+01        7.66870849965E+03
1.15740E+01        7.66133867072E+03
1.15800E+01        7.65397943375E+03
1.15860E+01        7.64663076851E+03
1.15920E+01        7.63929265484E+03
1.15980E+01        7.63196507261E+03
1.16040E+01        7.62464800175E+03
1.16100E+01        7.61734142223E+03
1.16160E+01        7.61004498586E+03
1.16220E+01        7.60275932944E+03
1.16280E+01        7.59548410456E+03
1.16340E+01        7.58821204975E+03
1.16400E+01        7.58095763541E+03
1.16460E+01        7.57371359322E+03
1.16520E+01        7.56647990349E+03
1.16580E+01        7.55925654657E+03
1.16640E+01        7.55204350285E+03
1.16700E+01        7.54484075276E+03
1.16760E+01        7.53764827681E+03
1.16820E+01        7.53045854428E+03
1.16880E+01        7.52328656539E+03
1.16940E+01        7.51612480236E+03
1.17000E+01        7.50897323586E+03
1.17060E+01        7.50183184659E+03
1.17120E+01        7.49470061534E+03
1.17180E+01        7.48757952289E+03
1.17240E+01        7.48046855011E+03
1.17300E+01        7.47336767789E+03
1.17360E+01        7.46626944002E+03
1.17420E+01        7.45918871886E+03
1.17480E+01        7.45211804121E+03
1.17540E+01        7.44505738815E+03
1.17600E+01        7.43800674079E+03
1.17660E+01        7.43096608031E+03
1.17720E+01        7.42393538791E+03
1.17780E+01        7.41691464484E+03
1.17840E+01        7.40990383240E+03
1.17900E+01        7.40289586731E+03
1.17960E+01        7.39590454791E+03
1.18020E+01        7.38892342254E+03
1.18080E+01        7.38195215342E+03
1.18140E+01        7.37499072206E+03
1.18200E+01        7.36803911000E+03
1.18260E+01        7.36109729887E+03
1.18320E+01        7.35416527029E+03
1.18380E+01        7.34723599450E+03
1.18440E+01        7.34032348274E+03
1.18500E+01        7.33342038245E+03
1.18560E+01        7.32652730827E+03
1.18620E+01        7.31964392549E+03
1.18680E+01        7.31277021602E+03
1.18740E+01        7.30590616179E+03
1.18800E+01        7.29904477937E+03
1.18860E+01        7.29219998815E+03
1.18920E+01        7.28536479824E+03
1.18980E+01        7.27853887785E+03
1.19040E+01        7.27172283721E+03
1.19100E+01        7.26491634433E+03
1.19160E+01        7.25811938143E+03
1.19220E+01        7.25132501095E+03
1.19280E+01        7.24454706136E+03
1.19340E+01        7.23777858869E+03
1.19400E+01        7.23101957533E+03
1.19460E+01        7.22426969216E+03
1.19520E+01        7.21752954507E+03
1.19580E+01        7.21079880473E+03
1.19640E+01        7.20407745369E+03
1.19700E+01        7.19735860626E+03
1.19760E+01        7.19065598806E+03
1.19820E+01        7.18396270707E+03
1.19880E+01        7.17727843649E+03
1.19940E+01        7.17060377840E+03
1.20000E+01        7.16393840580E+03
1.20060E+01        7.15728230152E+03
1.20120E+01        7.15062862478E+03
1.20180E+01        7.14399101216E+03
1.20240E+01        7.13736261659E+03
1.20300E+01        7.13074311357E+03
1.20360E+01        7.12413310144E+03
1.20420E+01        7.11753225547E+03
1.20480E+01        7.11093377303E+03
1.20540E+01        7.10435121505E+03
1.20600E+01        7.09777777268E+03
1.20660E+01        7.09121312332E+03
1.20720E+01        7.08465786217E+03
1.20780E+01        7.07811166641E+03
1.20840E+01        7.07157451941E+03
1.20900E+01        7.06503966262E+03
1.20960E+01        7.05852056951E+03
1.21020E+01        7.05201047540E+03
1.21080E+01        7.04550905993E+03
1.21140E+01        7.03901691461E+03
1.21200E+01        7.03253371888E+03
1.21260E+01        7.02605275167E+03
1.21320E+01        7.01958741215E+03
1.21380E+01        7.01313097315E+03
1.21440E+01        7.00668311622E+03
1.21500E+01        7.00024442972E+03
1.21560E+01        6.99381459500E+03
1.21620E+01        6.98738692816E+03
1.21680E+01        6.98097475466E+03
1.21740E+01        6.97457138454E+03
1.21800E+01        6.96817650123E+03
1.21860E+01        6.96179068999E+03
1.21920E+01        6.95541363406E+03
1.21980E+01        6.94903868637E+03
1.22040E+01        6.94267909930E+03
1.22100E+01        6.93632821979E+03
1.22160E+01        6.92998603199E+03
1.22220E+01        6.92365222151E+03
1.22280E+01        6.91732076920E+03
1.22340E+01        6.91100456814E+03
1.22400E+01        6.90469699577E+03
1.22460E+01        6.89839803643E+03
1.22520E+01        6.89210737726E+03
1.22580E+01        6.88582559739E+03
1.22640E+01        6.87954581902E+03
1.22700E+01        6.87328116211E+03
1.22760E+01        6.86702504041E+03
1.22820E+01        6.86077743850E+03
1.22880E+01        6.85453804534E+03
1.22940E+01        6.84830090212E+03
1.23000E+01        6.84207877337E+03
1.23060E+01        6.83586510292E+03
1.23120E+01        6.82965987549E+03
1.23180E+01        6.82346278158E+03
1.23240E+01        6.81727439476E+03
1.23300E+01        6.81108790597E+03
1.23360E+01        6.80491630468E+03
1.23420E+01        6.79875307052E+03
1.23480E+01        6.79259818842E+03
1.23540E+01        6.78645135067E+03
1.23600E+01        6.78030665789E+03
1.23660E+01        6.77417674795E+03
1.23720E+01        6.76805513010E+03
1.23780E+01        6.76194178943E+03
1.23840E+01        6.75583641973E+03
1.23900E+01        6.74973314833E+03
1.23960E+01        6.74364455617E+03
1.24020E+01        6.73756418188E+03
1.24080E+01        6.73149201073E+03
1.24140E+01        6.72542773798E+03
1.24200E+01        6.71936551751E+03
1.24260E+01        6.71331787369E+03
1.24320E+01        6.70727837437E+03
1.24380E+01        6.70124700496E+03
1.24440E+01        6.69522346220E+03
1.24500E+01        6.68920192634E+03
1.24560E+01        6.68319486554E+03
1.24620E+01        6.67719587667E+03
1.24680E+01        6.67120494531E+03
1.24740E+01        6.66522176965E+03
1.24800E+01        6.65924055612E+03
1.24860E+01        6.65327371708E+03
1.24920E+01        6.64731487821E+03
1.24980E+01        6.64136402524E+03
1.25040E+01        6.63542085781E+03
1.25100E+01        6.62947960836E+03
1.25160E+01        6.62355263381E+03
1.25220E+01        6.61763358845E+03
1.25280E+01        6.61172217306E+03
1.25340E+01        6.60581894408E+03
1.25400E+01        6.59991730441E+03
1.25460E+01        6.59402984102E+03
1.25520E+01        6.58815023663E+03
1.25580E+01        6.58227819347E+03
1.25640E+01        6.57641426554E+03
1.25700E+01        6.57055188526E+03
1.25760E+01        6.56470358361E+03
1.25820E+01        6.55886307154E+03
1.25880E+01        6.55303005269E+03
1.25940E+01        6.54719883139E+03
1.26000E+01        6.54138161128E+03
1.26060E+01        6.53557212577E+03
1.26120E+01        6.52977007962E+03
1.26180E+01        6.52397602259E+03
1.26240E+01        6.51818343964E+03
1.26300E+01        6.51240476193E+03
1.26360E+01        6.50663375077E+03
1.26420E+01        6.50087011232E+03
1.26480E+01        6.49511439398E+03
1.26540E+01        6.48936010965E+03
1.26600E+01        6.48361963554E+03
1.26660E+01        6.47788648134E+03
1.26720E+01        6.47216119260E+03
1.26780E+01        6.46643730620E+03
1.26840E+01        6.46072715467E+03
1.26900E+01        6.45502454907E+03
1.26960E+01        6.44932919803E+03
1.27020E+01        6.44364164480E+03
1.27080E+01        6.43795545483E+03
1.27140E+01        6.43228290635E+03
1.27200E+01        6.42661756069E+03
1.27260E+01        6.42095995923E+03
1.27320E+01        6.41530369015E+03
1.27380E+01        6.40966098852E+03
1.27440E+01        6.40402543840E+03
1.27500E+01        6.39839757934E+03
1.27560E+01        6.39277102213E+03
1.27620E+01        6.38715795889E+03
1.27680E+01        6.38155227149E+03
1.27740E+01        6.37595367210E+03
1.27800E+01        6.37036269800E+03
1.27860E+01        6.36477298807E+03
1.27920E+01        6.35919668104E+03
1.27980E+01        6.35362741173E+03
1.28040E+01        6.34806571559E+03
1.28100E+01        6.34250525385E+03
1.28160E+01        6.33695812279E+03
1.28220E+01        6.33141797959E+03
1.28280E+01        6.32588535790E+03
1.28340E+01        6.32035394116E+03
1.28400E+01        6.31483578343E+03
1.28460E+01        6.30932456414E+03
1.28520E+01        6.30382081514E+03
1.28580E+01        6.29831824196E+03
1.28640E+01        6.29282885669E+03
1.28700E+01        6.28734636086E+03
1.28760E+01        6.28187128452E+03
1.28820E+01        6.27639735522E+03
1.28880E+01        6.27093654324E+03
1.28940E+01        6.26548257214E+03
1.29000E+01        6.26003597018E+03
1.29060E+01        6.25459048679E+03
1.29120E+01        6.24915805067E+03
1.29180E+01        6.24373240728E+03
1.29240E+01        6.23831408311E+03
1.29300E+01        6.23289684935E+03
1.29360E+01        6.22749259335E+03
1.29420E+01        6.22209508234E+03
1.29480E+01        6.21670484107E+03
1.29540E+01        6.21132158891E+03
1.29600E+01        6.20593939242E+03
1.29660E+01        6.20056982015E+03
1.29720E+01        6.19520746854E+03
1.29780E+01        6.18984615196E+03
1.29840E+01        6.18449740901E+03
1.29900E+01        6.17915585017E+03
1.29960E+01        6.17382119666E+03
1.30020E+01        6.16848755094E+03
1.30080E+01        6.16316641182E+03
1.30140E+01        6.15785240847E+03
1.30200E+01        6.15254526311E+03
1.30260E+01        6.14723909862E+03
1.30320E+01        6.14194537420E+03
1.30380E+01        6.13665873762E+03
1.30440E+01        6.13137891211E+03
1.30500E+01        6.12609977667E+03
1.30560E+01        6.12083354360E+03
1.30620E+01        6.11557408667E+03
1.30680E+01        6.11032139429E+03
1.30740E+01        6.10506936656E+03
1.30800E+01        6.09983017385E+03
1.30860E+01        6.09459771106E+03
1.30920E+01        6.08937196670E+03
1.30980E+01        6.08414686183E+03
1.31040E+01        6.07893452515E+03
1.31100E+01        6.07372887255E+03
1.31160E+01        6.06852384078E+03
1.31220E+01        6.06333152739E+03
1.31280E+01        6.05814586396E+03
1.31340E+01        6.05296683918E+03
1.31400E+01        6.04778841057E+03
1.31460E+01        6.04262263436E+03
1.31520E+01        6.03746346297E+03
1.31580E+01        6.03231088516E+03
1.31640E+01        6.02715887915E+03
1.31700E+01        6.02201946006E+03
1.31760E+01        6.01688660101E+03
1.31820E+01        6.01175429565E+03
1.31880E+01        6.00663452842E+03
1.31940E+01        6.00152128789E+03
1.32000E+01        5.99641456300E+03
1.32060E+01        5.99130836792E+03
1.32120E+01        5.98621464632E+03
1.32180E+01        5.98112740731E+03
1.32240E+01        5.97604638223E+03
1.32300E+01        5.97096637870E+03
1.32360E+01        5.96589852680E+03
1.32420E+01        5.96083685672E+03
1.32480E+01        5.95577618933E+03
1.32540E+01        5.95072762640E+03
1.32600E+01        5.94568546975E+03
1.32660E+01        5.94064945242E+03
1.32720E+01        5.93561441287E+03
1.32780E+01        5.93059141531E+03
1.32840E+01        5.92557452543E+03
1.32900E+01        5.92056424372E+03
1.32960E+01        5.91555465966E+03
1.33020E+01        5.91055705558E+03
1.33080E+01        5.90556551729E+03
1.33140E+01        5.90057491385E+03
1.33200E+01        5.89559624417E+03
1.33260E+01        5.89062360911E+03
1.33320E+01        5.88565189074E+03
1.33380E+01        5.88069206019E+03
1.33440E+01        5.87573848661E+03
1.33500E+01        5.87079090639E+03
1.33560E+01        5.86584421888E+03
1.33620E+01        5.86090935831E+03
1.33680E+01        5.85598046036E+03
1.33740E+01        5.85105243732E+03
1.33800E+01        5.84613619583E+03
1.33860E+01        5.84122588645E+03
1.33920E+01        5.83632200276E+03
1.33980E+01        5.83141871859E+03
1.34040E+01        5.82652690464E+03
1.34100E+01        5.82164148485E+03
1.34160E+01        5.81675664774E+03
1.34220E+01        5.81188323669E+03
1.34280E+01        5.80701618844E+03
1.34340E+01        5.80215524201E+03
1.34400E+01        5.79729485602E+03
1.34460E+01        5.79244583758E+03
1.34520E+01        5.78760314046E+03
1.34580E+01        5.78276098727E+03
1.34640E+01        5.77793015802E+03
1.34700E+01        5.77310561920E+03
1.34760E+01        5.76828160793E+03
1.34820E+01        5.76346887724E+03
1.34880E+01        5.75866240627E+03
1.34940E+01        5.75386193632E+03
1.35000E+01        5.74906172440E+03
1.35060E+01        5.74427323139E+03
1.35120E+01        5.73949070957E+03
1.35180E+01        5.73470867760E+03
1.35240E+01        5.72993782595E+03
1.35300E+01        5.72517316311E+03
1.35360E+01        5.72040897419E+03
1.35420E+01        5.71565592302E+03
1.35480E+01        5.71090903056E+03
1.35540E+01        5.70616804040E+03
1.35600E+01        5.70142725729E+03
1.35660E+01        5.69669804717E+03
1.35720E+01        5.69197471012E+03
1.35780E+01        5.68725156511E+03
1.35840E+01        5.68253994983E+03
1.35900E+01        5.67783417857E+03
1.35960E+01        5.67312858447E+03
1.36020E+01        5.66843447705E+03
1.36080E+01        5.66374618480E+03
1.36140E+01        5.65905805493E+03
1.36200E+01        5.65438136895E+03
1.36260E+01        5.64971046945E+03
1.36320E+01        5.64504510351E+03
1.36380E+01        5.64038036726E+03
1.36440E+01        5.63572677478E+03
1.36500E+01        5.63107868801E+03
1.36560E+01        5.62643121527E+03
1.36620E+01        5.62179484462E+03
1.36680E+01        5.61716395201E+03
1.36740E+01        5.61253365786E+03
1.36800E+01        5.60791442437E+03
1.36860E+01        5.60330064141E+03
1.36920E+01        5.59868744149E+03
1.36980E+01        5.59408526100E+03
1.37040E+01        5.58948850370E+03
1.37100E+01        5.58489231414E+03
1.37160E+01        5.58030710301E+03
1.37220E+01        5.57572728790E+03
1.37280E+01        5.57114802536E+03
1.37340E+01        5.56657970045E+03
1.37400E+01        5.56201674456E+03
1.37460E+01        5.55745432619E+03
1.37520E+01        5.55290280489E+03
1.37580E+01        5.54835662577E+03
1.37640E+01        5.54381096924E+03
1.37700E+01        5.53927616942E+03
1.37760E+01        5.53474668511E+03
1.37820E+01        5.53021770858E+03
1.37880E+01        5.52569954862E+03
1.37940E+01        5.52118667767E+03
1.38000E+01        5.51667956305E+03
1.38060E+01        5.51217269858E+03
1.38120E+01        5.50767636003E+03
1.38180E+01        5.50318049999E+03
1.38240E+01        5.49869537687E+03
1.38300E+01        5.49421549024E+03
1.38360E+01        5.48974130518E+03
1.38420E+01        5.48526710600E+03
1.38480E+01        5.48080382781E+03
1.38540E+01        5.47634076285E+03
1.38600E+01        5.47188812007E+03
1.38660E+01        5.46744113374E+03
1.38720E+01        5.46299955897E+03
1.38780E+01        5.45855794392E+03
1.38840E+01        5.45412717044E+03
1.38900E+01        5.44969658301E+03
1.38960E+01        5.44527634094E+03
1.39020E+01        5.44086170177E+03
1.39080E+01        5.43645242187E+03
1.39140E+01        5.43204307594E+03
1.39200E+01        5.42764449302E+03
1.39260E+01        5.42324606942E+03
1.39320E+01        5.41885791516E+03
1.39380E+01        5.41447531089E+03
1.39440E+01        5.41009261948E+03
1.39500E+01        5.40572062622E+03
1.39560E+01        5.40135392347E+03
1.39620E+01        5.39698712107E+03
1.39680E+01        5.39263097816E+03
1.39740E+01        5.38828010027E+03
1.39800E+01        5.38392911031E+03
1.39860E+01        5.37958874141E+03
1.39920E+01        5.37525361217E+03
1.39980E+01        5.37091835856E+03
1.40040E+01        5.36659368776E+03
