# %ECSV 0.9
# ---
# datatype:
# - {name: wavelength, unit: micron, datatype: float64}
# - {name: flux, unit: microJansky, datatype: float64}
# schema: astropy-2.0
#
#
#  - - File generated by ExoNoodle - -
#         V1.0.0 - MML (CEA-Saclay)
#       2021-03-25 15:37:33.308590
wavelength flux 
3.00000E+00        7.36952299049E+04
3.00600E+00        7.34931531649E+04
3.01200E+00        7.32918955361E+04
3.01800E+00        7.30913139108E+04
3.02400E+00        7.28914100708E+04
3.03000E+00        7.26923127268E+04
3.03600E+00        7.24939536746E+04
3.04200E+00        7.22962626631E+04
3.04800E+00        7.20993701128E+04
3.05400E+00        7.19032049260E+04
3.06000E+00        7.17077015512E+04
3.06600E+00        7.15129852221E+04
3.07200E+00        7.13189258787E+04
3.07800E+00        7.11256460268E+04
3.08400E+00        7.09330170011E+04
3.09000E+00        7.07410988690E+04
3.09600E+00        7.05499537222E+04
3.10200E+00        7.03594498820E+04
3.10800E+00        7.01696489505E+04
3.11400E+00        6.99805480547E+04
3.12000E+00        6.97922072783E+04
3.12600E+00        6.96044976978E+04
3.13200E+00        6.94174795834E+04
3.13800E+00        6.92311494327E+04
3.14400E+00        6.90455057390E+04
3.15000E+00        6.88605443565E+04
3.15600E+00        6.86762631318E+04
3.16200E+00        6.84926599125E+04
3.16800E+00        6.83097305892E+04
3.17400E+00        6.81274736798E+04
3.18000E+00        6.79458850991E+04
3.18600E+00        6.77649627278E+04
3.19200E+00        6.75846428498E+04
3.19800E+00        6.74050467107E+04
3.20400E+00        6.72261072212E+04
3.21000E+00        6.70478235772E+04
3.21600E+00        6.68701917677E+04
3.22200E+00        6.66931508446E+04
3.22800E+00        6.65168166337E+04
3.23400E+00        6.63411261329E+04
3.24000E+00        6.61660188830E+04
3.24600E+00        6.59916110590E+04
3.25200E+00        6.58178388965E+04
3.25800E+00        6.56446411656E+04
3.26400E+00        6.54721343913E+04
3.27000E+00        6.53001970568E+04
3.27600E+00        6.51289450787E+04
3.28200E+00        6.49582563424E+04
3.28800E+00        6.47882486470E+04
3.29400E+00        6.46188575504E+04
3.30000E+00        6.44500241932E+04
3.30600E+00        6.42818623721E+04
3.31200E+00        6.41142521911E+04
3.31800E+00        6.39472498140E+04
3.32400E+00        6.37809108030E+04
3.33000E+00        6.36151162074E+04
3.33600E+00        6.34499217605E+04
3.34200E+00        6.32853249296E+04
3.34800E+00        6.31213807126E+04
3.35400E+00        6.29579714043E+04
3.36000E+00        6.27951521719E+04
3.36600E+00        6.26329193237E+04
3.37200E+00        6.24712727723E+04
3.37800E+00        6.23102650274E+04
3.38400E+00        6.21497799208E+04
3.39000E+00        6.19898737059E+04
3.39600E+00        6.18305415638E+04
3.40200E+00        6.16717828350E+04
3.40800E+00        6.15135939125E+04
3.41400E+00        6.13559735561E+04
3.42000E+00        6.11989175991E+04
3.42600E+00        6.10423703632E+04
3.43200E+00        6.08864390930E+04
3.43800E+00        6.07310656487E+04
3.44400E+00        6.05762482443E+04
3.45000E+00        6.04219839430E+04
3.45600E+00        6.02682172113E+04
3.46200E+00        6.01150533732E+04
3.46800E+00        5.99624361966E+04
3.47400E+00        5.98103633603E+04
3.48000E+00        5.96587781937E+04
3.48600E+00        5.95077872503E+04
3.49200E+00        5.93572796567E+04
3.49800E+00        5.92073597367E+04
3.50400E+00        5.90579205841E+04
3.51000E+00        5.89090654271E+04
3.51600E+00        5.87606845296E+04
3.52200E+00        5.86128834238E+04
3.52800E+00        5.84655529300E+04
3.53400E+00        5.83187969378E+04
3.54000E+00        5.81725079404E+04
3.54600E+00        5.80267364399E+04
3.55200E+00        5.78815318669E+04
3.55800E+00        5.77367875384E+04
3.56400E+00        5.75925552432E+04
3.57000E+00        5.74488306060E+04
3.57600E+00        5.73056642312E+04
3.58200E+00        5.71629505110E+04
3.58800E+00        5.70207390943E+04
3.59400E+00        5.68790273036E+04
3.60000E+00        5.67378135600E+04
3.60600E+00        5.65970957478E+04
3.61200E+00        5.64568712209E+04
3.61800E+00        5.63171389622E+04
3.62400E+00        5.61779464502E+04
3.63000E+00        5.60391907312E+04
3.63600E+00        5.59009205052E+04
3.64200E+00        5.57630823761E+04
3.64800E+00        5.56257770890E+04
3.65400E+00        5.54889506087E+04
3.66000E+00        5.53526009050E+04
3.66600E+00        5.52167264846E+04
3.67200E+00        5.50813253314E+04
3.67800E+00        5.49463954384E+04
3.68400E+00        5.48119342837E+04
3.69000E+00        5.46778916370E+04
3.69600E+00        5.45443631717E+04
3.70200E+00        5.44112980291E+04
3.70800E+00        5.42786942463E+04
3.71400E+00        5.41465005424E+04
3.72000E+00        5.40148137459E+04
3.72600E+00        5.38835819580E+04
3.73200E+00        5.37528042815E+04
3.73800E+00        5.36224289201E+04
3.74400E+00        5.34925522935E+04
3.75000E+00        5.33630754301E+04
3.75600E+00        5.32340922484E+04
3.76200E+00        5.31055536628E+04
3.76800E+00        5.29774090269E+04
3.77400E+00        5.28497044608E+04
3.78000E+00        5.27224866384E+04
3.78600E+00        5.25957054484E+04
3.79200E+00        5.24693117531E+04
3.79800E+00        5.23433507405E+04
3.80400E+00        5.22178681537E+04
3.81000E+00        5.20927684223E+04
3.81600E+00        5.19681422667E+04
3.82200E+00        5.18438960752E+04
3.82800E+00        5.17201196439E+04
3.83400E+00        5.15967193239E+04
3.84000E+00        5.14737390806E+04
3.84600E+00        5.13512244143E+04
3.85200E+00        5.12290798998E+04
3.85800E+00        5.11073511595E+04
3.86400E+00        5.09860809387E+04
3.87000E+00        5.08651769439E+04
3.87600E+00        5.07446825376E+04
3.88200E+00        5.06246430818E+04
3.88800E+00        5.05049635590E+04
3.89400E+00        5.03856889706E+04
3.90000E+00        5.02668176184E+04
3.90600E+00        5.01483478121E+04
3.91200E+00        5.00302778691E+04
3.91800E+00        4.99126511012E+04
3.92400E+00        4.97953752866E+04
3.93000E+00        4.96784948111E+04
3.93600E+00        4.95620070728E+04
3.94200E+00        4.94459113755E+04
3.94800E+00        4.93302046657E+04
3.95400E+00        4.92148867313E+04
3.96000E+00        4.90999554787E+04
3.96600E+00        4.89854088258E+04
3.97200E+00        4.88712456364E+04
3.97800E+00        4.87574647770E+04
3.98400E+00        4.86440637234E+04
3.99000E+00        4.85310413583E+04
3.99600E+00        4.84183961045E+04
4.00200E+00        4.83061259311E+04
4.00800E+00        4.81942301995E+04
4.01400E+00        4.80827064330E+04
4.02000E+00        4.79715535449E+04
4.02600E+00        4.78607704518E+04
4.03200E+00        4.77503547046E+04
4.03800E+00        4.76403047801E+04
4.04400E+00        4.75306205240E+04
4.05000E+00        4.74212558685E+04
4.05600E+00        4.73122962437E+04
4.06200E+00        4.72036964102E+04
4.06800E+00        4.70954557795E+04
4.07400E+00        4.69875719666E+04
4.08000E+00        4.68800016958E+04
4.08600E+00        4.67728280912E+04
4.09200E+00        4.66660073432E+04
4.09800E+00        4.65595379947E+04
4.10400E+00        4.64533762879E+04
4.11000E+00        4.63476054913E+04
4.11600E+00        4.62421808804E+04
4.12200E+00        4.61370612154E+04
4.12800E+00        4.60323269994E+04
4.13400E+00        4.59279360229E+04
4.14000E+00        4.58238447016E+04
4.14600E+00        4.57201343201E+04
4.15200E+00        4.56167218573E+04
4.15800E+00        4.55136882305E+04
4.16400E+00        4.54109873808E+04
4.17000E+00        4.53085844771E+04
4.17600E+00        4.52065555548E+04
4.18200E+00        4.51048133717E+04
4.18800E+00        4.50034465797E+04
4.19400E+00        4.49023640184E+04
4.20000E+00        4.48016539476E+04
4.20600E+00        4.47012256227E+04
4.21200E+00        4.46011669142E+04
4.21800E+00        4.45013874907E+04
4.22400E+00        4.44019748353E+04
4.23000E+00        4.43028390276E+04
4.23600E+00        4.42040629443E+04
4.24200E+00        4.41055697376E+04
4.24800E+00        4.40074292562E+04
4.25400E+00        4.39095692225E+04
4.26000E+00        4.38120197004E+04
4.26600E+00        4.37148271806E+04
4.27200E+00        4.36179031590E+04
4.27800E+00        4.35212900324E+04
4.28400E+00        4.34249906865E+04
4.29000E+00        4.33289174740E+04
4.29600E+00        4.32298013513E+04
4.30200E+00        4.31265725387E+04
4.30800E+00        4.30383711482E+04
4.31400E+00        4.29399972961E+04
4.32000E+00        4.28458275923E+04
4.32600E+00        4.27241134385E+04
4.33200E+00        4.26566855246E+04
4.33800E+00        4.25591178109E+04
4.34400E+00        4.24564532558E+04
4.35000E+00        4.23552397914E+04
4.35600E+00        4.22716163387E+04
4.36200E+00        4.21768293731E+04
4.36800E+00        4.20819780592E+04
4.37400E+00        4.19507303440E+04
4.38000E+00        4.19059681968E+04
4.38600E+00        4.17857936720E+04
4.39200E+00        4.17220583824E+04
4.39800E+00        4.16011583024E+04
4.40400E+00        4.15363946150E+04
4.41000E+00        4.14452739384E+04
4.41600E+00        4.13427155465E+04
4.42200E+00        4.12647582994E+04
4.42800E+00        4.11776237591E+04
4.43400E+00        4.10774333423E+04
4.44000E+00        4.09791849020E+04
4.44600E+00        4.09057360717E+04
4.45200E+00        4.08184037229E+04
4.45800E+00        4.07312023983E+04
4.46400E+00        4.06444731399E+04
4.47000E+00        4.05537814961E+04
4.47600E+00        4.04645782296E+04
4.48200E+00        4.03728076083E+04
4.48800E+00        4.02838679387E+04
4.49400E+00        4.01995323214E+04
4.50000E+00        4.01074747853E+04
4.50600E+00        4.00238469157E+04
4.51200E+00        3.99422505852E+04
4.51800E+00        3.98615860726E+04
4.52400E+00        3.97381020798E+04
4.53000E+00        3.96977834171E+04
4.53600E+00        3.96127996969E+04
4.54200E+00        3.95280475562E+04
4.54800E+00        3.94471882940E+04
4.55400E+00        3.93552487692E+04
4.56000E+00        3.92741820067E+04
4.56600E+00        3.91760716341E+04
4.57200E+00        3.91071453897E+04
4.57800E+00        3.90283087858E+04
4.58400E+00        3.89348929777E+04
4.59000E+00        3.88566075933E+04
4.59600E+00        3.87775014631E+04
4.60200E+00        3.86523932051E+04
4.60800E+00        3.86133334953E+04
4.61400E+00        3.85341156644E+04
4.62000E+00        3.84356573197E+04
4.62600E+00        3.83702547272E+04
4.63200E+00        3.82969997623E+04
4.63800E+00        3.82191336321E+04
4.64400E+00        3.81319599298E+04
4.65000E+00        3.80534814251E+04
4.65600E+00        3.79885060969E+04
4.66200E+00        3.79131535623E+04
4.66800E+00        3.78251462243E+04
4.67400E+00        3.77238015798E+04
4.68000E+00        3.76638829849E+04
4.68600E+00        3.75967469213E+04
4.69200E+00        3.75090083739E+04
4.69800E+00        3.74339084216E+04
4.70400E+00        3.73630596747E+04
4.71000E+00        3.72793138566E+04
4.71600E+00        3.72018171023E+04
4.72200E+00        3.71294000630E+04
4.72800E+00        3.70514549026E+04
4.73400E+00        3.69669241288E+04
4.74000E+00        3.68958881067E+04
4.74600E+00        3.68182436914E+04
4.75200E+00        3.67471282457E+04
4.75800E+00        3.66687852984E+04
4.76400E+00        3.65745701666E+04
4.77000E+00        3.65245892954E+04
4.77600E+00        3.64430265494E+04
4.78200E+00        3.63646747348E+04
4.78800E+00        3.63022836186E+04
4.79400E+00        3.61782472830E+04
4.80000E+00        3.61431863929E+04
4.80600E+00        3.60789623263E+04
4.81200E+00        3.59779748672E+04
4.81800E+00        3.59331300851E+04
4.82400E+00        3.58384408294E+04
4.83000E+00        3.57885214471E+04
4.83600E+00        3.56767568572E+04
4.84200E+00        3.56369568397E+04
4.84800E+00        3.55731532835E+04
4.85400E+00        3.54755648440E+04
4.86000E+00        3.54284896225E+04
4.86600E+00        3.53436343392E+04
4.87200E+00        3.52816179646E+04
4.87800E+00        3.52040708234E+04
4.88400E+00        3.51190443565E+04
4.89000E+00        3.50731522019E+04
4.89600E+00        3.49971357248E+04
4.90200E+00        3.49343825520E+04
4.90800E+00        3.48478861386E+04
4.91400E+00        3.47890811776E+04
4.92000E+00        3.46659382785E+04
4.92600E+00        3.46424128879E+04
4.93200E+00        3.45688032066E+04
4.93800E+00        3.44598940448E+04
4.94400E+00        3.44404969197E+04
4.95000E+00        3.43786764310E+04
4.95600E+00        3.43052735298E+04
4.96200E+00        3.42403566540E+04
4.96800E+00        3.41576825639E+04
4.97400E+00        3.41094620455E+04
4.98000E+00        3.40130668907E+04
4.98600E+00        3.39731495698E+04
4.99200E+00        3.39024527215E+04
4.99800E+00        3.38419775470E+04
5.00400E+00        3.37683609879E+04
5.01000E+00        3.36562110582E+04
5.01600E+00        3.36304648427E+04
5.02200E+00        3.35593187001E+04
5.02800E+00        3.34910257043E+04
5.03400E+00        3.34426398867E+04
5.04000E+00        3.33539435343E+04
5.04600E+00        3.33104090210E+04
5.05200E+00        3.32385450002E+04
5.05800E+00        3.31784855997E+04
5.06400E+00        3.31108700848E+04
5.07000E+00        3.30490519827E+04
5.07600E+00        3.29900915177E+04
5.08200E+00        3.28963048047E+04
5.08800E+00        3.28624186457E+04
5.09400E+00        3.27551976927E+04
5.10000E+00        3.27322520973E+04
5.10600E+00        3.26573526991E+04
5.11200E+00        3.26058104844E+04
5.11800E+00        3.25254001367E+04
5.12400E+00        3.24767786337E+04
5.13000E+00        3.24138765674E+04
5.13600E+00        3.23556867854E+04
5.14200E+00        3.22948451319E+04
5.14800E+00        3.22307646698E+04
5.15400E+00        3.21736352762E+04
5.16000E+00        3.20835898385E+04
5.16600E+00        3.20509100683E+04
5.17200E+00        3.19740016938E+04
5.17800E+00        3.19276496418E+04
5.18400E+00        3.18553702441E+04
5.19000E+00        3.18010510193E+04
5.19600E+00        3.17433789435E+04
5.20200E+00        3.16723037700E+04
5.20800E+00        3.16114715561E+04
5.21400E+00        3.15559989987E+04
5.22000E+00        3.15025165335E+04
5.22600E+00        3.13930350589E+04
5.23200E+00        3.13203635658E+04
5.23800E+00        3.13219449075E+04
5.24400E+00        3.12593888718E+04
5.25000E+00        3.12004670734E+04
5.25600E+00        3.10851335555E+04
5.26200E+00        3.10641820695E+04
5.26800E+00        3.10222672436E+04
5.27400E+00        3.09297553845E+04
5.28000E+00        3.09048516753E+04
5.28600E+00        3.08417271710E+04
5.29200E+00        3.07774098898E+04
5.29800E+00        3.07365893067E+04
5.30400E+00        3.06713549154E+04
5.31000E+00        3.06163667438E+04
5.31600E+00        3.05436628958E+04
5.32200E+00        3.05011966450E+04
5.32800E+00        3.04486315451E+04
5.33400E+00        3.03925939947E+04
5.34000E+00        3.03238773763E+04
5.34600E+00        3.02725061404E+04
5.35200E+00        3.02155455765E+04
5.35800E+00        3.01594239586E+04
5.36400E+00        3.01090976761E+04
5.37000E+00        3.00509617041E+04
5.37600E+00        2.99974915036E+04
5.38200E+00        2.99393930291E+04
5.38800E+00        2.98679794729E+04
5.39400E+00        2.97956941503E+04
5.40000E+00        2.97755427848E+04
5.40600E+00        2.97189383072E+04
5.41200E+00        2.96563357403E+04
5.41800E+00        2.96040000728E+04
5.42400E+00        2.95517191002E+04
5.43000E+00        2.95011655808E+04
5.43600E+00        2.94457844692E+04
5.44200E+00        2.93894695076E+04
5.44800E+00        2.93378393151E+04
5.45400E+00        2.92764045490E+04
5.46000E+00        2.92229073351E+04
5.46600E+00        2.91642382681E+04
5.47200E+00        2.91135522281E+04
5.47800E+00        2.90676699301E+04
5.48400E+00        2.90150005025E+04
5.49000E+00        2.89444647289E+04
5.49600E+00        2.89091667673E+04
5.50200E+00        2.88563454611E+04
5.50800E+00        2.87976928025E+04
5.51400E+00        2.87507410152E+04
5.52000E+00        2.86983977012E+04
5.52600E+00        2.86426753446E+04
5.53200E+00        2.85912510359E+04
5.53800E+00        2.85419298218E+04
5.54400E+00        2.84871135977E+04
5.55000E+00        2.84346862588E+04
5.55600E+00        2.83861043030E+04
5.56200E+00        2.83262247128E+04
5.56800E+00        2.82458246151E+04
5.57400E+00        2.82302823925E+04
5.58000E+00        2.81375930065E+04
5.58600E+00        2.81290706573E+04
5.59200E+00        2.80778852895E+04
5.59800E+00        2.80268060410E+04
5.60400E+00        2.79643786373E+04
5.61000E+00        2.79274032006E+04
5.61600E+00        2.78761050086E+04
5.62200E+00        2.78162676373E+04
5.62800E+00        2.77769663261E+04
5.63400E+00        2.77261450519E+04
5.64000E+00        2.76565678686E+04
5.64600E+00        2.76273744431E+04
5.65200E+00        2.75779721786E+04
5.65800E+00        2.75245079550E+04
5.66400E+00        2.74793632652E+04
5.67000E+00        2.74301043951E+04
5.67600E+00        2.73784110250E+04
5.68200E+00        2.73295886237E+04
5.68800E+00        2.72835509593E+04
5.69400E+00        2.72279359505E+04
5.70000E+00        2.71853377198E+04
5.70600E+00        2.71380505357E+04
5.71200E+00        2.70896666436E+04
5.71800E+00        2.70415341079E+04
5.72400E+00        2.69936952970E+04
5.73000E+00        2.69456661354E+04
5.73600E+00        2.68960429346E+04
5.74200E+00        2.68504709533E+04
5.74800E+00        2.68028894602E+04
5.75400E+00        2.67551190010E+04
5.76000E+00        2.67083393624E+04
5.76600E+00        2.66612035407E+04
5.77200E+00        2.66126060850E+04
5.77800E+00        2.65672467695E+04
5.78400E+00        2.65205471187E+04
5.79000E+00        2.64738256709E+04
5.79600E+00        2.64271090911E+04
5.80200E+00        2.63809864681E+04
5.80800E+00        2.63346036690E+04
5.81400E+00        2.62726430221E+04
5.82000E+00        2.62424582003E+04
5.82600E+00        2.61966019462E+04
5.83200E+00        2.61507438442E+04
5.83800E+00        2.61049806498E+04
5.84400E+00        2.60595702240E+04
5.85000E+00        2.60141126970E+04
5.85600E+00        2.59683070053E+04
5.86200E+00        2.59235509034E+04
5.86800E+00        2.58783734614E+04
5.87400E+00        2.58209594057E+04
5.88000E+00        2.57885987955E+04
5.88600E+00        2.57438145275E+04
5.89200E+00        2.56992169404E+04
5.89800E+00        2.56545693595E+04
5.90400E+00        2.55978569943E+04
5.91000E+00        2.55659852326E+04
5.91600E+00        2.55214031481E+04
5.92200E+00        2.54777177043E+04
5.92800E+00        2.54337744711E+04
5.93400E+00        2.53899203606E+04
5.94000E+00        2.53462007656E+04
5.94600E+00        2.53025696273E+04
5.95200E+00        2.52590721838E+04
5.95800E+00        2.52156422368E+04
5.96400E+00        2.51721615013E+04
5.97000E+00        2.51291759146E+04
5.97600E+00        2.50861183967E+04
5.98200E+00        2.50431248203E+04
5.98800E+00        2.50002851039E+04
5.99400E+00        2.49572189899E+04
6.00000E+00        2.49092566130E+04
6.00600E+00        2.48723720332E+04
6.01200E+00        2.48299411736E+04
6.01800E+00        2.47876172874E+04
6.02400E+00        2.47454223039E+04
6.03000E+00        2.47033136269E+04
6.03600E+00        2.46613085076E+04
6.04200E+00        2.46194089591E+04
6.04800E+00        2.45776146342E+04
6.05400E+00        2.45359472803E+04
6.06000E+00        2.44943623290E+04
6.06600E+00        2.44528815681E+04
6.07200E+00        2.44114850045E+04
6.07800E+00        2.43702555220E+04
6.08400E+00        2.43290633403E+04
6.09000E+00        2.42879740647E+04
6.09600E+00        2.42470746903E+04
6.10200E+00        2.42062118678E+04
6.10800E+00        2.41641041045E+04
6.11400E+00        2.41247936755E+04
6.12000E+00        2.40842353368E+04
6.12600E+00        2.40437778331E+04
6.13200E+00        2.40034424493E+04
6.13800E+00        2.39631855959E+04
6.14400E+00        2.39230285968E+04
6.15000E+00        2.38827153514E+04
6.15600E+00        2.38430366090E+04
6.16200E+00        2.38010124939E+04
6.16800E+00        2.37634163397E+04
6.17400E+00        2.37237537327E+04
6.18000E+00        2.36841890532E+04
6.18600E+00        2.36447219844E+04
6.19200E+00        2.36053734653E+04
6.19800E+00        2.35661028861E+04
6.20400E+00        2.35269267227E+04
6.21000E+00        2.34878469156E+04
6.21600E+00        2.34488631544E+04
6.22200E+00        2.34099751298E+04
6.22800E+00        2.33712035770E+04
6.23400E+00        2.33325060677E+04
6.24000E+00        2.32938846237E+04
6.24600E+00        2.32553974120E+04
6.25200E+00        2.32169834351E+04
6.25800E+00        2.31786633645E+04
6.26400E+00        2.31404368993E+04
6.27000E+00        2.31023037399E+04
6.27600E+00        2.30642843542E+04
6.28200E+00        2.30263368775E+04
6.28800E+00        2.29884840081E+04
6.29400E+00        2.29507210602E+04
6.30000E+00        2.29130499371E+04
6.30600E+00        2.28754703459E+04
6.31200E+00        2.28379819952E+04
6.31800E+00        2.28006051233E+04
6.32400E+00        2.27632983496E+04
6.33000E+00        2.27260819484E+04
6.33600E+00        2.26889577975E+04
6.34200E+00        2.26516765399E+04
6.34800E+00        2.26149742723E+04
6.35400E+00        2.25781164978E+04
6.36000E+00        2.25413476716E+04
6.36600E+00        2.25046675119E+04
6.37200E+00        2.24680757385E+04
6.37800E+00        2.24315944084E+04
6.38400E+00        2.23951382072E+04
6.39000E+00        2.23588099497E+04
6.39600E+00        2.23226091630E+04
6.40200E+00        2.22864551153E+04
6.40800E+00        2.22503877938E+04
6.41400E+00        2.22144069254E+04
6.42000E+00        2.21785122382E+04
6.42600E+00        2.21427055743E+04
6.43200E+00        2.21069824347E+04
6.43800E+00        2.20713446669E+04
6.44400E+00        2.20357920032E+04
6.45000E+00        2.20003241769E+04
6.45600E+00        2.19649409222E+04
6.46200E+00        2.19296419744E+04
6.46800E+00        2.18944467820E+04
6.47400E+00        2.18593177123E+04
6.48000E+00        2.18242700726E+04
6.48600E+00        2.17893056915E+04
6.49200E+00        2.17544243091E+04
6.49800E+00        2.17196256669E+04
6.50400E+00        2.16849095073E+04
6.51000E+00        2.16502755735E+04
6.51600E+00        2.16157256722E+04
6.52200E+00        2.15812359910E+04
6.52800E+00        2.15468666308E+04
6.53400E+00        2.15125590498E+04
6.54000E+00        2.14783324258E+04
6.54600E+00        2.14441865081E+04
6.55200E+00        2.14101210466E+04
6.55800E+00        2.13761378320E+04
6.56400E+00        2.13422325338E+04
6.57000E+00        2.13084069479E+04
6.57600E+00        2.12746608281E+04
6.58200E+00        2.12409939291E+04
6.58800E+00        2.12074060068E+04
6.59400E+00        2.11738988378E+04
6.60000E+00        2.11404681363E+04
6.60600E+00        2.11071156840E+04
6.61200E+00        2.10738412403E+04
6.61800E+00        2.10406445657E+04
6.62400E+00        2.10075254212E+04
6.63000E+00        2.09744855701E+04
6.63600E+00        2.09415207700E+04
6.64200E+00        2.09086327890E+04
6.64800E+00        2.08758401858E+04
6.65400E+00        2.08431051089E+04
6.66000E+00        2.08104481337E+04
6.66600E+00        2.07778650535E+04
6.67200E+00        2.07453576252E+04
6.67800E+00        2.07129256180E+04
6.68400E+00        2.06805688019E+04
6.69000E+00        2.06482869478E+04
6.69600E+00        2.06160632347E+04
6.70200E+00        2.05839491773E+04
6.70800E+00        2.05518908400E+04
6.71400E+00        2.05199065568E+04
6.72000E+00        2.04879980575E+04
6.72600E+00        2.04561612057E+04
6.73200E+00        2.04243977358E+04
6.73800E+00        2.03927074256E+04
6.74400E+00        2.03610900535E+04
6.75000E+00        2.03295473384E+04
6.75600E+00        2.02980751782E+04
6.76200E+00        2.02666752965E+04
6.76800E+00        2.02353474749E+04
6.77400E+00        2.02040934237E+04
6.78000E+00        2.01728909077E+04
6.78600E+00        2.01417961225E+04
6.79200E+00        2.01107543723E+04
6.79800E+00        2.00797674424E+04
6.80400E+00        2.00488674656E+04
6.81000E+00        2.00180560642E+04
6.81600E+00        1.99872969574E+04
6.82200E+00        1.99565919211E+04
6.82800E+00        1.99259728924E+04
6.83400E+00        1.98954235757E+04
6.84000E+00        1.98649456574E+04
6.84600E+00        1.98345351362E+04
6.85200E+00        1.98041937030E+04
6.85800E+00        1.97739211513E+04
6.86400E+00        1.97437191589E+04
6.87000E+00        1.97135837509E+04
6.87600E+00        1.96835166095E+04
6.88200E+00        1.96535175313E+04
6.88800E+00        1.96235881857E+04
6.89400E+00        1.95937246235E+04
6.90000E+00        1.95639285186E+04
6.90600E+00        1.95342015341E+04
6.91200E+00        1.95045397401E+04
6.91800E+00        1.94749448041E+04
6.92400E+00        1.94454165277E+04
6.93000E+00        1.94159565658E+04
6.93600E+00        1.93865610139E+04
6.94200E+00        1.93572315311E+04
6.94800E+00        1.93279697658E+04
6.95400E+00        1.92987718327E+04
6.96000E+00        1.92696393846E+04
6.96600E+00        1.92405549082E+04
6.97200E+00        1.92115547096E+04
6.97800E+00        1.91826175825E+04
6.98400E+00        1.91537451712E+04
6.99000E+00        1.91249391097E+04
6.99600E+00        1.90961955565E+04
7.00200E+00        1.90675161496E+04
7.00800E+00        1.90389025169E+04
7.01400E+00        1.90103508353E+04
7.02000E+00        1.89818627368E+04
7.02600E+00        1.89534380349E+04
7.03200E+00        1.89250783493E+04
7.03800E+00        1.88967798813E+04
7.04400E+00        1.88685442547E+04
7.05000E+00        1.88403730831E+04
7.05600E+00        1.88122625860E+04
7.06200E+00        1.87841974725E+04
7.06800E+00        1.87562131925E+04
7.07400E+00        1.87282890497E+04
7.08000E+00        1.87004266556E+04
7.08600E+00        1.86726276118E+04
7.09200E+00        1.86448881737E+04
7.09800E+00        1.86172099468E+04
7.10400E+00        1.85895945267E+04
7.11000E+00        1.85620381866E+04
7.11600E+00        1.85345425259E+04
7.12200E+00        1.85071091342E+04
7.12800E+00        1.84797176683E+04
7.13400E+00        1.84524030145E+04
7.14000E+00        1.84251483400E+04
7.14600E+00        1.83979552262E+04
7.15200E+00        1.83708199876E+04
7.15800E+00        1.83437442095E+04
7.16400E+00        1.83167294677E+04
7.17000E+00        1.82897720939E+04
7.17600E+00        1.82628736675E+04
7.18200E+00        1.82360193439E+04
7.18800E+00        1.82092383252E+04
7.19400E+00        1.81825157462E+04
7.20000E+00        1.81558531709E+04
7.20600E+00        1.81292469655E+04
7.21200E+00        1.81026986976E+04
7.21800E+00        1.80762099252E+04
7.22400E+00        1.80497770315E+04
7.23000E+00        1.80233853554E+04
7.23600E+00        1.79970672020E+04
7.24200E+00        1.79708078750E+04
7.24800E+00        1.79446037799E+04
7.25400E+00        1.79184564708E+04
7.26000E+00        1.78923674922E+04
7.26600E+00        1.78663332667E+04
7.27200E+00        1.78403553422E+04
7.27800E+00        1.78144352579E+04
7.28400E+00        1.77885534412E+04
7.29000E+00        1.77627434804E+04
7.29600E+00        1.77369891823E+04
7.30200E+00        1.77112920781E+04
7.30800E+00        1.76856486285E+04
7.31400E+00        1.76600603686E+04
7.32000E+00        1.76345129513E+04
7.32600E+00        1.76090346218E+04
7.33200E+00        1.75836110137E+04
7.33800E+00        1.75582419722E+04
7.34400E+00        1.75329290151E+04
7.35000E+00        1.75076686415E+04
7.35600E+00        1.74824466373E+04
7.36200E+00        1.74572960085E+04
7.36800E+00        1.74321975120E+04
7.37400E+00        1.74071526635E+04
7.38000E+00        1.73821613119E+04
7.38600E+00        1.73572249622E+04
7.39200E+00        1.73323245504E+04
7.39800E+00        1.73074928076E+04
7.40400E+00        1.72827139620E+04
7.41000E+00        1.72579895113E+04
7.41600E+00        1.72333160126E+04
7.42200E+00        1.72086794783E+04
7.42800E+00        1.71841107609E+04
7.43400E+00        1.71595958396E+04
7.44000E+00        1.71351312925E+04
7.44600E+00        1.71107186133E+04
7.45200E+00        1.70863422784E+04
7.45800E+00        1.70620345496E+04
7.46400E+00        1.70377766252E+04
7.47000E+00        1.70135699914E+04
7.47600E+00        1.69893992142E+04
7.48200E+00        1.69652947548E+04
7.48800E+00        1.69412427742E+04
7.49400E+00        1.69172398969E+04
7.50000E+00        1.68932875997E+04
7.50600E+00        1.68693705594E+04
7.51200E+00        1.68455206298E+04
7.51800E+00        1.68217192510E+04
7.52400E+00        1.67979678930E+04
7.53000E+00        1.67742513197E+04
7.53600E+00        1.67505996088E+04
7.54200E+00        1.67269990994E+04
7.54800E+00        1.67034464611E+04
7.55400E+00        1.66799281425E+04
7.56000E+00        1.66564740529E+04
7.56600E+00        1.66330706096E+04
7.57200E+00        1.66097145019E+04
7.57800E+00        1.65863922556E+04
7.58400E+00        1.65631336131E+04
7.59000E+00        1.65399234915E+04
7.59600E+00        1.65167617571E+04
7.60200E+00        1.64936350057E+04
7.60800E+00        1.64705696656E+04
7.61400E+00        1.64475523147E+04
7.62000E+00        1.64245828213E+04
7.62600E+00        1.64016462926E+04
7.63200E+00        1.63787737035E+04
7.63800E+00        1.63559470148E+04
7.64400E+00        1.63331676609E+04
7.65000E+00        1.63104208331E+04
7.65600E+00        1.62877357811E+04
7.66200E+00        1.62650976766E+04
7.66800E+00        1.62424933225E+04
7.67400E+00        1.62199487468E+04
7.68000E+00        1.61974507351E+04
7.68600E+00        1.61749991604E+04
7.69200E+00        1.61525793593E+04
7.69800E+00        1.61302202997E+04
7.70400E+00        1.61079088353E+04
7.71000E+00        1.60856272891E+04
7.71600E+00        1.60634060483E+04
7.72200E+00        1.60412304917E+04
7.72800E+00        1.60190860786E+04
7.73400E+00        1.59970015388E+04
7.74000E+00        1.59749638361E+04
7.74600E+00        1.59529554411E+04
7.75200E+00        1.59310064914E+04
7.75800E+00        1.59091024881E+04
7.76400E+00        1.58872290118E+04
7.77000E+00        1.58654145568E+04
7.77600E+00        1.58436446848E+04
7.78200E+00        1.58219065454E+04
7.78800E+00        1.58002254964E+04
7.79400E+00        1.57785886706E+04
7.80000E+00        1.57569817683E+04
7.80600E+00        1.57354330515E+04
7.81200E+00        1.57139282018E+04
7.81800E+00        1.56924529787E+04
7.82400E+00        1.56710370236E+04
7.83000E+00        1.56496630863E+04
7.83600E+00        1.56283184820E+04
7.84200E+00        1.56070312428E+04
7.84800E+00        1.55857871689E+04
7.85400E+00        1.55645721375E+04
7.86000E+00        1.55434140669E+04
7.86600E+00        1.55223002963E+04
7.87200E+00        1.55012137983E+04
7.87800E+00        1.54801838605E+04
7.88400E+00        1.54591824877E+04
7.89000E+00        1.54382374101E+04
7.89600E+00        1.54173345835E+04
7.90200E+00        1.53964600396E+04
7.90800E+00        1.53756428629E+04
7.91400E+00        1.53548661322E+04
7.92000E+00        1.53341174048E+04
7.92600E+00        1.53134241875E+04
7.93200E+00        1.52927587888E+04
7.93800E+00        1.52721486417E+04
7.94400E+00        1.52515798553E+04
7.95000E+00        1.52310386130E+04
7.95600E+00        1.52105522376E+04
7.96200E+00        1.51901083436E+04
7.96800E+00        1.51696902716E+04
7.97400E+00        1.51493266853E+04
7.98000E+00        1.51289901922E+04
7.98600E+00        1.51087079327E+04
7.99200E+00        1.50884525882E+04
7.99800E+00        1.50682512266E+04
8.00400E+00        1.50480901450E+04
8.01000E+00        1.50279557134E+04
8.01600E+00        1.50078748918E+04
8.02200E+00        1.49878219746E+04
8.02800E+00        1.49678209892E+04
8.03400E+00        1.49478597566E+04
8.04000E+00        1.49279247387E+04
8.04600E+00        1.49080427166E+04
8.05200E+00        1.48881867372E+04
8.05800E+00        1.48683835105E+04
8.06400E+00        1.48486061558E+04
8.07000E+00        1.48288813123E+04
8.07600E+00        1.48091954977E+04
8.08200E+00        1.47895353010E+04
8.08800E+00        1.47699272560E+04
8.09400E+00        1.47503460678E+04
8.10000E+00        1.47308153848E+04
8.10600E+00        1.47113099852E+04
8.11200E+00        1.46918562630E+04
8.11800E+00        1.46724276587E+04
8.12400E+00        1.46530504968E+04
8.13000E+00        1.46337114569E+04
8.13600E+00        1.46143972887E+04
8.14200E+00        1.45951342131E+04
8.14800E+00        1.45758958466E+04
8.15400E+00        1.45567083413E+04
8.16000E+00        1.45375453835E+04
8.16600E+00        1.45184344414E+04
8.17200E+00        1.44993465001E+04
8.17800E+00        1.44803089612E+04
8.18400E+00        1.44612956501E+04
8.19000E+00        1.44423325141E+04
8.19600E+00        1.44233934478E+04
8.20200E+00        1.44045043308E+04
8.20800E+00        1.43856520714E+04
8.21400E+00        1.43668236465E+04
8.22000E+00        1.43480448344E+04
8.22600E+00        1.43292897013E+04
8.23200E+00        1.43105839586E+04
8.23800E+00        1.42919017404E+04
8.24400E+00        1.42732686913E+04
8.25000E+00        1.42546603729E+04
8.25600E+00        1.42360996426E+04
8.26200E+00        1.42175621312E+04
8.26800E+00        1.41990733505E+04
8.27400E+00        1.41806076375E+04
8.28000E+00        1.41621904379E+04
8.28600E+00        1.41437961558E+04
8.29200E+00        1.41254501712E+04
8.29800E+00        1.41071269549E+04
8.30400E+00        1.40888518213E+04
8.31000E+00        1.40705993081E+04
8.31600E+00        1.40523946641E+04
8.32200E+00        1.40342124932E+04
8.32800E+00        1.40160779795E+04
8.33400E+00        1.39979657928E+04
8.34000E+00        1.39799010524E+04
8.34600E+00        1.39618584939E+04
8.35200E+00        1.39438631719E+04
8.35800E+00        1.39258912159E+04
8.36400E+00        1.39079649582E+04
8.37000E+00        1.38900605953E+04
8.37600E+00        1.38721905707E+04
8.38200E+00        1.38543672639E+04
8.38800E+00        1.38365656390E+04
8.39400E+00        1.38188105265E+04
8.40000E+00        1.38010769552E+04
8.40600E+00        1.37833896922E+04
8.41200E+00        1.37657238306E+04
8.41800E+00        1.37481040744E+04
8.42400E+00        1.37305055808E+04
8.43000E+00        1.37129529908E+04
8.43600E+00        1.36954215257E+04
8.44200E+00        1.36779357634E+04
8.44800E+00        1.36604709892E+04
8.45400E+00        1.36430394423E+04
8.46000E+00        1.36256532998E+04
8.46600E+00        1.36082879415E+04
8.47200E+00        1.35909677899E+04
8.47800E+00        1.35736682880E+04
8.48400E+00        1.35564137961E+04
8.49000E+00        1.35391798204E+04
8.49600E+00        1.35219906594E+04
8.50200E+00        1.35048218816E+04
8.50800E+00        1.34876977244E+04
8.51400E+00        1.34705938185E+04
8.52000E+00        1.34535222347E+04
8.52600E+00        1.34364949821E+04
8.53200E+00        1.34194877847E+04
8.53800E+00        1.34025247272E+04
8.54400E+00        1.33855815952E+04
8.55000E+00        1.33686836876E+04
8.55600E+00        1.33518030271E+04
8.56200E+00        1.33349566747E+04
8.56800E+00        1.33181527153E+04
8.57400E+00        1.33013683610E+04
8.58000E+00        1.32846274853E+04
8.58600E+00        1.32679060881E+04
8.59200E+00        1.32512160598E+04
8.59800E+00        1.32345692306E+04
8.60400E+00        1.32179416917E+04
8.61000E+00        1.32013571670E+04
8.61600E+00        1.31847918080E+04
8.62200E+00        1.31682574310E+04
8.62800E+00        1.31517657929E+04
8.63400E+00        1.31352931353E+04
8.64000E+00        1.31188630343E+04
8.64600E+00        1.31024517914E+04
8.65200E+00        1.30860829239E+04
8.65800E+00        1.30697327928E+04
8.66400E+00        1.30534131120E+04
8.67000E+00        1.30371355367E+04
8.67600E+00        1.30208765170E+04
8.68200E+00        1.30046594242E+04
8.68800E+00        1.29884607672E+04
8.69400E+00        1.29722921877E+04
8.70000E+00        1.29561652691E+04
8.70600E+00        1.29400566083E+04
8.71200E+00        1.29239894325E+04
8.71800E+00        1.29079403969E+04
8.72400E+00        1.28919210715E+04
8.73000E+00        1.28759429687E+04
8.73600E+00        1.28599828311E+04
8.74200E+00        1.28440521861E+04
8.74800E+00        1.28281625036E+04
8.75400E+00        1.28122906131E+04
8.76000E+00        1.27964595130E+04
8.76600E+00        1.27806460904E+04
8.77200E+00        1.27648618020E+04
8.77800E+00        1.27491180475E+04
8.78400E+00        1.27333918002E+04
8.79000E+00        1.27176944745E+04
8.79600E+00        1.27020374286E+04
8.80200E+00        1.26863977211E+04
8.80800E+00        1.26707981251E+04
8.81400E+00        1.26552157561E+04
8.82000E+00        1.26396619588E+04
8.82600E+00        1.26241480224E+04
8.83200E+00        1.26086511470E+04
8.83800E+00        1.25931826360E+04
8.84400E+00        1.25777537373E+04
8.85000E+00        1.25623417353E+04
8.85600E+00        1.25469578922E+04
8.86200E+00        1.25316134149E+04
8.86800E+00        1.25162856717E+04
8.87400E+00        1.25009971311E+04
8.88000E+00        1.24857252171E+04
8.88600E+00        1.24704811235E+04
8.89200E+00        1.24552759895E+04
8.89800E+00        1.24400873221E+04
8.90400E+00        1.24249262744E+04
8.91000E+00        1.24098039454E+04
8.91600E+00        1.23946979245E+04
8.92200E+00        1.23796181441E+04
8.92800E+00        1.23645792041E+04
8.93400E+00        1.23495552350E+04
8.94000E+00        1.23345584897E+04
8.94600E+00        1.23195999870E+04
8.95200E+00        1.23046574802E+04
8.95800E+00        1.22897420019E+04
8.96400E+00        1.22748645312E+04
8.97000E+00        1.22600017336E+04
8.97600E+00        1.22451681090E+04
8.98200E+00        1.22303699236E+04
8.98800E+00        1.22155885956E+04
8.99400E+00        1.22008339106E+04
9.00000E+00        1.21861167690E+04
9.00600E+00        1.21714151663E+04
9.01200E+00        1.21567400165E+04
9.01800E+00        1.21421021807E+04
9.02400E+00        1.21274797346E+04
9.03000E+00        1.21128835528E+04
9.03600E+00        1.20983244577E+04
9.04200E+00        1.20837806044E+04
9.04800E+00        1.20692628285E+04
9.05400E+00        1.20547819139E+04
9.06000E+00        1.20403172426E+04
9.06600E+00        1.20258773142E+04
9.07200E+00        1.20114740234E+04
9.07800E+00        1.19970845389E+04
9.08400E+00        1.19827219085E+04
9.09000E+00        1.19683849261E+04
9.09600E+00        1.19540842858E+04
9.10200E+00        1.19397984047E+04
9.10800E+00        1.19255391271E+04
9.11400E+00        1.19113148339E+04
9.12000E+00        1.18971051580E+04
9.12600E+00        1.18829207689E+04
9.13200E+00        1.18687711532E+04
9.13800E+00        1.18546382778E+04
9.14400E+00        1.18405293793E+04
9.15000E+00        1.18264561700E+04
9.15600E+00        1.18123972987E+04
9.16200E+00        1.17983633592E+04
9.16800E+00        1.17843542929E+04
9.17400E+00        1.17703806308E+04
9.18000E+00        1.17564211234E+04
9.18600E+00        1.17424863145E+04
9.19200E+00        1.17285866982E+04
9.19800E+00        1.17147011005E+04
9.20400E+00        1.17008400283E+04
9.21000E+00        1.16870139385E+04
9.21600E+00        1.16732017328E+04
9.22200E+00        1.16594138810E+04
9.22800E+00        1.16456503261E+04
9.23400E+00        1.16319214762E+04
9.24000E+00        1.16182063329E+04
9.24600E+00        1.16045153170E+04
9.25200E+00        1.15908587999E+04
9.25800E+00        1.15772158578E+04
9.26400E+00        1.15635968749E+04
9.27000E+00        1.15500017953E+04
9.27600E+00        1.15364409424E+04
9.28200E+00        1.15228934909E+04
9.28800E+00        1.15093697767E+04
9.29400E+00        1.14958800867E+04
9.30000E+00        1.14824036695E+04
9.30600E+00        1.14689508247E+04
9.31200E+00        1.14555214977E+04
9.31800E+00        1.14421259277E+04
9.32400E+00        1.14287434609E+04
9.33000E+00        1.14153843489E+04
9.33600E+00        1.14020587955E+04
9.34200E+00        1.13887462194E+04
9.34800E+00        1.13754579211E+04
9.35400E+00        1.13621916769E+04
9.36000E+00        1.13489587289E+04
9.36600E+00        1.13357385923E+04
9.37200E+00        1.13225414358E+04
9.37800E+00        1.13093672065E+04
9.38400E+00        1.12962260141E+04
9.39000E+00        1.12830974692E+04
9.39600E+00        1.12699916937E+04
9.40200E+00        1.12569086351E+04
9.40800E+00        1.12438583567E+04
9.41400E+00        1.12308205640E+04
9.42000E+00        1.12178053324E+04
9.42600E+00        1.12048226900E+04
9.43200E+00        1.11918524135E+04
9.43800E+00        1.11789056091E+04
9.44400E+00        1.11659800925E+04
9.45000E+00        1.11530869132E+04
9.45600E+00        1.11402059417E+04
9.46200E+00        1.11273471721E+04
9.46800E+00        1.11145105537E+04
9.47400E+00        1.11017060232E+04
9.48000E+00        1.10889135442E+04
9.48600E+00        1.10761430652E+04
9.49200E+00        1.10633945361E+04
9.49800E+00        1.10506778481E+04
9.50400E+00        1.10379730574E+04
9.51000E+00        1.10252911181E+04
9.51600E+00        1.10126397843E+04
9.52200E+00        1.10000002333E+04
9.52800E+00        1.09873823344E+04
9.53400E+00        1.09747860383E+04
9.54000E+00        1.09622211577E+04
9.54600E+00        1.09496679091E+04
9.55200E+00        1.09371361168E+04
9.55800E+00        1.09246257322E+04
9.56400E+00        1.09121465232E+04
9.57000E+00        1.08996787973E+04
9.57600E+00        1.08872333721E+04
9.58200E+00        1.08748081223E+04
9.58800E+00        1.08624040392E+04
9.59400E+00        1.08500308355E+04
9.60000E+00        1.08376689314E+04
9.60600E+00        1.08253280511E+04
9.61200E+00        1.08130081470E+04
9.61800E+00        1.08007188882E+04
9.62400E+00        1.07884407842E+04
9.63000E+00        1.07761835151E+04
9.63600E+00        1.07639470341E+04
9.64200E+00        1.07517409666E+04
9.64800E+00        1.07395469347E+04
9.65400E+00        1.07273725261E+04
9.66000E+00        1.07152187194E+04
9.66600E+00        1.07030950968E+04
9.67200E+00        1.06909823448E+04
9.67800E+00        1.06788900565E+04
9.68400E+00        1.06668181861E+04
9.69000E+00        1.06547666879E+04
9.69600E+00        1.06427450903E+04
9.70200E+00        1.06307341892E+04
9.70800E+00        1.06187435239E+04
9.71400E+00        1.06067740606E+04
9.72000E+00        1.05948237306E+04
9.72600E+00        1.05829030212E+04
9.73200E+00        1.05709928371E+04
9.73800E+00        1.05591026641E+04
9.74400E+00        1.05472324577E+04
9.75000E+00        1.05353916507E+04
9.75600E+00        1.05235612337E+04
9.76200E+00        1.05117506503E+04
9.76800E+00        1.04999598566E+04
9.77400E+00        1.04881888084E+04
9.78000E+00        1.04764478849E+04
9.78600E+00        1.04647161849E+04
9.79200E+00        1.04530040994E+04
9.79800E+00        1.04413115848E+04
9.80400E+00        1.04296385980E+04
9.81000E+00        1.04179944670E+04
9.81600E+00        1.04063603953E+04
9.82200E+00        1.03947457219E+04
9.82800E+00        1.03831504040E+04
9.83400E+00        1.03715753875E+04
9.84000E+00        1.03600279704E+04
9.84600E+00        1.03484904511E+04
9.85200E+00        1.03369721168E+04
9.85800E+00        1.03254729254E+04
9.86400E+00        1.03139928346E+04
9.87000E+00        1.03025410698E+04
9.87600E+00        1.02910990437E+04
9.88200E+00        1.02796759924E+04
9.88800E+00        1.02682728531E+04
9.89400E+00        1.02568876252E+04
9.90000E+00        1.02455304634E+04
9.90600E+00        1.02341828838E+04
9.91200E+00        1.02228540714E+04
9.91800E+00        1.02115439852E+04
9.92400E+00        1.02002525841E+04
9.93000E+00        1.01889889925E+04
9.93600E+00        1.01777348287E+04
9.94200E+00        1.01665001968E+04
9.94800E+00        1.01552831167E+04
9.95400E+00        1.01440845182E+04
9.96000E+00        1.01329043608E+04
9.96600E+00        1.01217517091E+04
9.97200E+00        1.01106083033E+04
9.97800E+00        1.00994832183E+04
9.98400E+00        1.00883764140E+04
9.99000E+00        1.00772878507E+04
9.99600E+00        1.00662184482E+04
1.00020E+01        1.00551752914E+04
1.00080E+01        1.00441412019E+04
1.00140E+01        1.00331251951E+04
1.00200E+01        1.00221272317E+04
1.00260E+01        1.00111472726E+04
1.00320E+01        1.00001942737E+04
1.00380E+01        9.98925019592E+03
1.00440E+01        9.97832495659E+03
1.00500E+01        9.96741661347E+03
1.00560E+01        9.95652608018E+03
1.00620E+01        9.94565331815E+03
1.00680E+01        9.93480722531E+03
1.00740E+01        9.92396988075E+03
1.00800E+01        9.91315019240E+03
1.00860E+01        9.90234812210E+03
1.00920E+01        9.89156457475E+03
1.00980E+01        9.88079762548E+03
1.01040E+01        9.87005705851E+03
1.01100E+01        9.85932507026E+03
1.01160E+01        9.84861051085E+03
1.01220E+01        9.83791334274E+03
1.01280E+01        9.82723352850E+03
1.01340E+01        9.81657103077E+03
1.01400E+01        9.80592674710E+03
1.01460E+01        9.79530758056E+03
1.01520E+01        9.78469679877E+03
1.01580E+01        9.77410318516E+03
1.01640E+01        9.76352670287E+03
1.01700E+01        9.75296731515E+03
1.01760E+01        9.74242498537E+03
1.01820E+01        9.73190843066E+03
1.01880E+01        9.72140009771E+03
1.01940E+01        9.71090963905E+03
1.02000E+01        9.70043516601E+03
1.02060E+01        9.68997756913E+03
1.02120E+01        9.67953681234E+03
1.02180E+01        9.66911285968E+03
1.02240E+01        9.65871436305E+03
1.02300E+01        9.64832390173E+03
1.02360E+01        9.63795013721E+03
1.02420E+01        9.62759395165E+03
1.02480E+01        9.61725347304E+03
1.02540E+01        9.60692958474E+03
1.02600E+01        9.59662225143E+03
1.02660E+01        9.58633143790E+03
1.02720E+01        9.57606572240E+03
1.02780E+01        9.56580783390E+03
1.02840E+01        9.55556636011E+03
1.02900E+01        9.54534126617E+03
1.02960E+01        9.53513342626E+03
1.03020E+01        9.52494098689E+03
1.03080E+01        9.51476482338E+03
1.03140E+01        9.50461345030E+03
1.03200E+01        9.49446972606E+03
1.03260E+01        9.48434217453E+03
1.03320E+01        9.47423076150E+03
1.03380E+01        9.46413545287E+03
1.03440E+01        9.45405621460E+03
1.03500E+01        9.44399301275E+03
1.03560E+01        9.43394671276E+03
1.03620E+01        9.42392395772E+03
1.03680E+01        9.41390865242E+03
1.03740E+01        9.40390924870E+03
1.03800E+01        9.39392571304E+03
1.03860E+01        9.38395801205E+03
1.03920E+01        9.37400611240E+03
1.03980E+01        9.36406998087E+03
1.04040E+01        9.35414958429E+03
1.04100E+01        9.34424578033E+03
1.04160E+01        9.33436514938E+03
1.04220E+01        9.32449174984E+03
1.04280E+01        9.31463395355E+03
1.04340E+01        9.30479172779E+03
1.04400E+01        9.29496503993E+03
1.04460E+01        9.28515385743E+03
1.04520E+01        9.27535814782E+03
1.04580E+01        9.26557787873E+03
1.04640E+01        9.25581301786E+03
1.04700E+01        9.24606353301E+03
1.04760E+01        9.23633857995E+03
1.04820E+01        9.22661974115E+03
1.04880E+01        9.21691618225E+03
1.04940E+01        9.20722787138E+03
1.05000E+01        9.19755477674E+03
1.05060E+01        9.18789686662E+03
1.05120E+01        9.17825410939E+03
1.05180E+01        9.16862647351E+03
1.05240E+01        9.15901392751E+03
1.05300E+01        9.14942466924E+03
1.05360E+01        9.13984220030E+03
1.05420E+01        9.13027472735E+03
1.05480E+01        9.12072308863E+03
1.05540E+01        9.11118551339E+03
1.05600E+01        9.10166284096E+03
1.05660E+01        9.09215504043E+03
1.05720E+01        9.08266208098E+03
1.05780E+01        9.07318393188E+03
1.05840E+01        9.06372056245E+03
1.05900E+01        9.05427194211E+03
1.05960E+01        9.04483804037E+03
1.06020E+01        9.03541882679E+03
1.06080E+01        9.02602238915E+03
1.06140E+01        9.01663245247E+03
1.06200E+01        9.00725797172E+03
1.06260E+01        8.99789719876E+03
1.06320E+01        8.98855096302E+03
1.06380E+01        8.97921923453E+03
1.06440E+01        8.96990198341E+03
1.06500E+01        8.96059917985E+03
1.06560E+01        8.95131079411E+03
1.06620E+01        8.94203679656E+03
1.06680E+01        8.93277715759E+03
1.06740E+01        8.92353184772E+03
1.06800E+01        8.91430083751E+03
1.06860E+01        8.90509210686E+03
1.06920E+01        8.89588959971E+03
1.06980E+01        8.88670130440E+03
1.07040E+01        8.87752719180E+03
1.07100E+01        8.86836723286E+03
1.07160E+01        8.85922139859E+03
1.07220E+01        8.85008966010E+03
1.07280E+01        8.84097198853E+03
1.07340E+01        8.83186919698E+03
1.07400E+01        8.82277957221E+03
1.07460E+01        8.81370392832E+03
1.07520E+01        8.80464223676E+03
1.07580E+01        8.79559446907E+03
1.07640E+01        8.78656059685E+03
1.07700E+01        8.77754059177E+03
1.07760E+01        8.76853442559E+03
1.07820E+01        8.75954207011E+03
1.07880E+01        8.75056349723E+03
1.07940E+01        8.74159867891E+03
1.08000E+01        8.73265544119E+03
1.08060E+01        8.72371804011E+03
1.08120E+01        8.71479430992E+03
1.08180E+01        8.70588422285E+03
1.08240E+01        8.69698775121E+03
1.08300E+01        8.68810486740E+03
1.08360E+01        8.67923554387E+03
1.08420E+01        8.67037975313E+03
1.08480E+01        8.66153746778E+03
1.08540E+01        8.65270866049E+03
1.08600E+01        8.64389330397E+03
1.08660E+01        8.63509137104E+03
1.08720E+01        8.62630283455E+03
1.08780E+01        8.61752766744E+03
1.08840E+01        8.60876584271E+03
1.08900E+01        8.60001733344E+03
1.08960E+01        8.59128211276E+03
1.09020E+01        8.58256015389E+03
1.09080E+01        8.57385143008E+03
1.09140E+01        8.56515591469E+03
1.09200E+01        8.55647358111E+03
1.09260E+01        8.54780440283E+03
1.09320E+01        8.53914835338E+03
1.09380E+01        8.53050540637E+03
1.09440E+01        8.52187553547E+03
1.09500E+01        8.51325871442E+03
1.09560E+01        8.50465491702E+03
1.09620E+01        8.49606411714E+03
1.09680E+01        8.48748628872E+03
1.09740E+01        8.47892983948E+03
1.09800E+01        8.47037706018E+03
1.09860E+01        8.46183037249E+03
1.09920E+01        8.45330417052E+03
1.09980E+01        8.44479081065E+03
1.10040E+01        8.43629026720E+03
1.10100E+01        8.42781009411E+03
1.10160E+01        8.41933509908E+03
1.10220E+01        8.41087284383E+03
1.10280E+01        8.40242330293E+03
1.10340E+01        8.39398645102E+03
1.10400E+01        8.38556226280E+03
1.10460E+01        8.37715071304E+03
1.10520E+01        8.36875177656E+03
1.10580E+01        8.36036542826E+03
1.10640E+01        8.35199164307E+03
1.10700E+01        8.34363039603E+03
1.10760E+01        8.33528166219E+03
1.10820E+01        8.32694541671E+03
1.10880E+01        8.31862163478E+03
1.10940E+01        8.31031029165E+03
1.11000E+01        8.30201136265E+03
1.11060E+01        8.29372482317E+03
1.11120E+01        8.28545064863E+03
1.11180E+01        8.27718881455E+03
1.11240E+01        8.26893929649E+03
1.11300E+01        8.26069464095E+03
1.11360E+01        8.25246968927E+03
1.11420E+01        8.24425698064E+03
1.11480E+01        8.23605649088E+03
1.11540E+01        8.22787559541E+03
1.11600E+01        8.21969207145E+03
1.11660E+01        8.21152809369E+03
1.11720E+01        8.20337623859E+03
1.11780E+01        8.19523648226E+03
1.11840E+01        8.18710880085E+03
1.11900E+01        8.17899317059E+03
1.11960E+01        8.17088956774E+03
1.12020E+01        8.16279796864E+03
1.12080E+01        8.15471834967E+03
1.12140E+01        8.14665068729E+03
1.12200E+01        8.13859495800E+03
1.12260E+01        8.13055113836E+03
1.12320E+01        8.12251920500E+03
1.12380E+01        8.11449836121E+03
1.12440E+01        8.10649013125E+03
1.12500E+01        8.09849371777E+03
1.12560E+01        8.09050909761E+03
1.12620E+01        8.08253624768E+03
1.12680E+01        8.07457514494E+03
1.12740E+01        8.06662576641E+03
1.12800E+01        8.05868808916E+03
1.12860E+01        8.05076209031E+03
1.12920E+01        8.04284774705E+03
1.12980E+01        8.03494503662E+03
1.13040E+01        8.02705393632E+03
1.13100E+01        8.01917442349E+03
1.13160E+01        8.01130647555E+03
1.13220E+01        8.00345006994E+03
1.13280E+01        7.99560518418E+03
1.13340E+01        7.98777179585E+03
1.13400E+01        7.97994988257E+03
1.13460E+01        7.97213942201E+03
1.13520E+01        7.96433247050E+03
1.13580E+01        7.95654485639E+03
1.13640E+01        7.94876862835E+03
1.13700E+01        7.94100376426E+03
1.13760E+01        7.93325024209E+03
1.13820E+01        7.92550803982E+03
1.13880E+01        7.91777713551E+03
1.13940E+01        7.91005750726E+03
1.14000E+01        7.90234913323E+03
1.14060E+01        7.89465199164E+03
1.14120E+01        7.88696606074E+03
1.14180E+01        7.87929131886E+03
1.14240E+01        7.87162774436E+03
1.14300E+01        7.86397456617E+03
1.14360E+01        7.85633326246E+03
1.14420E+01        7.84870306156E+03
1.14480E+01        7.84108394201E+03
1.14540E+01        7.83347588247E+03
1.14600E+01        7.82587886160E+03
1.14660E+01        7.81828582726E+03
1.14720E+01        7.81071082679E+03
1.14780E+01        7.80314680133E+03
1.14840E+01        7.79559372975E+03
1.14900E+01        7.78805159099E+03
1.14960E+01        7.78052036403E+03
1.15020E+01        7.77299928710E+03
1.15080E+01        7.76548982161E+03
1.15140E+01        7.75799120517E+03
1.15200E+01        7.75050341696E+03
1.15260E+01        7.74302643621E+03
1.15320E+01        7.73556024221E+03
1.15380E+01        7.72810481428E+03
1.15440E+01        7.72065318883E+03
1.15500E+01        7.71321923794E+03
1.15560E+01        7.70579599142E+03
1.15620E+01        7.69838342878E+03
1.15680E+01        7.69098079662E+03
1.15740E+01        7.68358954124E+03
1.15800E+01        7.67620890862E+03
1.15860E+01        7.66883887848E+03
1.15920E+01        7.66147943059E+03
1.15980E+01        7.65413054478E+03
1.16040E+01        7.64679220090E+03
1.16100E+01        7.63946437888E+03
1.16160E+01        7.63214019535E+03
1.16220E+01        7.62483336354E+03
1.16280E+01        7.61753699360E+03
1.16340E+01        7.61025034035E+03
1.16400E+01        7.60297483520E+03
1.16460E+01        7.59570973237E+03
1.16520E+01        7.58845501210E+03
1.16580E+01        7.58121065470E+03
1.16640E+01        7.57397664048E+03
1.16700E+01        7.56675294985E+03
1.16760E+01        7.55953956322E+03
1.16820E+01        7.55232894985E+03
1.16880E+01        7.54513611988E+03
1.16940E+01        7.53795353547E+03
1.17000E+01        7.53078117725E+03
1.17060E+01        7.52361902587E+03
1.17120E+01        7.51646706204E+03
1.17180E+01        7.50932526651E+03
1.17240E+01        7.50219362007E+03
1.17300E+01        7.49507210357E+03
1.17360E+01        7.48795325074E+03
1.17420E+01        7.48085194388E+03
1.17480E+01        7.47376070975E+03
1.17540E+01        7.46667952936E+03
1.17600E+01        7.45960838377E+03
1.17660E+01        7.45254725410E+03
1.17720E+01        7.44549612150E+03
1.17780E+01        7.43845496717E+03
1.17840E+01        7.43142377236E+03
1.17900E+01        7.42440181078E+03
1.17960E+01        7.41738380954E+03
1.18020E+01        7.41038238811E+03
1.18080E+01        7.40339085160E+03
1.18140E+01        7.39640918145E+03
1.18200E+01        7.38943735917E+03
1.18260E+01        7.38247536631E+03
1.18320E+01        7.37552318446E+03
1.18380E+01        7.36858009302E+03
1.18440E+01        7.36164747879E+03
1.18500E+01        7.35471800698E+03
1.18560E+01        7.34780489280E+03
1.18620E+01        7.34090149821E+03
1.18680E+01        7.33400780506E+03
1.18740E+01        7.32712379523E+03
1.18800E+01        7.32024875304E+03
1.18860E+01        7.31338405634E+03
1.18920E+01        7.30652898888E+03
1.18980E+01        7.29967696864E+03
1.19040E+01        7.29284111202E+03
1.19100E+01        7.28601483093E+03
1.19160E+01        7.27919810753E+03
1.19220E+01        7.27239023100E+03
1.19280E+01        7.26559257036E+03
1.19340E+01        7.25880441421E+03
1.19400E+01        7.25202574489E+03
1.19460E+01        7.24525002971E+03
1.19520E+01        7.23849028734E+03
1.19580E+01        7.23173997907E+03
1.19640E+01        7.22499908741E+03
1.19700E+01        7.21826690702E+03
1.19760E+01        7.21154479691E+03
1.19820E+01        7.20483205117E+03
1.19880E+01        7.19812217980E+03
1.19940E+01        7.19142811688E+03
1.20000E+01        7.18474336644E+03
1.20060E+01        7.17806791128E+03
1.20120E+01        7.17140105081E+03
1.20180E+01        7.16474413536E+03
1.20240E+01        7.15809646378E+03
1.20300E+01        7.15145158837E+03
1.20360E+01        7.14482235939E+03
1.20420E+01        7.13820232323E+03
1.20480E+01        7.13159078333E+03
1.20540E+01        7.12498908267E+03
1.20600E+01        7.11839652413E+03
1.20660E+01        7.11180669592E+03
1.20720E+01        7.10523237712E+03
1.20780E+01        7.09866715010E+03
1.20840E+01        7.09211099813E+03
1.20900E+01        7.08556322933E+03
1.20960E+01        7.07902517815E+03
1.21020E+01        7.07249615215E+03
1.21080E+01        7.06596978104E+03
1.21140E+01        7.05945876162E+03
1.21200E+01        7.05295671781E+03
1.21260E+01        7.04646296169E+03
1.21320E+01        7.03997882045E+03
1.21380E+01        7.03350360563E+03
1.21440E+01        7.02703098220E+03
1.21500E+01        7.02057357706E+03
1.21560E+01        7.01412504945E+03
1.21620E+01        7.00768471534E+03
1.21680E+01        7.00125389478E+03
1.21740E+01        6.99483190320E+03
1.21800E+01        6.98841244058E+03
1.21860E+01        6.98200806445E+03
1.21920E+01        6.97561246910E+03
1.21980E+01        6.96922497438E+03
1.22040E+01        6.96284689321E+03
1.22100E+01        6.95647754493E+03
1.22160E+01        6.95011691364E+03
1.22220E+01        6.94375873976E+03
1.22280E+01        6.93741483955E+03
1.22340E+01        6.93108027059E+03
1.22400E+01        6.92475435541E+03
1.22460E+01        6.91843707832E+03
1.22520E+01        6.91212220838E+03
1.22580E+01        6.90582216613E+03
1.22640E+01        6.89953005756E+03
1.22700E+01        6.89324718267E+03
1.22760E+01        6.88697286783E+03
1.22820E+01        6.88070709756E+03
1.22880E+01        6.87444367502E+03
1.22940E+01        6.86819429864E+03
1.23000E+01        6.86195407561E+03
1.23060E+01        6.85572233549E+03
1.23120E+01        6.84949906296E+03
1.23180E+01        6.84327808941E+03
1.23240E+01        6.83707171180E+03
1.23300E+01        6.83087310506E+03
1.23360E+01        6.82468355647E+03
1.23420E+01        6.81850239935E+03
1.23480E+01        6.81232961858E+03
1.23540E+01        6.80615907918E+03
1.23600E+01        6.80000236344E+03
1.23660E+01        6.79385462747E+03
1.23720E+01        6.78771520771E+03
1.23780E+01        6.78158408921E+03
1.23840E+01        6.77545516478E+03
1.23900E+01        6.76933996451E+03
1.23960E+01        6.76323366650E+03
1.24020E+01        6.75713561026E+03
1.24080E+01        6.75104578103E+03
1.24140E+01        6.74495809922E+03
1.24200E+01        6.73888404307E+03
1.24260E+01        6.73281881251E+03
1.24320E+01        6.72676175013E+03
1.24380E+01        6.72071284131E+03
1.24440E+01        6.71466603392E+03
1.24500E+01        6.70863275467E+03
1.24560E+01        6.70260822517E+03
1.24620E+01        6.69659179108E+03
1.24680E+01        6.69058343794E+03
1.24740E+01        6.68457714085E+03
1.24800E+01        6.67858427535E+03
1.24860E+01        6.67260008460E+03
1.24920E+01        6.66662391728E+03
1.24980E+01        6.66065575911E+03
1.25040E+01        6.65468961222E+03
1.25100E+01        6.64873680135E+03
1.25160E+01        6.64279259104E+03
1.25220E+01        6.63685633299E+03
1.25280E+01        6.63092205086E+03
1.25340E+01        6.62500166027E+03
1.25400E+01        6.61908854887E+03
1.25460E+01        6.61318396465E+03
1.25520E+01        6.60728726230E+03
1.25580E+01        6.60139249221E+03
1.25640E+01        6.59551151696E+03
1.25700E+01        6.58963775378E+03
1.25760E+01        6.58377244521E+03
1.25820E+01        6.57791494888E+03
1.25880E+01        6.57205934175E+03
1.25940E+01        6.56621680802E+03
1.26000E+01        6.56038267139E+03
1.26060E+01        6.55455629186E+03
1.26120E+01        6.54873176750E+03
1.26180E+01        6.54292086632E+03
1.26240E+01        6.53711705828E+03
1.26300E+01        6.53132157615E+03
1.26360E+01        6.52553378288E+03
1.26420E+01        6.51974780277E+03
1.26480E+01        6.51397535176E+03
1.26540E+01        6.50820992885E+03
1.26600E+01        6.50245276145E+03
1.26660E+01        6.49669737401E+03
1.26720E+01        6.49095544107E+03
1.26780E+01        6.48522048472E+03
1.26840E+01        6.47949372809E+03
1.26900E+01        6.47377453935E+03
1.26960E+01        6.46805708956E+03
1.27020E+01        6.46235300186E+03
1.27080E+01        6.45665582700E+03
1.27140E+01        6.45096678280E+03
1.27200E+01        6.44527944517E+03
1.27260E+01        6.43960539633E+03
1.27320E+01        6.43393820983E+03
1.27380E+01        6.42827909929E+03
1.27440E+01        6.42262166328E+03
1.27500E+01        6.41697744332E+03
1.27560E+01        6.41134003566E+03
1.27620E+01        6.40571064971E+03
1.27680E+01        6.40008866106E+03
1.27740E+01        6.39446830738E+03
1.27800E+01        6.38886107964E+03
1.27860E+01        6.38326060226E+03
1.27920E+01        6.37766807943E+03
1.27980E+01        6.37207716032E+03
1.28040E+01        6.36649929567E+03
1.28100E+01        6.36092813233E+03
1.28160E+01        6.35536487033E+03
1.28220E+01        6.34980318113E+03
1.28280E+01        6.34425447546E+03
1.28340E+01        6.33871242248E+03
1.28400E+01        6.33317821809E+03
1.28460E+01        6.32764555590E+03
1.28520E+01        6.32212580687E+03
1.28580E+01        6.31661266233E+03
1.28640E+01        6.31110731407E+03
1.28700E+01        6.30560347777E+03
1.28760E+01        6.30011248478E+03
1.28820E+01        6.29462804851E+03
1.28880E+01        6.28915135665E+03
1.28940E+01        6.28367614683E+03
1.29000E+01        6.27821371101E+03
1.29060E+01        6.27275778455E+03
1.29120E+01        6.26730955109E+03
1.29180E+01        6.26186277006E+03
1.29240E+01        6.25642869425E+03
1.29300E+01        6.25100108086E+03
1.29360E+01        6.24558110948E+03
1.29420E+01        6.24016256125E+03
1.29480E+01        6.23475665000E+03
1.29540E+01        6.22935774820E+03
1.29600E+01        6.22396525071E+03
1.29660E+01        6.21857474097E+03
1.29720E+01        6.21319680048E+03
1.29780E+01        6.20782522974E+03
1.29840E+01        6.20245562370E+03
1.29900E+01        6.19709853644E+03
1.29960E+01        6.19174837458E+03
1.30020E+01        6.18640453675E+03
1.30080E+01        6.18106263315E+03
1.30140E+01        6.17573318150E+03
1.30200E+01        6.17041060778E+03
1.30260E+01        6.16509431276E+03
1.30320E+01        6.15977992184E+03
1.30380E+01        6.15447791653E+03
1.30440E+01        6.14918274209E+03
1.30500E+01        6.14388827751E+03
1.30560E+01        6.13860673502E+03
1.30620E+01        6.13333198839E+03
1.30680E+01        6.12806402598E+03
1.30740E+01        6.12279674786E+03
1.30800E+01        6.11754232436E+03
1.30860E+01        6.11229465036E+03
1.30920E+01        6.10705371432E+03
1.30980E+01        6.10181343729E+03
1.31040E+01        6.09658594791E+03
1.31100E+01        6.09136516205E+03
1.31160E+01        6.08614501643E+03
1.31220E+01        6.08093760855E+03
1.31280E+01        6.07573686998E+03
1.31340E+01        6.07054278937E+03
1.31400E+01        6.06534932420E+03
1.31460E+01        6.06016853067E+03
1.31520E+01        6.05499436116E+03
1.31580E+01        6.04982680442E+03
1.31640E+01        6.04465983862E+03
1.31700E+01        6.03950547885E+03
1.31760E+01        6.03435769819E+03
1.31820E+01        6.02921049028E+03
1.31880E+01        6.02407583950E+03
1.31940E+01        6.01894773440E+03
1.32000E+01        6.01382616390E+03
1.32060E+01        6.00870514212E+03
1.32120E+01        6.00359661271E+03
1.32180E+01        5.99849458473E+03
1.32240E+01        5.99339365871E+03
1.32300E+01        5.98830403464E+03
1.32360E+01        5.98322145014E+03
1.32420E+01        5.97813994845E+03
1.32480E+01        5.97306970363E+03
1.32540E+01        5.96800646419E+03
1.32600E+01        5.96294964966E+03
1.32660E+01        5.95789389265E+03
1.32720E+01        5.95284933278E+03
1.32780E+01        5.94781173305E+03
1.32840E+01        5.94277517205E+03
1.32900E+01        5.93775032945E+03
1.32960E+01        5.93273128177E+03
1.33020E+01        5.92771914935E+03
1.33080E+01        5.92270803085E+03
1.33140E+01        5.91770800605E+03
1.33200E+01        5.91271486308E+03
1.33260E+01        5.90772271561E+03
1.33320E+01        5.90274161791E+03
1.33380E+01        5.89776736883E+03
1.33440E+01        5.89279939494E+03
1.33500E+01        5.88783239219E+03
1.33560E+01        5.88287638104E+03
1.33620E+01        5.87792717454E+03
1.33680E+01        5.87297892111E+03
1.33740E+01        5.86804161592E+03
1.33800E+01        5.86311108266E+03
1.33860E+01        5.85818148451E+03
1.33920E+01        5.85326334920E+03
1.33980E+01        5.84835083786E+03
1.34040E+01        5.84343980156E+03
1.34100E+01        5.83854018381E+03
1.34160E+01        5.83364616051E+03
1.34220E+01        5.82875359319E+03
1.34280E+01        5.82387240038E+03
1.34340E+01        5.81899732713E+03
1.34400E+01        5.81412780924E+03
1.34460E+01        5.80925972216E+03
1.34520E+01        5.80440295126E+03
1.34580E+01        5.79955170664E+03
1.34640E+01        5.79470187411E+03
1.34700E+01        5.78986331429E+03
1.34760E+01        5.78503025184E+03
1.34820E+01        5.78019858291E+03
1.34880E+01        5.77537814346E+03
1.34940E+01        5.77056372247E+03
1.35000E+01        5.76574957693E+03
1.35060E+01        5.76094716769E+03
1.35120E+01        5.75615074700E+03
1.35180E+01        5.75135975693E+03
1.35240E+01        5.74657011761E+03
1.35300E+01        5.74179160781E+03
1.35360E+01        5.73701850033E+03
1.35420E+01        5.73224672551E+03
1.35480E+01        5.72748603774E+03
1.35540E+01        5.72273126943E+03
1.35600E+01        5.71797672530E+03
1.35660E+01        5.71323377127E+03
1.35720E+01        5.70849670738E+03
1.35780E+01        5.70375985258E+03
1.35840E+01        5.69903454453E+03
1.35900E+01        5.69431509749E+03
1.35960E+01        5.68959584456E+03
1.36020E+01        5.68488809526E+03
1.36080E+01        5.68018617803E+03
1.36140E+01        5.67548444006E+03
1.36200E+01        5.67079416283E+03
1.36260E+01        5.66610968891E+03
1.36320E+01        5.66142591894E+03
1.36380E+01        5.65675248822E+03
1.36440E+01        5.65208537162E+03
1.36500E+01        5.64741894305E+03
1.36560E+01        5.64276281398E+03
1.36620E+01        5.63811296927E+03
1.36680E+01        5.63346379678E+03
1.36740E+01        5.62882488424E+03
1.36800E+01        5.62419222650E+03
1.36860E+01        5.61956022530E+03
1.36920E+01        5.61493844473E+03
1.36980E+01        5.61032288955E+03
1.37040E+01        5.60570797536E+03
1.37100E+01        5.60110324269E+03
1.37160E+01        5.59650470619E+03
1.37220E+01        5.59190679526E+03
1.37280E+01        5.58731902694E+03
1.37340E+01        5.58273742574E+03
1.37400E+01        5.57815643482E+03
1.37460E+01        5.57358554781E+03
1.37520E+01        5.56902079906E+03
1.37580E+01        5.56445664541E+03
1.37640E+01        5.55990255718E+03
1.37700E+01        5.55535457851E+03
1.37760E+01        5.55080717989E+03
1.37820E+01        5.54626980841E+03
1.37880E+01        5.54173851797E+03
1.37940E+01        5.53720779264E+03
1.38000E+01        5.53268758352E+03
1.38060E+01        5.52817237281E+03
1.38120E+01        5.52365823953E+03
1.38180E+01        5.51915405746E+03
1.38240E+01        5.51465589988E+03
1.38300E+01        5.51015827791E+03
1.38360E+01        5.50567109404E+03
1.38420E+01        5.50118391191E+03
1.38480E+01        5.49670766660E+03
1.38540E+01        5.49223635177E+03
1.38600E+01        5.48776607201E+03
1.38660E+01        5.48330616590E+03
1.38720E+01        5.47885168708E+03
1.38780E+01        5.47439718367E+03
1.38840E+01        5.46995353752E+03
1.38900E+01        5.46551477163E+03
1.38960E+01        5.46107700961E+03
1.39020E+01        5.45664954465E+03
1.39080E+01        5.45222745453E+03
1.39140E+01        5.44780531394E+03
1.39200E+01        5.44339395188E+03
1.39260E+01        5.43898742048E+03
1.39320E+01        5.43458186223E+03
1.39380E+01        5.43018652525E+03
1.39440E+01        5.42579111656E+03
1.39500E+01        5.42140642142E+03
1.39560E+01        5.41702703217E+03
1.39620E+01        5.41264755862E+03
1.39680E+01        5.40827875989E+03
1.39740E+01        5.40391524148E+03
1.39800E+01        5.39955162628E+03
1.39860E+01        5.39519864738E+03
1.39920E+01        5.39085092339E+03
1.39980E+01        5.38650309022E+03
1.40040E+01        5.38216585504E+03
