# %ECSV 0.9
# ---
# datatype:
# - {name: wavelength, unit: micron, datatype: float64}
# - {name: flux, unit: microJansky, datatype: float64}
# schema: astropy-2.0
#
#
#  - - File generated by ExoNoodle - -
#         V1.0.0 - MML (CEA-Saclay)
#       2021-03-25 15:37:33.308590
wavelength flux 
3.00000E+00        7.36953326329E+04
3.00600E+00        7.34932558101E+04
3.01200E+00        7.32919981227E+04
3.01800E+00        7.30914164193E+04
3.02400E+00        7.28915124528E+04
3.03000E+00        7.26924150307E+04
3.03600E+00        7.24940558954E+04
3.04200E+00        7.22963647626E+04
3.04800E+00        7.20994721293E+04
3.05400E+00        7.19033068689E+04
3.06000E+00        7.17078033683E+04
3.06600E+00        7.15130869656E+04
3.07200E+00        7.13190274920E+04
3.07800E+00        7.11257475712E+04
3.08400E+00        7.09331184249E+04
3.09000E+00        7.07412001771E+04
3.09600E+00        7.05500549567E+04
3.10200E+00        7.03595510010E+04
3.10800E+00        7.01697499540E+04
3.11400E+00        6.99806489430E+04
3.12000E+00        6.97923080977E+04
3.12600E+00        6.96045984022E+04
3.13200E+00        6.94175801728E+04
3.13800E+00        6.92312499120E+04
3.14400E+00        6.90456061037E+04
3.15000E+00        6.88606446114E+04
3.15600E+00        6.86763632769E+04
3.16200E+00        6.84927599435E+04
3.16800E+00        6.83098305107E+04
3.17400E+00        6.81275734874E+04
3.18000E+00        6.79459847976E+04
3.18600E+00        6.77650623172E+04
3.19200E+00        6.75847422856E+04
3.19800E+00        6.74051460245E+04
3.20400E+00        6.72262064221E+04
3.21000E+00        6.70479226609E+04
3.21600E+00        6.68702907388E+04
3.22200E+00        6.66932496503E+04
3.22800E+00        6.65169153229E+04
3.23400E+00        6.63412247102E+04
3.24000E+00        6.61661172960E+04
3.24600E+00        6.59917093473E+04
3.25200E+00        6.58179370649E+04
3.25800E+00        6.56447391708E+04
3.26400E+00        6.54722322726E+04
3.27000E+00        6.53002947714E+04
3.27600E+00        6.51290426658E+04
3.28200E+00        6.49583537678E+04
3.28800E+00        6.47883459412E+04
3.29400E+00        6.46189547222E+04
3.30000E+00        6.44501211960E+04
3.30600E+00        6.42819592446E+04
3.31200E+00        6.41143488954E+04
3.31800E+00        6.39473463506E+04
3.32400E+00        6.37810072102E+04
3.33000E+00        6.36152124478E+04
3.33600E+00        6.34500178345E+04
3.34200E+00        6.32854208376E+04
3.34800E+00        6.31214764927E+04
3.35400E+00        6.29580670194E+04
3.36000E+00        6.27952476222E+04
3.36600E+00        6.26330146181E+04
3.37200E+00        6.24713679031E+04
3.37800E+00        6.23103600361E+04
3.38400E+00        6.21498747748E+04
3.39000E+00        6.19899683974E+04
3.39600E+00        6.18306361014E+04
3.40200E+00        6.16718772151E+04
3.40800E+00        6.15136881396E+04
3.41400E+00        6.13560676265E+04
3.42000E+00        6.11990115214E+04
3.42600E+00        6.10424640934E+04
3.43200E+00        6.08865326719E+04
3.43800E+00        6.07311590807E+04
3.44400E+00        6.05763415299E+04
3.45000E+00        6.04220770865E+04
3.45600E+00        6.02683101692E+04
3.46200E+00        6.01151461899E+04
3.46800E+00        5.99625288724E+04
3.47400E+00        5.98104558956E+04
3.48000E+00        5.96588705532E+04
3.48600E+00        5.95078794702E+04
3.49200E+00        5.93573717018E+04
3.49800E+00        5.92074516547E+04
3.50400E+00        5.90580123283E+04
3.51000E+00        5.89091570370E+04
3.51600E+00        5.87607759745E+04
3.52200E+00        5.86129747390E+04
3.52800E+00        5.84656440811E+04
3.53400E+00        5.83188879639E+04
3.54000E+00        5.81725988032E+04
3.54600E+00        5.80268271398E+04
3.55200E+00        5.78816224467E+04
3.55800E+00        5.77368779639E+04
3.56400E+00        5.75926455072E+04
3.57000E+00        5.74489207166E+04
3.57600E+00        5.73057542267E+04
3.58200E+00        5.71630403539E+04
3.58800E+00        5.70208287850E+04
3.59400E+00        5.68791168463E+04
3.60000E+00        5.67379029551E+04
3.60600E+00        5.65971849957E+04
3.61200E+00        5.64569603257E+04
3.61800E+00        5.63172279206E+04
3.62400E+00        5.61780353035E+04
3.63000E+00        5.60392794426E+04
3.63600E+00        5.59010090750E+04
3.64200E+00        5.57631707752E+04
3.64800E+00        5.56258653474E+04
3.65400E+00        5.54890387303E+04
3.66000E+00        5.53526888940E+04
3.66600E+00        5.52168143413E+04
3.67200E+00        5.50814130561E+04
3.67800E+00        5.49464830314E+04
3.68400E+00        5.48120217490E+04
3.69000E+00        5.46779789352E+04
3.69600E+00        5.45444503430E+04
3.70200E+00        5.44113850737E+04
3.70800E+00        5.42787811647E+04
3.71400E+00        5.41465873025E+04
3.72000E+00        5.40149003804E+04
3.72600E+00        5.38836684708E+04
3.73200E+00        5.37528906693E+04
3.73800E+00        5.36225151548E+04
3.74400E+00        5.34926384076E+04
3.75000E+00        5.33631613884E+04
3.75600E+00        5.32341780902E+04
3.76200E+00        5.31056393847E+04
3.76800E+00        5.29774945978E+04
3.77400E+00        5.28497898845E+04
3.78000E+00        5.27225719468E+04
3.78600E+00        5.25957906419E+04
3.79200E+00        5.24693967971E+04
3.79800E+00        5.23434356389E+04
3.80400E+00        5.22179529415E+04
3.81000E+00        5.20928530619E+04
3.81600E+00        5.19682267997E+04
3.82200E+00        5.18439804607E+04
3.82800E+00        5.17202039234E+04
3.83400E+00        5.15968034600E+04
3.84000E+00        5.14738230772E+04
3.84600E+00        5.13513083024E+04
3.85200E+00        5.12291636491E+04
3.85800E+00        5.11074347669E+04
3.86400E+00        5.09861644453E+04
3.87000E+00        5.08652603127E+04
3.87600E+00        5.07447657725E+04
3.88200E+00        5.06247262099E+04
3.88800E+00        5.05050465538E+04
3.89400E+00        5.03857718324E+04
3.90000E+00        5.02669003476E+04
3.90600E+00        5.01484304091E+04
3.91200E+00        5.00303603342E+04
3.91800E+00        4.99127334679E+04
3.92400E+00        4.97954575253E+04
3.93000E+00        4.96785769190E+04
3.93600E+00        4.95620890535E+04
3.94200E+00        4.94459932260E+04
3.94800E+00        4.93302863929E+04
3.95400E+00        4.92149683324E+04
3.96000E+00        4.91000369538E+04
3.96600E+00        4.89854901787E+04
3.97200E+00        4.88713268673E+04
3.97800E+00        4.87575458830E+04
3.98400E+00        4.86441447081E+04
3.99000E+00        4.85311222220E+04
3.99600E+00        4.84184768475E+04
4.00200E+00        4.83062065569E+04
4.00800E+00        4.81943107053E+04
4.01400E+00        4.80827868222E+04
4.02000E+00        4.79716338178E+04
4.02600E+00        4.78608506055E+04
4.03200E+00        4.77504347426E+04
4.03800E+00        4.76403847059E+04
4.04400E+00        4.75307003316E+04
4.05000E+00        4.74213355330E+04
4.05600E+00        4.73123757938E+04
4.06200E+00        4.72037758493E+04
4.06800E+00        4.70955351047E+04
4.07400E+00        4.69876511813E+04
4.08000E+00        4.68800807692E+04
4.08600E+00        4.67729070548E+04
4.09200E+00        4.66660861972E+04
4.09800E+00        4.65596167393E+04
4.10400E+00        4.64534548959E+04
4.11000E+00        4.63476839905E+04
4.11600E+00        4.62422592773E+04
4.12200E+00        4.61371394735E+04
4.12800E+00        4.60324051528E+04
4.13400E+00        4.59280140686E+04
4.14000E+00        4.58239226126E+04
4.14600E+00        4.57202121302E+04
4.15200E+00        4.56167995335E+04
4.15800E+00        4.55137658001E+04
4.16400E+00        4.54110648654E+04
4.17000E+00        4.53086618166E+04
4.17600E+00        4.52066327797E+04
4.18200E+00        4.51048904823E+04
4.18800E+00        4.50035235764E+04
4.19400E+00        4.49024409013E+04
4.20000E+00        4.48017307170E+04
4.20600E+00        4.47013022791E+04
4.21200E+00        4.46012434577E+04
4.21800E+00        4.45014639216E+04
4.22400E+00        4.44020511540E+04
4.23000E+00        4.43029152343E+04
4.23600E+00        4.42041390686E+04
4.24200E+00        4.41056457213E+04
4.24800E+00        4.40075051579E+04
4.25400E+00        4.39096449842E+04
4.26000E+00        4.38120953516E+04
4.26600E+00        4.37149027216E+04
4.27200E+00        4.36179785900E+04
4.27800E+00        4.35213653537E+04
4.28400E+00        4.34250658697E+04
4.29000E+00        4.33289924908E+04
4.29600E+00        4.32298737415E+04
4.30200E+00        4.31266393731E+04
4.30800E+00        4.30384427349E+04
4.31400E+00        4.29400665078E+04
4.32000E+00        4.28458971054E+04
4.32600E+00        4.27241715584E+04
4.33200E+00        4.26567547493E+04
4.33800E+00        4.25591853593E+04
4.34400E+00        4.24565176198E+04
4.35000E+00        4.23553002920E+04
4.35600E+00        4.22716819073E+04
4.36200E+00        4.21768945916E+04
4.36800E+00        4.20820399499E+04
4.37400E+00        4.19507701936E+04
4.38000E+00        4.19060356472E+04
4.38600E+00        4.17858518862E+04
4.39200E+00        4.17221262051E+04
4.39800E+00        4.16012156186E+04
4.40400E+00        4.15364614886E+04
4.41000E+00        4.14453408562E+04
4.41600E+00        4.13427783154E+04
4.42200E+00        4.12648241706E+04
4.42800E+00        4.11776913337E+04
4.43400E+00        4.10774975765E+04
4.44000E+00        4.09792451042E+04
4.44600E+00        4.09058024157E+04
4.45200E+00        4.08184692048E+04
4.45800E+00        4.07312682814E+04
4.46400E+00        4.06445402809E+04
4.47000E+00        4.05538472654E+04
4.47600E+00        4.04646435361E+04
4.48200E+00        4.03728712584E+04
4.48800E+00        4.02839304436E+04
4.49400E+00        4.01995956751E+04
4.50000E+00        4.01075338476E+04
4.50600E+00        4.00239078537E+04
4.51200E+00        3.99423137956E+04
4.51800E+00        3.98616509436E+04
4.52400E+00        3.97381412357E+04
4.53000E+00        3.96978507647E+04
4.53600E+00        3.96128659516E+04
4.54200E+00        3.95281129424E+04
4.54800E+00        3.94472560074E+04
4.55400E+00        3.93553121449E+04
4.56000E+00        3.92742475528E+04
4.56600E+00        3.91761291427E+04
4.57200E+00        3.91072102962E+04
4.57800E+00        3.90283739506E+04
4.58400E+00        3.89349493772E+04
4.59000E+00        3.88566666409E+04
4.59600E+00        3.87775640361E+04
4.60200E+00        3.86524280167E+04
4.60800E+00        3.86133943322E+04
4.61400E+00        3.85341762383E+04
4.62000E+00        3.84357067127E+04
4.62600E+00        3.83703162470E+04
4.63200E+00        3.82970655157E+04
4.63800E+00        3.82191976939E+04
4.64400E+00        3.81320204329E+04
4.65000E+00        3.80535447255E+04
4.65600E+00        3.79885747409E+04
4.66200E+00        3.79132205472E+04
4.66800E+00        3.78252095882E+04
4.67400E+00        3.77238568285E+04
4.68000E+00        3.76639447137E+04
4.68600E+00        3.75968140230E+04
4.69200E+00        3.75090735405E+04
4.69800E+00        3.74339736812E+04
4.70400E+00        3.73631265457E+04
4.71000E+00        3.72793796265E+04
4.71600E+00        3.72018826871E+04
4.72200E+00        3.71294677987E+04
4.72800E+00        3.70515218117E+04
4.73400E+00        3.69669858787E+04
4.74000E+00        3.68959501644E+04
4.74600E+00        3.68183082547E+04
4.75200E+00        3.67471940900E+04
4.75800E+00        3.66688476932E+04
4.76400E+00        3.65746249505E+04
4.77000E+00        3.65246550741E+04
4.77600E+00        3.64430887714E+04
4.78200E+00        3.63647367791E+04
4.78800E+00        3.63023493936E+04
4.79400E+00        3.61782821145E+04
4.80000E+00        3.61432444412E+04
4.80600E+00        3.60790269068E+04
4.81200E+00        3.59780245908E+04
4.81800E+00        3.59331935871E+04
4.82400E+00        3.58384937747E+04
4.83000E+00        3.57885863240E+04
4.83600E+00        3.56767949511E+04
4.84200E+00        3.56370188345E+04
4.84800E+00        3.55732177434E+04
4.85400E+00        3.54756184327E+04
4.86000E+00        3.54285536322E+04
4.86600E+00        3.53436933344E+04
4.87200E+00        3.52816795928E+04
4.87800E+00        3.52041314975E+04
4.88400E+00        3.51190956273E+04
4.89000E+00        3.50732145547E+04
4.89600E+00        3.49971963858E+04
4.90200E+00        3.49344453254E+04
4.90800E+00        3.48479433576E+04
4.91400E+00        3.47891401916E+04
4.92000E+00        3.46659684206E+04
4.92600E+00        3.46424687706E+04
4.93200E+00        3.45688592044E+04
4.93800E+00        3.44599270824E+04
4.94400E+00        3.44405563432E+04
4.95000E+00        3.43787362277E+04
4.95600E+00        3.43053329099E+04
4.96200E+00        3.42404136854E+04
4.96800E+00        3.41577345770E+04
4.97400E+00        3.41095220727E+04
4.98000E+00        3.40131123655E+04
4.98600E+00        3.39732076591E+04
4.99200E+00        3.39025117126E+04
4.99800E+00        3.38420370061E+04
5.00400E+00        3.37684195918E+04
5.01000E+00        3.36562428203E+04
5.01600E+00        3.36305217971E+04
5.02200E+00        3.35593739555E+04
5.02800E+00        3.34910797018E+04
5.03400E+00        3.34426967445E+04
5.04000E+00        3.33539947657E+04
5.04600E+00        3.33104653073E+04
5.05200E+00        3.32386014821E+04
5.05800E+00        3.31785426298E+04
5.06400E+00        3.31109262799E+04
5.07000E+00        3.30491098576E+04
5.07600E+00        3.29901491026E+04
5.08200E+00        3.28963516814E+04
5.08800E+00        3.28624748924E+04
5.09400E+00        3.27552370821E+04
5.10000E+00        3.27323060452E+04
5.10600E+00        3.26574069854E+04
5.11200E+00        3.26058644818E+04
5.11800E+00        3.25254507336E+04
5.12400E+00        3.24768307018E+04
5.13000E+00        3.24139318475E+04
5.13600E+00        3.23557422283E+04
5.14200E+00        3.22949010446E+04
5.14800E+00        3.22308206365E+04
5.15400E+00        3.21736921653E+04
5.16000E+00        3.20836391189E+04
5.16600E+00        3.20509669715E+04
5.17200E+00        3.19740530431E+04
5.17800E+00        3.19277064529E+04
5.18400E+00        3.18554221868E+04
5.19000E+00        3.18011064759E+04
5.19600E+00        3.17434349658E+04
5.20200E+00        3.16723569803E+04
5.20800E+00        3.16115253739E+04
5.21400E+00        3.15560519011E+04
5.22000E+00        3.15025729618E+04
5.22600E+00        3.13930652435E+04
5.23200E+00        3.13203930180E+04
5.23800E+00        3.13219997697E+04
5.24400E+00        3.12594430917E+04
5.25000E+00        3.12005214792E+04
5.25600E+00        3.10851630044E+04
5.26200E+00        3.10642311037E+04
5.26800E+00        3.10223194510E+04
5.27400E+00        3.09297906494E+04
5.28000E+00        3.09049036236E+04
5.28600E+00        3.08417775308E+04
5.29200E+00        3.07774594636E+04
5.29800E+00        3.07366450483E+04
5.30400E+00        3.06714087250E+04
5.31000E+00        3.06164195402E+04
5.31600E+00        3.05437097649E+04
5.32200E+00        3.05012492426E+04
5.32800E+00        3.04486869649E+04
5.33400E+00        3.03926501950E+04
5.34000E+00        3.03239275705E+04
5.34600E+00        3.02725582237E+04
5.35200E+00        3.02155968622E+04
5.35800E+00        3.01594753479E+04
5.36400E+00        3.01091533116E+04
5.37000E+00        3.00510160228E+04
5.37600E+00        2.99975474672E+04
5.38200E+00        2.99394473234E+04
5.38800E+00        2.98680266668E+04
5.39400E+00        2.97957298301E+04
5.40000E+00        2.97755989822E+04
5.40600E+00        2.97189935940E+04
5.41200E+00        2.96563856649E+04
5.41800E+00        2.96040518048E+04
5.42400E+00        2.95517726132E+04
5.43000E+00        2.95012218829E+04
5.43600E+00        2.94458401216E+04
5.44200E+00        2.93895237154E+04
5.44800E+00        2.93378953246E+04
5.45400E+00        2.92764552441E+04
5.46000E+00        2.92229584588E+04
5.46600E+00        2.91642859778E+04
5.47200E+00        2.91136022580E+04
5.47800E+00        2.90677248290E+04
5.48400E+00        2.90150558186E+04
5.49000E+00        2.89445099044E+04
5.49600E+00        2.89092223011E+04
5.50200E+00        2.88564010266E+04
5.50800E+00        2.87977442651E+04
5.51400E+00        2.87507963583E+04
5.52000E+00        2.86984531139E+04
5.52600E+00        2.86427283254E+04
5.53200E+00        2.85913044495E+04
5.53800E+00        2.85419852147E+04
5.54400E+00        2.84871668731E+04
5.55000E+00        2.84347389857E+04
5.55600E+00        2.83861592246E+04
5.56200E+00        2.83262737619E+04
5.56800E+00        2.82458536319E+04
5.57400E+00        2.82303359322E+04
5.58000E+00        2.81376216943E+04
5.58600E+00        2.81291247473E+04
5.59200E+00        2.80779390587E+04
5.59800E+00        2.80268595089E+04
5.60400E+00        2.79644233293E+04
5.61000E+00        2.79274577316E+04
5.61600E+00        2.78761587406E+04
5.62200E+00        2.78163142412E+04
5.62800E+00        2.77770207464E+04
5.63400E+00        2.77261987507E+04
5.64000E+00        2.76566073380E+04
5.64600E+00        2.76274284972E+04
5.65200E+00        2.75780262634E+04
5.65800E+00        2.75245590112E+04
5.66400E+00        2.74794172471E+04
5.67000E+00        2.74301582258E+04
5.67600E+00        2.73784628216E+04
5.68200E+00        2.73296404000E+04
5.68800E+00        2.72836046462E+04
5.69400E+00        2.72279844797E+04
5.70000E+00        2.71853904781E+04
5.70600E+00        2.71381040257E+04
5.71200E+00        2.70897199667E+04
5.71800E+00        2.70415873361E+04
5.72400E+00        2.69937485735E+04
5.73000E+00        2.69457192281E+04
5.73600E+00        2.68960945810E+04
5.74200E+00        2.68505240177E+04
5.74800E+00        2.68029423952E+04
5.75400E+00        2.67551715768E+04
5.76000E+00        2.67083922162E+04
5.76600E+00        2.66612563011E+04
5.77200E+00        2.66126576081E+04
5.77800E+00        2.65672993439E+04
5.78400E+00        2.65205996706E+04
5.79000E+00        2.64738780953E+04
5.79600E+00        2.64271612834E+04
5.80200E+00        2.63810387954E+04
5.80800E+00        2.63346558521E+04
5.81400E+00        2.62726835513E+04
5.82000E+00        2.62425102873E+04
5.82600E+00        2.61966539939E+04
5.83200E+00        2.61507957835E+04
5.83800E+00        2.61050324637E+04
5.84400E+00        2.60596220853E+04
5.85000E+00        2.60141644849E+04
5.85600E+00        2.59683583593E+04
5.86200E+00        2.59236025280E+04
5.86800E+00        2.58784249618E+04
5.87400E+00        2.58210017099E+04
5.88000E+00        2.57886502192E+04
5.88600E+00        2.57438658618E+04
5.89200E+00        2.56992682197E+04
5.89800E+00        2.56546204819E+04
5.90400E+00        2.55978990341E+04
5.91000E+00        2.55660363133E+04
5.91600E+00        2.55214538703E+04
5.92200E+00        2.54777686253E+04
5.92800E+00        2.54338253377E+04
5.93400E+00        2.53899711562E+04
5.94000E+00        2.53462515071E+04
5.94600E+00        2.53026202981E+04
5.95200E+00        2.52591228008E+04
5.95800E+00        2.52156927501E+04
5.96400E+00        2.51722118112E+04
5.97000E+00        2.51292263043E+04
5.97600E+00        2.50861687330E+04
5.98200E+00        2.50431750703E+04
5.98800E+00        2.50003353009E+04
5.99400E+00        2.49572688699E+04
6.00000E+00        2.49093025190E+04
6.00600E+00        2.48724220224E+04
6.01200E+00        2.48299910939E+04
6.01800E+00        2.47876671389E+04
6.02400E+00        2.47454721031E+04
6.03000E+00        2.47033633412E+04
6.03600E+00        2.46613581537E+04
6.04200E+00        2.46194585370E+04
6.04800E+00        2.45776641440E+04
6.05400E+00        2.45359967385E+04
6.06000E+00        2.44944117195E+04
6.06600E+00        2.44529308910E+04
6.07200E+00        2.44115342277E+04
6.07800E+00        2.43703047103E+04
6.08400E+00        2.43291124454E+04
6.09000E+00        2.42880230868E+04
6.09600E+00        2.42471236938E+04
6.10200E+00        2.42062608046E+04
6.10800E+00        2.41641519680E+04
6.11400E+00        2.41248424635E+04
6.12000E+00        2.40842840586E+04
6.12600E+00        2.40438264888E+04
6.13200E+00        2.40034910551E+04
6.13800E+00        2.39632341359E+04
6.14400E+00        2.39230770711E+04
6.15000E+00        2.38827635549E+04
6.15600E+00        2.38430849526E+04
6.16200E+00        2.38010591825E+04
6.16800E+00        2.37634645530E+04
6.17400E+00        2.37238018812E+04
6.18000E+00        2.36842371370E+04
6.18600E+00        2.36447700036E+04
6.19200E+00        2.36054214356E+04
6.19800E+00        2.35661507766E+04
6.20400E+00        2.35269745490E+04
6.21000E+00        2.34878946779E+04
6.21600E+00        2.34489108529E+04
6.22200E+00        2.34100227646E+04
6.22800E+00        2.33712511636E+04
6.23400E+00        2.33325535909E+04
6.24000E+00        2.32939320528E+04
6.24600E+00        2.32554447933E+04
6.25200E+00        2.32170307534E+04
6.25800E+00        2.31787106200E+04
6.26400E+00        2.31404840921E+04
6.27000E+00        2.31023508701E+04
6.27600E+00        2.30643314371E+04
6.28200E+00        2.30263838982E+04
6.28800E+00        2.29885309514E+04
6.29400E+00        2.29507679414E+04
6.30000E+00        2.29130967564E+04
6.30600E+00        2.28755171035E+04
6.31200E+00        2.28380286912E+04
6.31800E+00        2.28006517729E+04
6.32400E+00        2.27633449378E+04
6.33000E+00        2.27261284754E+04
6.33600E+00        2.26890042484E+04
6.34200E+00        2.26517227501E+04
6.34800E+00        2.26150206015E+04
6.35400E+00        2.25781627663E+04
6.36000E+00        2.25413938795E+04
6.36600E+00        2.25047136595E+04
6.37200E+00        2.24681218258E+04
6.37800E+00        2.24316404356E+04
6.38400E+00        2.23951841448E+04
6.39000E+00        2.23588558274E+04
6.39600E+00        2.23226550106E+04
6.40200E+00        2.22865009033E+04
6.40800E+00        2.22504335223E+04
6.41400E+00        2.22144525945E+04
6.42000E+00        2.21785578482E+04
6.42600E+00        2.21427511105E+04
6.43200E+00        2.21070279120E+04
6.43800E+00        2.20713900854E+04
6.44400E+00        2.20358373630E+04
6.45000E+00        2.20003694781E+04
6.45600E+00        2.19649861650E+04
6.46200E+00        2.19296871590E+04
6.46800E+00        2.18944919228E+04
6.47400E+00        2.18593627806E+04
6.48000E+00        2.18243150831E+04
6.48600E+00        2.17893506441E+04
6.49200E+00        2.17544692041E+04
6.49800E+00        2.17196705044E+04
6.50400E+00        2.16849542873E+04
6.51000E+00        2.16503202962E+04
6.51600E+00        2.16157703235E+04
6.52200E+00        2.15812805710E+04
6.52800E+00        2.15469111681E+04
6.53400E+00        2.15126035304E+04
6.54000E+00        2.14783768498E+04
6.54600E+00        2.14442308755E+04
6.55200E+00        2.14101653576E+04
6.55800E+00        2.13761820725E+04
6.56400E+00        2.13422767183E+04
6.57000E+00        2.13084510763E+04
6.57600E+00        2.12747049006E+04
6.58200E+00        2.12410379459E+04
6.58800E+00        2.12074499678E+04
6.59400E+00        2.11739427293E+04
6.60000E+00        2.11405119724E+04
6.60600E+00        2.11071594648E+04
6.61200E+00        2.10738849660E+04
6.61800E+00        2.10406882363E+04
6.62400E+00        2.10075690368E+04
6.63000E+00        2.09745291171E+04
6.63600E+00        2.09415642623E+04
6.64200E+00        2.09086762268E+04
6.64800E+00        2.08758835829E+04
6.65400E+00        2.08431484516E+04
6.66000E+00        2.08104914084E+04
6.66600E+00        2.07779082741E+04
6.67200E+00        2.07454007919E+04
6.67800E+00        2.07129687308E+04
6.68400E+00        2.06806118610E+04
6.69000E+00        2.06483299532E+04
6.69600E+00        2.06161061593E+04
6.70200E+00        2.05839920622E+04
6.70800E+00        2.05519336716E+04
6.71400E+00        2.05199493352E+04
6.72000E+00        2.04880407693E+04
6.72600E+00        2.04562038646E+04
6.73200E+00        2.04244403419E+04
6.73800E+00        2.03927499790E+04
6.74400E+00        2.03611325543E+04
6.75000E+00        2.03295897732E+04
6.75600E+00        2.02981175607E+04
6.76200E+00        2.02667176267E+04
6.76800E+00        2.02353897530E+04
6.77400E+00        2.02041356364E+04
6.78000E+00        2.01729330552E+04
6.78600E+00        2.01418382315E+04
6.79200E+00        2.01107964296E+04
6.79800E+00        2.00798094216E+04
6.80400E+00        2.00489093934E+04
6.81000E+00        2.00180979539E+04
6.81600E+00        1.99873387959E+04
6.82200E+00        1.99566336821E+04
6.82800E+00        1.99260146024E+04
6.83400E+00        1.98954652349E+04
6.84000E+00        1.98649872526E+04
6.84600E+00        1.98345766808E+04
6.85200E+00        1.98042351970E+04
6.85800E+00        1.97739625949E+04
6.86400E+00        1.97437605391E+04
6.87000E+00        1.97136250809E+04
6.87600E+00        1.96835578895E+04
6.88200E+00        1.96535587612E+04
6.88800E+00        1.96236293527E+04
6.89400E+00        1.95937657408E+04
6.90000E+00        1.95639695863E+04
6.90600E+00        1.95342425392E+04
6.91200E+00        1.95045806958E+04
6.91800E+00        1.94749857104E+04
6.92400E+00        1.94454573848E+04
6.93000E+00        1.94159973609E+04
6.93600E+00        1.93866017600E+04
6.94200E+00        1.93572722282E+04
6.94800E+00        1.93280104013E+04
6.95400E+00        1.92988124196E+04
6.96000E+00        1.92696799229E+04
6.96600E+00        1.92405953852E+04
6.97200E+00        1.92115951255E+04
6.97800E+00        1.91826579501E+04
6.98400E+00        1.91537854907E+04
6.99000E+00        1.91249793685E+04
6.99600E+00        1.90962357673E+04
7.00200E+00        1.90675563126E+04
7.00800E+00        1.90389426195E+04
7.01400E+00        1.90103908903E+04
7.02000E+00        1.89819027442E+04
7.02600E+00        1.89534779949E+04
7.03200E+00        1.89251182493E+04
7.03800E+00        1.88968197341E+04
7.04400E+00        1.88685840604E+04
7.05000E+00        1.88404128293E+04
7.05600E+00        1.88123022853E+04
7.06200E+00        1.87842371125E+04
7.06800E+00        1.87562527733E+04
7.07400E+00        1.87283285839E+04
7.08000E+00        1.87004661433E+04
7.08600E+00        1.86726670407E+04
7.09200E+00        1.86449275563E+04
7.09800E+00        1.86172492832E+04
7.10400E+00        1.85896338046E+04
7.11000E+00        1.85620774185E+04
7.11600E+00        1.85345817119E+04
7.12200E+00        1.85071482621E+04
7.12800E+00        1.84797567382E+04
7.13400E+00        1.84524420389E+04
7.14000E+00        1.84251873188E+04
7.14600E+00        1.83979941474E+04
7.15200E+00        1.83708588634E+04
7.15800E+00        1.83437830401E+04
7.16400E+00        1.83167682410E+04
7.17000E+00        1.82898108222E+04
7.17600E+00        1.82629123509E+04
7.18200E+00        1.82360579582E+04
7.18800E+00        1.82092768948E+04
7.19400E+00        1.81825542712E+04
7.20000E+00        1.81558916393E+04
7.20600E+00        1.81292853894E+04
7.21200E+00        1.81027370771E+04
7.21800E+00        1.80762482485E+04
7.22400E+00        1.80498153106E+04
7.23000E+00        1.80234235786E+04
7.23600E+00        1.79971053812E+04
7.24200E+00        1.79708459983E+04
7.24800E+00        1.79446418594E+04
7.25400E+00        1.79184945066E+04
7.26000E+00        1.78924054726E+04
7.26600E+00        1.78663712035E+04
7.27200E+00        1.78403932357E+04
7.27800E+00        1.78144730962E+04
7.28400E+00        1.77885912245E+04
7.29000E+00        1.77627812206E+04
7.29600E+00        1.77370268794E+04
7.30200E+00        1.77113297204E+04
7.30800E+00        1.76856862280E+04
7.31400E+00        1.76600979253E+04
7.32000E+00        1.76345504420E+04
7.32600E+00        1.76090720699E+04
7.33200E+00        1.75836484193E+04
7.33800E+00        1.75582793353E+04
7.34400E+00        1.75329663243E+04
7.35000E+00        1.75077059084E+04
7.35600E+00        1.74824838505E+04
7.36200E+00        1.74573331682E+04
7.36800E+00        1.74322346296E+04
7.37400E+00        1.74071897393E+04
7.38000E+00        1.73821983459E+04
7.38600E+00        1.73572619430E+04
7.39200E+00        1.73323614781E+04
7.39800E+00        1.73075296937E+04
7.40400E+00        1.72827508067E+04
7.41000E+00        1.72580263032E+04
7.41600E+00        1.72333527632E+04
7.42200E+00        1.72087161764E+04
7.42800E+00        1.71841474178E+04
7.43400E+00        1.71596324441E+04
7.44000E+00        1.71351678562E+04
7.44600E+00        1.71107551361E+04
7.45200E+00        1.70863787491E+04
7.45800E+00        1.70620709684E+04
7.46400E+00        1.70378130034E+04
7.47000E+00        1.70136063291E+04
7.47600E+00        1.69894355002E+04
7.48200E+00        1.69653310004E+04
7.48800E+00        1.69412789685E+04
7.49400E+00        1.69172760509E+04
7.50000E+00        1.68933237137E+04
7.50600E+00        1.68694066222E+04
7.51200E+00        1.68455566415E+04
7.51800E+00        1.68217552229E+04
7.52400E+00        1.67980038251E+04
7.53000E+00        1.67742872011E+04
7.53600E+00        1.67506354506E+04
7.54200E+00        1.67270348907E+04
7.54800E+00        1.67034822129E+04
7.55400E+00        1.66799638439E+04
7.56000E+00        1.66565097151E+04
7.56600E+00        1.66331062216E+04
7.57200E+00        1.66097500748E+04
7.57800E+00        1.65864277785E+04
7.58400E+00        1.65631690971E+04
7.59000E+00        1.65399589366E+04
7.59600E+00        1.65167971634E+04
7.60200E+00        1.64936703515E+04
7.60800E+00        1.64706049728E+04
7.61400E+00        1.64475875834E+04
7.62000E+00        1.64246180515E+04
7.62600E+00        1.64016814736E+04
7.63200E+00        1.63788088353E+04
7.63800E+00        1.63559821084E+04
7.64400E+00        1.63332027164E+04
7.65000E+00        1.63104558397E+04
7.65600E+00        1.62877707498E+04
7.66200E+00        1.62651326074E+04
7.66800E+00        1.62425281939E+04
7.67400E+00        1.62199835805E+04
7.68000E+00        1.61974855311E+04
7.68600E+00        1.61750339188E+04
7.69200E+00        1.61526140694E+04
7.69800E+00        1.61302549724E+04
7.70400E+00        1.61079434600E+04
7.71000E+00        1.60856618658E+04
7.71600E+00        1.60634405878E+04
7.72200E+00        1.60412649941E+04
7.72800E+00        1.60191205333E+04
7.73400E+00        1.59970359565E+04
7.74000E+00        1.59749982063E+04
7.74600E+00        1.59529897639E+04
7.75200E+00        1.59310407775E+04
7.75800E+00        1.59091367376E+04
7.76400E+00        1.58872632141E+04
7.77000E+00        1.58654487225E+04
7.77600E+00        1.58436788141E+04
7.78200E+00        1.58219406174E+04
7.78800E+00        1.58002595321E+04
7.79400E+00        1.57786226700E+04
7.80000E+00        1.57570157211E+04
7.80600E+00        1.57354669682E+04
7.81200E+00        1.57139620824E+04
7.81800E+00        1.56924868130E+04
7.82400E+00        1.56710708117E+04
7.83000E+00        1.56496968386E+04
7.83600E+00        1.56283521882E+04
7.84200E+00        1.56070649134E+04
7.84800E+00        1.55858208039E+04
7.85400E+00        1.55646057267E+04
7.86000E+00        1.55434476206E+04
7.86600E+00        1.55223338044E+04
7.87200E+00        1.55012472608E+04
7.87800E+00        1.54802172878E+04
7.88400E+00        1.54592158696E+04
7.89000E+00        1.54382707569E+04
7.89600E+00        1.54173678953E+04
7.90200E+00        1.53964933063E+04
7.90800E+00        1.53756760846E+04
7.91400E+00        1.53548993191E+04
7.92000E+00        1.53341505468E+04
7.92600E+00        1.53134572947E+04
7.93200E+00        1.52927918514E+04
7.93800E+00        1.52721816698E+04
7.94400E+00        1.52516128488E+04
7.95000E+00        1.52310715621E+04
7.95600E+00        1.52105851524E+04
7.96200E+00        1.51901412141E+04
7.96800E+00        1.51697230979E+04
7.97400E+00        1.51493594775E+04
7.98000E+00        1.51290229403E+04
7.98600E+00        1.51087406468E+04
7.99200E+00        1.50884852584E+04
7.99800E+00        1.50682838630E+04
8.00400E+00        1.50481227476E+04
8.01000E+00        1.50279882724E+04
8.01600E+00        1.50079074171E+04
8.02200E+00        1.49878544465E+04
8.02800E+00        1.49678534276E+04
8.03400E+00        1.49478921615E+04
8.04000E+00        1.49279571004E+04
8.04600E+00        1.49080750450E+04
8.05200E+00        1.48882190224E+04
8.05800E+00        1.48684157627E+04
8.06400E+00        1.48486383650E+04
8.07000E+00        1.48289134884E+04
8.07600E+00        1.48092276409E+04
8.08200E+00        1.47895674014E+04
8.08800E+00        1.47699593236E+04
8.09400E+00        1.47503780831E+04
8.10000E+00        1.47308473674E+04
8.10600E+00        1.47113419254E+04
8.11200E+00        1.46918881706E+04
8.11800E+00        1.46724595240E+04
8.12400E+00        1.46530823297E+04
8.13000E+00        1.46337432574E+04
8.13600E+00        1.46144290472E+04
8.14200E+00        1.45951659394E+04
8.14800E+00        1.45759275310E+04
8.15400E+00        1.45567399936E+04
8.16000E+00        1.45375769941E+04
8.16600E+00        1.45184660104E+04
8.17200E+00        1.44993780275E+04
8.17800E+00        1.44803404567E+04
8.18400E+00        1.44613271042E+04
8.19000E+00        1.44423639365E+04
8.19600E+00        1.44234248290E+04
8.20200E+00        1.44045356803E+04
8.20800E+00        1.43856833893E+04
8.21400E+00        1.43668549233E+04
8.22000E+00        1.43480760798E+04
8.22600E+00        1.43293209058E+04
8.23200E+00        1.43106151318E+04
8.23800E+00        1.42919328729E+04
8.24400E+00        1.42732997926E+04
8.25000E+00        1.42546914242E+04
8.25600E+00        1.42361306627E+04
8.26200E+00        1.42175931109E+04
8.26800E+00        1.41991042993E+04
8.27400E+00        1.41806385460E+04
8.28000E+00        1.41622213155E+04
8.28600E+00        1.41438269934E+04
8.29200E+00        1.41254809780E+04
8.29800E+00        1.41071577217E+04
8.30400E+00        1.40888825576E+04
8.31000E+00        1.40706300045E+04
8.31600E+00        1.40524253299E+04
8.32200E+00        1.40342431194E+04
8.32800E+00        1.40161085753E+04
8.33400E+00        1.39979963491E+04
8.34000E+00        1.39799315783E+04
8.34600E+00        1.39618889804E+04
8.35200E+00        1.39438936283E+04
8.35800E+00        1.39259216238E+04
8.36400E+00        1.39079953361E+04
8.37000E+00        1.38900909341E+04
8.37600E+00        1.38722208704E+04
8.38200E+00        1.38543975338E+04
8.38800E+00        1.38365958700E+04
8.39400E+00        1.38188407278E+04
8.40000E+00        1.38011071177E+04
8.40600E+00        1.37834198251E+04
8.41200E+00        1.37657539249E+04
8.41800E+00        1.37481341391E+04
8.42400E+00        1.37305356070E+04
8.43000E+00        1.37129829876E+04
8.43600E+00        1.36954514841E+04
8.44200E+00        1.36779656926E+04
8.44800E+00        1.36605008801E+04
8.45400E+00        1.36430692951E+04
8.46000E+00        1.36256831234E+04
8.46600E+00        1.36083177271E+04
8.47200E+00        1.35909975465E+04
8.47800E+00        1.35736980067E+04
8.48400E+00        1.35564434860E+04
8.49000E+00        1.35392094725E+04
8.49600E+00        1.35220202827E+04
8.50200E+00        1.35048514673E+04
8.50800E+00        1.34877272814E+04
8.51400E+00        1.34706233380E+04
8.52000E+00        1.34535517167E+04
8.52600E+00        1.34365244356E+04
8.53200E+00        1.34195172010E+04
8.53800E+00        1.34025541151E+04
8.54400E+00        1.33856109459E+04
8.55000E+00        1.33687130012E+04
8.55600E+00        1.33518323125E+04
8.56200E+00        1.33349859143E+04
8.56800E+00        1.33181819268E+04
8.57400E+00        1.33013975357E+04
8.58000E+00        1.32846566319E+04
8.58600E+00        1.32679351980E+04
8.59200E+00        1.32512451331E+04
8.59800E+00        1.32345982761E+04
8.60400E+00        1.32179707006E+04
8.61000E+00        1.32013861482E+04
8.61600E+00        1.31848207528E+04
8.62200E+00        1.31682863395E+04
8.62800E+00        1.31517946738E+04
8.63400E+00        1.31353219800E+04
8.64000E+00        1.31188918516E+04
8.64600E+00        1.31024805725E+04
8.65200E+00        1.30861116777E+04
8.65800E+00        1.30697615106E+04
8.66400E+00        1.30534417939E+04
8.67000E+00        1.30371641915E+04
8.67600E+00        1.30209051360E+04
8.68200E+00        1.30046880161E+04
8.68800E+00        1.29884893235E+04
8.69400E+00        1.29723207083E+04
8.70000E+00        1.29561937628E+04
8.70600E+00        1.29400850666E+04
8.71200E+00        1.29240178639E+04
8.71800E+00        1.29079687930E+04
8.72400E+00        1.28919494323E+04
8.73000E+00        1.28759713028E+04
8.73600E+00        1.28600111301E+04
8.74200E+00        1.28440804500E+04
8.74800E+00        1.28281907409E+04
8.75400E+00        1.28123188155E+04
8.76000E+00        1.27964876889E+04
8.76600E+00        1.27806742315E+04
8.77200E+00        1.27648899083E+04
8.77800E+00        1.27491461275E+04
8.78400E+00        1.27334198455E+04
8.79000E+00        1.27177224852E+04
8.79600E+00        1.27020654132E+04
8.80200E+00        1.26864256712E+04
8.80800E+00        1.26708260492E+04
8.81400E+00        1.26552436458E+04
8.82000E+00        1.26396898142E+04
8.82600E+00        1.26241758519E+04
8.83200E+00        1.26086789423E+04
8.83800E+00        1.25932103972E+04
8.84400E+00        1.25777814727E+04
8.85000E+00        1.25623694367E+04
8.85600E+00        1.25469855597E+04
8.86200E+00        1.25316410568E+04
8.86800E+00        1.25163132797E+04
8.87400E+00        1.25010247136E+04
8.88000E+00        1.24857527659E+04
8.88600E+00        1.24705086386E+04
8.89200E+00        1.24553034793E+04
8.89800E+00        1.24401147783E+04
8.90400E+00        1.24249536971E+04
8.91000E+00        1.24098313429E+04
8.91600E+00        1.23947252886E+04
8.92200E+00        1.23796454830E+04
8.92800E+00        1.23646065098E+04
8.93400E+00        1.23495825075E+04
8.94000E+00        1.23345857290E+04
8.94600E+00        1.23196272014E+04
8.95200E+00        1.23046846616E+04
8.95800E+00        1.22897691503E+04
8.96400E+00        1.22748916548E+04
8.97000E+00        1.22600288325E+04
8.97600E+00        1.22451951669E+04
8.98200E+00        1.22303969649E+04
8.98800E+00        1.22156156042E+04
8.99400E+00        1.22008608866E+04
9.00000E+00        1.21861437204E+04
9.00600E+00        1.21714420852E+04
9.01200E+00        1.21567669029E+04
9.01800E+00        1.21421290427E+04
9.02400E+00        1.21275065642E+04
9.03000E+00        1.21129103501E+04
9.03600E+00        1.20983512308E+04
9.04200E+00        1.20838073452E+04
9.04800E+00        1.20692895372E+04
9.05400E+00        1.20548085985E+04
9.06000E+00        1.20403438871E+04
9.06600E+00        1.20259039268E+04
9.07200E+00        1.20115006120E+04
9.07800E+00        1.19971111036E+04
9.08400E+00        1.19827484413E+04
9.09000E+00        1.19684114271E+04
9.09600E+00        1.19541107631E+04
9.10200E+00        1.19398248502E+04
9.10800E+00        1.19255655332E+04
9.11400E+00        1.19113412163E+04
9.12000E+00        1.18971315089E+04
9.12600E+00        1.18829470883E+04
9.13200E+00        1.18687974570E+04
9.13800E+00        1.18546645424E+04
9.14400E+00        1.18405556125E+04
9.15000E+00        1.18264823799E+04
9.15600E+00        1.18124234774E+04
9.16200E+00        1.17983895067E+04
9.16800E+00        1.17843804093E+04
9.17400E+00        1.17704067240E+04
9.18000E+00        1.17564471856E+04
9.18600E+00        1.17425123459E+04
9.19200E+00        1.17286127064E+04
9.19800E+00        1.17147270779E+04
9.20400E+00        1.17008659749E+04
9.21000E+00        1.16870398622E+04
9.21600E+00        1.16732276258E+04
9.22200E+00        1.16594397434E+04
9.22800E+00        1.16456761580E+04
9.23400E+00        1.16319472852E+04
9.24000E+00        1.16182321115E+04
9.24600E+00        1.16045410652E+04
9.25200E+00        1.15908845253E+04
9.25800E+00        1.15772415529E+04
9.26400E+00        1.15636225398E+04
9.27000E+00        1.15500274300E+04
9.27600E+00        1.15364665546E+04
9.28200E+00        1.15229190730E+04
9.28800E+00        1.15093953287E+04
9.29400E+00        1.14959056163E+04
9.30000E+00        1.14824291692E+04
9.30600E+00        1.14689762945E+04
9.31200E+00        1.14555469376E+04
9.31800E+00        1.14421513454E+04
9.32400E+00        1.14287688488E+04
9.33000E+00        1.14154097072E+04
9.33600E+00        1.14020841316E+04
9.34200E+00        1.13887715259E+04
9.34800E+00        1.13754831906E+04
9.35400E+00        1.13622169168E+04
9.36000E+00        1.13489839469E+04
9.36600E+00        1.13357637809E+04
9.37200E+00        1.13225665951E+04
9.37800E+00        1.13093923365E+04
9.38400E+00        1.12962511222E+04
9.39000E+00        1.12831225482E+04
9.39600E+00        1.12700167435E+04
9.40200E+00        1.12569336558E+04
9.40800E+00        1.12438833557E+04
9.41400E+00        1.12308455341E+04
9.42000E+00        1.12178302735E+04
9.42600E+00        1.12048476096E+04
9.43200E+00        1.11918773043E+04
9.43800E+00        1.11789304636E+04
9.44400E+00        1.11660049183E+04
9.45000E+00        1.11531117177E+04
9.45600E+00        1.11402307174E+04
9.46200E+00        1.11273719192E+04
9.46800E+00        1.11145352722E+04
9.47400E+00        1.11017307205E+04
9.48000E+00        1.10889382131E+04
9.48600E+00        1.10761677057E+04
9.49200E+00        1.10634191482E+04
9.49800E+00        1.10507024391E+04
9.50400E+00        1.10379976201E+04
9.51000E+00        1.10253156453E+04
9.51600E+00        1.10126642905E+04
9.52200E+00        1.10000247114E+04
9.52800E+00        1.09874067844E+04
9.53400E+00        1.09748104603E+04
9.54000E+00        1.09622455589E+04
9.54600E+00        1.09496922824E+04
9.55200E+00        1.09371604621E+04
9.55800E+00        1.09246500496E+04
9.56400E+00        1.09121708200E+04
9.57000E+00        1.08997030663E+04
9.57600E+00        1.08872576062E+04
9.58200E+00        1.08748323287E+04
9.58800E+00        1.08624282180E+04
9.59400E+00        1.08500549939E+04
9.60000E+00        1.08376930623E+04
9.60600E+00        1.08253521544E+04
9.61200E+00        1.08130322229E+04
9.61800E+00        1.08007429438E+04
9.62400E+00        1.07884648124E+04
9.63000E+00        1.07762075160E+04
9.63600E+00        1.07639710078E+04
9.64200E+00        1.07517649201E+04
9.64800E+00        1.07395708539E+04
9.65400E+00        1.07273964182E+04
9.66000E+00        1.07152425844E+04
9.66600E+00        1.07031189418E+04
9.67200E+00        1.06910061628E+04
9.67800E+00        1.06789138475E+04
9.68400E+00        1.06668419502E+04
9.69000E+00        1.06547904251E+04
9.69600E+00        1.06427688077E+04
9.70200E+00        1.06307578798E+04
9.70800E+00        1.06187671878E+04
9.71400E+00        1.06067976908E+04
9.72000E+00        1.05948473341E+04
9.72600E+00        1.05829266052E+04
9.73200E+00        1.05710163944E+04
9.73800E+00        1.05591261949E+04
9.74400E+00        1.05472559621E+04
9.75000E+00        1.05354151356E+04
9.75600E+00        1.05235846922E+04
9.76200E+00        1.05117740825E+04
9.76800E+00        1.04999832624E+04
9.77400E+00        1.04882121880E+04
9.78000E+00        1.04764712383E+04
9.78600E+00        1.04647395121E+04
9.79200E+00        1.04530274004E+04
9.79800E+00        1.04413348598E+04
9.80400E+00        1.04296618469E+04
9.81000E+00        1.04180176968E+04
9.81600E+00        1.04063835992E+04
9.82200E+00        1.03947688999E+04
9.82800E+00        1.03831735561E+04
9.83400E+00        1.03715985068E+04
9.84000E+00        1.03600510708E+04
9.84600E+00        1.03485135258E+04
9.85200E+00        1.03369951658E+04
9.85800E+00        1.03254959487E+04
9.86400E+00        1.03140158323E+04
9.87000E+00        1.03025640487E+04
9.87600E+00        1.02911219971E+04
9.88200E+00        1.02796989203E+04
9.88800E+00        1.02682957487E+04
9.89400E+00        1.02569104954E+04
9.90000E+00        1.02455533150E+04
9.90600E+00        1.02342057101E+04
9.91200E+00        1.02228768724E+04
9.91800E+00        1.02115667610E+04
9.92400E+00        1.02002753347E+04
9.93000E+00        1.01890117246E+04
9.93600E+00        1.01777575357E+04
9.94200E+00        1.01665228720E+04
9.94800E+00        1.01553057669E+04
9.95400E+00        1.01441071433E+04
9.96000E+00        1.01329269610E+04
9.96600E+00        1.01217742910E+04
9.97200E+00        1.01106308604E+04
9.97800E+00        1.00995057505E+04
9.98400E+00        1.00883989214E+04
9.99000E+00        1.00773103333E+04
9.99600E+00        1.00662408995E+04
1.00020E+01        1.00551977246E+04
1.00080E+01        1.00441636105E+04
1.00140E+01        1.00331475792E+04
1.00200E+01        1.00221495912E+04
1.00260E+01        1.00111696075E+04
1.00320E+01        1.00002165908E+04
1.00380E+01        9.98927248855E+03
1.00440E+01        9.97834721822E+03
1.00500E+01        9.96743885075E+03
1.00560E+01        9.95654829314E+03
1.00620E+01        9.94567550683E+03
1.00680E+01        9.93482939631E+03
1.00740E+01        9.92399202755E+03
1.00800E+01        9.91317231503E+03
1.00860E+01        9.90237022060E+03
1.00920E+01        9.89158664262E+03
1.00980E+01        9.88081966931E+03
1.01040E+01        9.87007908486E+03
1.01100E+01        9.85934707264E+03
1.01160E+01        9.84863248930E+03
1.01220E+01        9.83793529729E+03
1.01280E+01        9.82725545919E+03
1.01340E+01        9.81659293765E+03
1.01400E+01        9.80594862372E+03
1.01460E+01        9.79532943992E+03
1.01520E+01        9.78471863443E+03
1.01580E+01        9.77412499716E+03
1.01640E+01        9.76354849124E+03
1.01700E+01        9.75298907994E+03
1.01760E+01        9.74244672661E+03
1.01820E+01        9.73193015482E+03
1.01880E+01        9.72142179839E+03
1.01940E+01        9.71093130988E+03
1.02000E+01        9.70045681344E+03
1.02060E+01        9.68999919320E+03
1.02120E+01        9.67955841309E+03
1.02180E+01        9.66913443714E+03
1.02240E+01        9.65873592365E+03
1.02300E+01        9.64834543912E+03
1.02360E+01        9.63797165142E+03
1.02420E+01        9.62761543635E+03
1.02480E+01        9.61727493465E+03
1.02540E+01        9.60695102329E+03
1.02600E+01        9.59664366696E+03
1.02660E+01        9.58635283044E+03
1.02720E+01        9.57608709831E+03
1.02780E+01        9.56582918690E+03
1.02840E+01        9.55558769022E+03
1.02900E+01        9.54536257344E+03
1.02960E+01        9.53515470442E+03
1.03020E+01        9.52496224228E+03
1.03080E+01        9.51478605605E+03
1.03140E+01        9.50463466655E+03
1.03200E+01        9.49449091964E+03
1.03260E+01        9.48436334548E+03
1.03320E+01        9.47425190987E+03
1.03380E+01        9.46415657868E+03
1.03440E+01        9.45407731789E+03
1.03500E+01        9.44401409356E+03
1.03560E+01        9.43396776488E+03
1.03620E+01        9.42394499367E+03
1.03680E+01        9.41392966599E+03
1.03740E+01        9.40393023992E+03
1.03800E+01        9.39394668196E+03
1.03860E+01        9.38397895870E+03
1.03920E+01        9.37402703682E+03
1.03980E+01        9.36409088308E+03
1.04040E+01        9.35417046434E+03
1.04100E+01        9.34426663208E+03
1.04160E+01        9.33438598521E+03
1.04220E+01        9.32451256361E+03
1.04280E+01        9.31465474529E+03
1.04340E+01        9.30481249754E+03
1.04400E+01        9.29498578773E+03
1.04460E+01        9.28517458331E+03
1.04520E+01        9.27537885181E+03
1.04580E+01        9.26559856087E+03
1.04640E+01        9.25583367818E+03
1.04700E+01        9.24608417154E+03
1.04760E+01        9.23635919673E+03
1.04820E+01        9.22664033622E+03
1.04880E+01        9.21693675564E+03
1.04940E+01        9.20724842312E+03
1.05000E+01        9.19757530687E+03
1.05060E+01        9.18791737518E+03
1.05120E+01        9.17827459640E+03
1.05180E+01        9.16864693901E+03
1.05240E+01        9.15903437154E+03
1.05300E+01        9.14944509786E+03
1.05360E+01        9.13986260751E+03
1.05420E+01        9.13029511318E+03
1.05480E+01        9.12074344708E+03
1.05540E+01        9.11120585054E+03
1.05600E+01        9.10168315683E+03
1.05660E+01        9.09217533506E+03
1.05720E+01        9.08268235440E+03
1.05780E+01        9.07320418412E+03
1.05840E+01        9.06374079355E+03
1.05900E+01        9.05429215210E+03
1.05960E+01        9.04485822928E+03
1.06020E+01        9.03543899465E+03
1.06080E+01        9.02604254196E+03
1.06140E+01        9.01665258430E+03
1.06200E+01        9.00727807665E+03
1.06260E+01        8.99791728278E+03
1.06320E+01        8.98857102615E+03
1.06380E+01        8.97923927681E+03
1.06440E+01        8.96992200488E+03
1.06500E+01        8.96061918053E+03
1.06560E+01        8.95133077404E+03
1.06620E+01        8.94205675577E+03
1.06680E+01        8.93279709612E+03
1.06740E+01        8.92355176559E+03
1.06800E+01        8.91432073476E+03
1.06860E+01        8.90511198940E+03
1.06920E+01        8.89590946168E+03
1.06980E+01        8.88672114583E+03
1.07040E+01        8.87754701273E+03
1.07100E+01        8.86838703332E+03
1.07160E+01        8.85924117861E+03
1.07220E+01        8.85010941971E+03
1.07280E+01        8.84099172777E+03
1.07340E+01        8.83188891003E+03
1.07400E+01        8.82279926496E+03
1.07460E+01        8.81372360079E+03
1.07520E+01        8.80466188899E+03
1.07580E+01        8.79561410108E+03
1.07640E+01        8.78658020868E+03
1.07700E+01        8.77756018345E+03
1.07760E+01        8.76855399714E+03
1.07820E+01        8.75956162157E+03
1.07880E+01        8.75058302863E+03
1.07940E+01        8.74161819028E+03
1.08000E+01        8.73267493833E+03
1.08060E+01        8.72373751728E+03
1.08120E+01        8.71481376714E+03
1.08180E+01        8.70590366016E+03
1.08240E+01        8.69700716865E+03
1.08300E+01        8.68812426498E+03
1.08360E+01        8.67925492163E+03
1.08420E+01        8.67039911110E+03
1.08480E+01        8.66155680599E+03
1.08540E+01        8.65272797896E+03
1.08600E+01        8.64391260275E+03
1.08660E+01        8.63511065014E+03
1.08720E+01        8.62632209401E+03
1.08780E+01        8.61754690729E+03
1.08840E+01        8.60878506298E+03
1.08900E+01        8.60003653416E+03
1.08960E+01        8.59130129396E+03
1.09020E+01        8.58257931559E+03
1.09080E+01        8.57387057232E+03
1.09140E+01        8.56517503750E+03
1.09200E+01        8.55649268452E+03
1.09260E+01        8.54782348687E+03
1.09320E+01        8.53916741807E+03
1.09380E+01        8.53052445175E+03
1.09440E+01        8.52189456156E+03
1.09500E+01        8.51327772125E+03
1.09560E+01        8.50467390463E+03
1.09620E+01        8.49608308555E+03
1.09680E+01        8.48750523795E+03
1.09740E+01        8.47894876958E+03
1.09800E+01        8.47039597675E+03
1.09860E+01        8.46184926439E+03
1.09920E+01        8.45332304337E+03
1.09980E+01        8.44480966447E+03
1.10040E+01        8.43630910202E+03
1.10100E+01        8.42782891553E+03
1.10160E+01        8.41935390156E+03
1.10220E+01        8.41089162739E+03
1.10280E+01        8.40244206760E+03
1.10340E+01        8.39400519683E+03
1.10400E+01        8.38558098978E+03
1.10460E+01        8.37716942121E+03
1.10520E+01        8.36877046596E+03
1.10580E+01        8.36038409891E+03
1.10640E+01        8.35201029500E+03
1.10700E+01        8.34364902927E+03
1.10760E+01        8.33530027677E+03
1.10820E+01        8.32696401265E+03
1.10880E+01        8.31864021211E+03
1.10940E+01        8.31032885041E+03
1.11000E+01        8.30202990286E+03
1.11060E+01        8.29374334484E+03
1.11120E+01        8.28546915181E+03
1.11180E+01        8.27720729927E+03
1.11240E+01        8.26895776277E+03
1.11300E+01        8.26071308336E+03
1.11360E+01        8.25248811329E+03
1.11420E+01        8.24427538631E+03
1.11480E+01        8.23607487822E+03
1.11540E+01        8.22789396989E+03
1.11600E+01        8.21971042222E+03
1.11660E+01        8.21154642621E+03
1.11720E+01        8.20339455290E+03
1.11780E+01        8.19525477838E+03
1.11840E+01        8.18712707881E+03
1.11900E+01        8.17901143041E+03
1.11960E+01        8.17090780945E+03
1.12020E+01        8.16281619226E+03
1.12080E+01        8.15473655524E+03
1.12140E+01        8.14666887483E+03
1.12200E+01        8.13861312754E+03
1.12260E+01        8.13056928993E+03
1.12320E+01        8.12253733862E+03
1.12380E+01        8.11451648226E+03
1.12440E+01        8.10650823440E+03
1.12500E+01        8.09851180304E+03
1.12560E+01        8.09052716504E+03
1.12620E+01        8.08255429728E+03
1.12680E+01        8.07459317675E+03
1.12740E+01        8.06664378044E+03
1.12800E+01        8.05870608545E+03
1.12860E+01        8.05078006888E+03
1.12920E+01        8.04286570793E+03
1.12980E+01        8.03496297984E+03
1.13040E+01        8.02707186189E+03
1.13100E+01        8.01919233145E+03
1.13160E+01        8.01132436592E+03
1.13220E+01        8.00346794275E+03
1.13280E+01        7.99562303946E+03
1.13340E+01        7.98778963362E+03
1.13400E+01        7.97996770285E+03
1.13460E+01        7.97215722483E+03
1.13520E+01        7.96435025589E+03
1.13580E+01        7.95656262437E+03
1.13640E+01        7.94878637894E+03
1.13700E+01        7.94102149750E+03
1.13760E+01        7.93326795799E+03
1.13820E+01        7.92552573841E+03
1.13880E+01        7.91779481682E+03
1.13940E+01        7.91007517132E+03
1.14000E+01        7.90236678006E+03
1.14060E+01        7.89466962126E+03
1.14120E+01        7.88698367319E+03
1.14180E+01        7.87930891415E+03
1.14240E+01        7.87164532251E+03
1.14300E+01        7.86399213241E+03
1.14360E+01        7.85635081162E+03
1.14420E+01        7.84872059365E+03
1.14480E+01        7.84110145707E+03
1.14540E+01        7.83349338051E+03
1.14600E+01        7.82589634266E+03
1.14660E+01        7.81830328619E+03
1.14720E+01        7.81072826879E+03
1.14780E+01        7.80316422642E+03
1.14840E+01        7.79561113796E+03
1.14900E+01        7.78806898234E+03
1.14960E+01        7.78053773855E+03
1.15020E+01        7.77301664994E+03
1.15080E+01        7.76550716765E+03
1.15140E+01        7.75800853444E+03
1.15200E+01        7.75052072949E+03
1.15260E+01        7.74304373202E+03
1.15320E+01        7.73557752133E+03
1.15380E+01        7.72812207673E+03
1.15440E+01        7.72067042953E+03
1.15500E+01        7.71323646203E+03
1.15560E+01        7.70581319891E+03
1.15620E+01        7.69840061970E+03
1.15680E+01        7.69099797608E+03
1.15740E+01        7.68360670417E+03
1.15800E+01        7.67622605504E+03
1.15860E+01        7.66885600842E+03
1.15920E+01        7.66149654408E+03
1.15980E+01        7.65414764184E+03
1.16040E+01        7.64680928155E+03
1.16100E+01        7.63948144314E+03
1.16160E+01        7.63215723821E+03
1.16220E+01        7.62485039007E+03
1.16280E+01        7.61755400382E+03
1.16340E+01        7.61026733931E+03
1.16400E+01        7.60299181789E+03
1.16460E+01        7.59572669881E+03
1.16520E+01        7.58847196233E+03
1.16580E+01        7.58122758872E+03
1.16640E+01        7.57399355833E+03
1.16700E+01        7.56676985154E+03
1.16760E+01        7.55955644879E+03
1.16820E+01        7.55234581931E+03
1.16880E+01        7.54515297325E+03
1.16940E+01        7.53797037279E+03
1.17000E+01        7.53079799853E+03
1.17060E+01        7.52363583114E+03
1.17120E+01        7.51648385131E+03
1.17180E+01        7.50934203981E+03
1.17240E+01        7.50221037743E+03
1.17300E+01        7.49508884500E+03
1.17360E+01        7.48796997627E+03
1.17420E+01        7.48086865354E+03
1.17480E+01        7.47377740355E+03
1.17540E+01        7.46669620732E+03
1.17600E+01        7.45962504593E+03
1.17660E+01        7.45256390047E+03
1.17720E+01        7.44551275210E+03
1.17780E+01        7.43847158203E+03
1.17840E+01        7.43144037149E+03
1.17900E+01        7.42441839912E+03
1.17960E+01        7.41740037730E+03
1.18020E+01        7.41039894022E+03
1.18080E+01        7.40340738807E+03
1.18140E+01        7.39642570231E+03
1.18200E+01        7.38945386444E+03
1.18260E+01        7.38249185601E+03
1.18320E+01        7.37553965862E+03
1.18380E+01        7.36859655652E+03
1.18440E+01        7.36166392679E+03
1.18500E+01        7.35473443464E+03
1.18560E+01        7.34782130500E+03
1.18620E+01        7.34091789497E+03
1.18680E+01        7.33402418641E+03
1.18740E+01        7.32714016118E+03
1.18800E+01        7.32026510845E+03
1.18860E+01        7.31340039640E+03
1.18920E+01        7.30654531361E+03
1.18980E+01        7.29969327324E+03
1.19040E+01        7.29285740134E+03
1.19100E+01        7.28603110498E+03
1.19160E+01        7.27921436634E+03
1.19220E+01        7.27240647939E+03
1.19280E+01        7.26560880355E+03
1.19340E+01        7.25882063222E+03
1.19400E+01        7.25204194774E+03
1.19460E+01        7.24526621263E+03
1.19520E+01        7.23850645514E+03
1.19580E+01        7.23175613178E+03
1.19640E+01        7.22501522505E+03
1.19700E+01        7.21828303438E+03
1.19760E+01        7.21156090923E+03
1.19820E+01        7.20484814847E+03
1.19880E+01        7.19813825736E+03
1.19940E+01        7.19144417947E+03
1.20000E+01        7.18475941409E+03
1.20060E+01        7.17808394400E+03
1.20120E+01        7.17141707336E+03
1.20180E+01        7.16476014302E+03
1.20240E+01        7.15811245658E+03
1.20300E+01        7.15146756159E+03
1.20360E+01        7.14483831778E+03
1.20420E+01        7.13821826682E+03
1.20480E+01        7.13160671685E+03
1.20540E+01        7.12500500143E+03
1.20600E+01        7.11841242815E+03
1.20660E+01        7.11182258051E+03
1.20720E+01        7.10524824701E+03
1.20780E+01        7.09868300531E+03
1.20840E+01        7.09212683869E+03
1.20900E+01        7.08557905993E+03
1.20960E+01        7.07904099413E+03
1.21020E+01        7.07251195352E+03
1.21080E+01        7.06598556316E+03
1.21140E+01        7.05947452918E+03
1.21200E+01        7.05297247084E+03
1.21260E+01        7.04647870484E+03
1.21320E+01        7.03999454911E+03
1.21380E+01        7.03351931980E+03
1.21440E+01        7.02704667727E+03
1.21500E+01        7.02058925769E+03
1.21560E+01        7.01414071566E+03
1.21620E+01        7.00770037178E+03
1.21680E+01        7.00126953683E+03
1.21740E+01        6.99484753089E+03
1.21800E+01        6.98842804931E+03
1.21860E+01        6.98202365887E+03
1.21920E+01        6.97562804921E+03
1.21980E+01        6.96924054482E+03
1.22040E+01        6.96286244938E+03
1.22100E+01        6.95649308685E+03
1.22160E+01        6.95013244134E+03
1.22220E+01        6.94377424867E+03
1.22280E+01        6.93743033886E+03
1.22340E+01        6.93109575573E+03
1.22400E+01        6.92476982640E+03
1.22460E+01        6.91845253518E+03
1.22520E+01        6.91213764656E+03
1.22580E+01        6.90583759023E+03
1.22640E+01        6.89954547215E+03
1.22700E+01        6.89326258321E+03
1.22760E+01        6.88698825434E+03
1.22820E+01        6.88072247005E+03
1.22880E+01        6.87445902898E+03
1.22940E+01        6.86820964316E+03
1.23000E+01        6.86196940617E+03
1.23060E+01        6.85573765212E+03
1.23120E+01        6.84951436567E+03
1.23180E+01        6.84329337370E+03
1.23240E+01        6.83708698221E+03
1.23300E+01        6.83088836612E+03
1.23360E+01        6.82469880369E+03
1.23420E+01        6.81851763274E+03
1.23480E+01        6.81234483817E+03
1.23540E+01        6.80617428049E+03
1.23600E+01        6.80001755547E+03
1.23660E+01        6.79386980576E+03
1.23720E+01        6.78773037227E+03
1.23780E+01        6.78159924005E+03
1.23840E+01        6.77547029745E+03
1.23900E+01        6.76935508798E+03
1.23960E+01        6.76324877631E+03
1.24020E+01        6.75715070644E+03
1.24080E+01        6.75106086358E+03
1.24140E+01        6.74497316372E+03
1.24200E+01        6.73889909844E+03
1.24260E+01        6.73283385431E+03
1.24320E+01        6.72677677838E+03
1.24380E+01        6.72072785604E+03
1.24440E+01        6.71468103071E+03
1.24500E+01        6.70864774240E+03
1.24560E+01        6.70262319942E+03
1.24620E+01        6.69660675188E+03
1.24680E+01        6.69059838530E+03
1.24740E+01        6.68459207037E+03
1.24800E+01        6.67859919588E+03
1.24860E+01        6.67261499175E+03
1.24920E+01        6.66663881107E+03
1.24980E+01        6.66067063954E+03
1.25040E+01        6.65470447493E+03
1.25100E+01        6.64875165514E+03
1.25160E+01        6.64280743154E+03
1.25220E+01        6.63687116021E+03
1.25280E+01        6.63093686045E+03
1.25340E+01        6.62501645662E+03
1.25400E+01        6.61910333637E+03
1.25460E+01        6.61319873894E+03
1.25520E+01        6.60730202340E+03
1.25580E+01        6.60140723578E+03
1.25640E+01        6.59552624738E+03
1.25700E+01        6.58965247543E+03
1.25760E+01        6.58378715373E+03
1.25820E+01        6.57792964430E+03
1.25880E+01        6.57207401975E+03
1.25940E+01        6.56623147730E+03
1.26000E+01        6.56039732762E+03
1.26060E+01        6.55457093506E+03
1.26120E+01        6.54874639336E+03
1.26180E+01        6.54293547918E+03
1.26240E+01        6.53713166248E+03
1.26300E+01        6.53133616740E+03
1.26360E+01        6.52554836119E+03
1.26420E+01        6.51976236384E+03
1.26480E+01        6.51398989992E+03
1.26540E+01        6.50822446842E+03
1.26600E+01        6.50246728815E+03
1.26660E+01        6.49671188355E+03
1.26720E+01        6.49096993778E+03
1.26780E+01        6.48523497289E+03
1.26840E+01        6.47950820345E+03
1.26900E+01        6.47378900191E+03
1.26960E+01        6.46807153508E+03
1.27020E+01        6.46236743463E+03
1.27080E+01        6.45667025129E+03
1.27140E+01        6.45098119437E+03
1.27200E+01        6.44529383978E+03
1.27260E+01        6.43961977825E+03
1.27320E+01        6.43395258334E+03
1.27380E+01        6.42829346014E+03
1.27440E+01        6.42263600724E+03
1.27500E+01        6.41699177466E+03
1.27560E+01        6.41135435864E+03
1.27620E+01        6.40572496010E+03
1.27680E+01        6.40010295887E+03
1.27740E+01        6.39448258841E+03
1.27800E+01        6.38887534813E+03
1.27860E+01        6.38327486244E+03
1.27920E+01        6.37768232711E+03
1.27980E+01        6.37209139130E+03
1.28040E+01        6.36651351418E+03
1.28100E+01        6.36094234258E+03
1.28160E+01        6.35537906814E+03
1.28220E+01        6.34981736232E+03
1.28280E+01        6.34426864425E+03
1.28340E+01        6.33872658306E+03
1.28400E+01        6.33319236629E+03
1.28460E+01        6.32765968757E+03
1.28520E+01        6.32213992620E+03
1.28580E+01        6.31662677350E+03
1.28640E+01        6.31112141293E+03
1.28700E+01        6.30561756017E+03
1.28760E+01        6.30012655490E+03
1.28820E+01        6.29464211052E+03
1.28880E+01        6.28916540642E+03
1.28940E+01        6.28369018021E+03
1.29000E+01        6.27822773218E+03
1.29060E+01        6.27277179767E+03
1.29120E+01        6.26732355202E+03
1.29180E+01        6.26187675468E+03
1.29240E+01        6.25644266673E+03
1.29300E+01        6.25101504533E+03
1.29360E+01        6.24559506183E+03
1.29420E+01        6.24017649738E+03
1.29480E+01        6.23477057404E+03
1.29540E+01        6.22937166016E+03
1.29600E+01        6.22397915472E+03
1.29660E+01        6.21858862884E+03
1.29720E+01        6.21321067633E+03
1.29780E+01        6.20783909768E+03
1.29840E+01        6.20246947555E+03
1.29900E+01        6.19711237631E+03
1.29960E+01        6.19176220248E+03
1.30020E+01        6.18641835679E+03
1.30080E+01        6.18107643718E+03
1.30140E+01        6.17574697361E+03
1.30200E+01        6.17042438799E+03
1.30260E+01        6.16510808516E+03
1.30320E+01        6.15979367830E+03
1.30380E+01        6.15449166113E+03
1.30440E+01        6.14919647485E+03
1.30500E+01        6.14390199844E+03
1.30560E+01        6.13862044415E+03
1.30620E+01        6.13334568572E+03
1.30680E+01        6.12807771154E+03
1.30740E+01        6.12281042165E+03
1.30800E+01        6.11755598641E+03
1.30860E+01        6.11230830067E+03
1.30920E+01        6.10706735291E+03
1.30980E+01        6.10182706418E+03
1.31040E+01        6.09659956311E+03
1.31100E+01        6.09137876558E+03
1.31160E+01        6.08615860830E+03
1.31220E+01        6.08095118878E+03
1.31280E+01        6.07575043858E+03
1.31340E+01        6.07055634635E+03
1.31400E+01        6.06536286959E+03
1.31460E+01        6.06018206448E+03
1.31520E+01        6.05500788340E+03
1.31580E+01        6.04984031510E+03
1.31640E+01        6.04467333776E+03
1.31700E+01        6.03951896647E+03
1.31760E+01        6.03437117430E+03
1.31820E+01        6.02922395489E+03
1.31880E+01        6.02408929263E+03
1.31940E+01        6.01896117607E+03
1.32000E+01        6.01383959412E+03
1.32060E+01        6.00871856091E+03
1.32120E+01        6.00361002007E+03
1.32180E+01        5.99850798068E+03
1.32240E+01        5.99340703931E+03
1.32300E+01        5.98831740782E+03
1.32360E+01        5.98323481196E+03
1.32420E+01        5.97815329497E+03
1.32480E+01        5.97308304276E+03
1.32540E+01        5.96801979200E+03
1.32600E+01        5.96296296617E+03
1.32660E+01        5.95790719393E+03
1.32720E+01        5.95286262672E+03
1.32780E+01        5.94782501572E+03
1.32840E+01        5.94278843955E+03
1.32900E+01        5.93776358572E+03
1.32960E+01        5.93274453074E+03
1.33020E+01        5.92773238711E+03
1.33080E+01        5.92272125351E+03
1.33140E+01        5.91772122144E+03
1.33200E+01        5.91272806731E+03
1.33260E+01        5.90773590479E+03
1.33320E+01        5.90275479985E+03
1.33380E+01        5.89778053966E+03
1.33440E+01        5.89281255465E+03
1.33500E+01        5.88784553693E+03
1.33560E+01        5.88288951858E+03
1.33620E+01        5.87794030102E+03
1.33680E+01        5.87299203266E+03
1.33740E+01        5.86805472031E+03
1.33800E+01        5.86312417602E+03
1.33860E+01        5.85819456300E+03
1.33920E+01        5.85327641669E+03
1.33980E+01        5.84836389824E+03
1.34040E+01        5.84345284711E+03
1.34100E+01        5.83855321841E+03
1.34160E+01        5.83365918802E+03
1.34220E+01        5.82876660592E+03
1.34280E+01        5.82388540221E+03
1.34340E+01        5.81901031806E+03
1.34400E+01        5.81414079313E+03
1.34460E+01        5.80927269134E+03
1.34520E+01        5.80441590958E+03
1.34580E+01        5.79956465795E+03
1.34640E+01        5.79471481076E+03
1.34700E+01        5.78987624013E+03
1.34760E+01        5.78504317070E+03
1.34820E+01        5.78021148716E+03
1.34880E+01        5.77539103693E+03
1.34940E+01        5.77057660518E+03
1.35000E+01        5.76576244889E+03
1.35060E+01        5.76096002892E+03
1.35120E+01        5.75616359751E+03
1.35180E+01        5.75137260053E+03
1.35240E+01        5.74658294672E+03
1.35300E+01        5.74180442624E+03
1.35360E+01        5.73703131188E+03
1.35420E+01        5.73225952261E+03
1.35480E+01        5.72749882421E+03
1.35540E+01        5.72274404527E+03
1.35600E+01        5.71798949053E+03
1.35660E+01        5.71324652589E+03
1.35720E+01        5.70850945142E+03
1.35780E+01        5.70377258604E+03
1.35840E+01        5.69904726742E+03
1.35900E+01        5.69432780984E+03
1.35960E+01        5.68960854637E+03
1.36020E+01        5.68490078655E+03
1.36080E+01        5.68019885881E+03
1.36140E+01        5.67549711035E+03
1.36200E+01        5.67080682264E+03
1.36260E+01        5.66612233824E+03
1.36320E+01        5.66143855407E+03
1.36380E+01        5.65676511665E+03
1.36440E+01        5.65209798962E+03
1.36500E+01        5.64743154690E+03
1.36560E+01        5.64277541115E+03
1.36620E+01        5.63812555605E+03
1.36680E+01        5.63347636946E+03
1.36740E+01        5.62883745028E+03
1.36800E+01        5.62420478218E+03
1.36860E+01        5.61957276693E+03
1.36920E+01        5.61495097973E+03
1.36980E+01        5.61033541424E+03
1.37040E+01        5.60572048605E+03
1.37100E+01        5.60111574678E+03
1.37160E+01        5.59651720000E+03
1.37220E+01        5.59191927512E+03
1.37280E+01        5.58733150023E+03
1.37340E+01        5.58274988880E+03
1.37400E+01        5.57816888397E+03
1.37460E+01        5.57359799043E+03
1.37520E+01        5.56903323147E+03
1.37580E+01        5.56446906395E+03
1.37640E+01        5.55991496922E+03
1.37700E+01        5.55536698039E+03
1.37760E+01        5.55081956795E+03
1.37820E+01        5.54628218999E+03
1.37880E+01        5.54175088943E+03
1.37940E+01        5.53722015032E+03
1.38000E+01        5.53269993110E+03
1.38060E+01        5.52818471395E+03
1.38120E+01        5.52367056695E+03
1.38180E+01        5.51916637846E+03
1.38240E+01        5.51466821083E+03
1.38300E+01        5.51017057518E+03
1.38360E+01        5.50568338128E+03
1.38420E+01        5.50119618914E+03
1.38480E+01        5.49671993383E+03
1.38540E+01        5.49224861263E+03
1.38600E+01        5.48777831926E+03
1.38660E+01        5.48331840319E+03
1.38720E+01        5.47886391442E+03
1.38780E+01        5.47440940107E+03
1.38840E+01        5.46996574499E+03
1.38900E+01        5.46552697279E+03
1.38960E+01        5.46108919726E+03
1.39020E+01        5.45666172240E+03
1.39080E+01        5.45223962240E+03
1.39140E+01        5.44781747195E+03
1.39200E+01        5.44340610003E+03
1.39260E+01        5.43899956237E+03
1.39320E+01        5.43459399070E+03
1.39380E+01        5.43019864389E+03
1.39440E+01        5.42580322540E+03
1.39500E+01        5.42141852046E+03
1.39560E+01        5.41703912142E+03
1.39620E+01        5.41265963810E+03
1.39680E+01        5.40829082961E+03
1.39740E+01        5.40392730144E+03
1.39800E+01        5.39956367651E+03
1.39860E+01        5.39521068789E+03
1.39920E+01        5.39086295418E+03
1.39980E+01        5.38651511131E+03
1.40040E+01        5.38217786644E+03
