# %ECSV 0.9
# ---
# datatype:
# - {name: wavelength, unit: micron, datatype: float64}
# - {name: flux, unit: microJansky, datatype: float64}
# schema: astropy-2.0
#
#
#  - - File generated by ExoNoodle - -
#         V1.0.0 - MML (CEA-Saclay)
#       2021-03-25 15:37:33.308590
wavelength flux 
3.00000E+00        7.36407382391E+04
3.00600E+00        7.34387054367E+04
3.01200E+00        7.32374788923E+04
3.01800E+00        7.30369387210E+04
3.02400E+00        7.28371019880E+04
3.03000E+00        7.26380461012E+04
3.03600E+00        7.24397310890E+04
3.04200E+00        7.22421044630E+04
3.04800E+00        7.20452559372E+04
3.05400E+00        7.18491297399E+04
3.06000E+00        7.16536931187E+04
3.06600E+00        7.14590157932E+04
3.07200E+00        7.12650255710E+04
3.07800E+00        7.10717822275E+04
3.08400E+00        7.08792171838E+04
3.09000E+00        7.06873604532E+04
3.09600E+00        7.04962543148E+04
3.10200E+00        7.03058117733E+04
3.10800E+00        7.01160720582E+04
3.11400E+00        6.99270322962E+04
3.12000E+00        6.97387280468E+04
3.12600E+00        6.95510795001E+04
3.13200E+00        6.93641223355E+04
3.13800E+00        6.91778506181E+04
3.14400E+00        6.89922677124E+04
3.15000E+00        6.88073646138E+04
3.15600E+00        6.86231416009E+04
3.16200E+00        6.84395989277E+04
3.16800E+00        6.82567276649E+04
3.17400E+00        6.80745311368E+04
3.18000E+00        6.78930004641E+04
3.18600E+00        6.77121359273E+04
3.19200E+00        6.75318975563E+04
3.19800E+00        6.73523661454E+04
3.20400E+00        6.71734865482E+04
3.21000E+00        6.69952650653E+04
3.21600E+00        6.68176929677E+04
3.22200E+00        6.66407397881E+04
3.22800E+00        6.64644673769E+04
3.23400E+00        6.62888362452E+04
3.24000E+00        6.61138161728E+04
3.24600E+00        6.59394744244E+04
3.25200E+00        6.57657659007E+04
3.25800E+00        6.55926547596E+04
3.26400E+00        6.54202136393E+04
3.27000E+00        6.52483647765E+04
3.27600E+00        6.50771804321E+04
3.28200E+00        6.49065774508E+04
3.28800E+00        6.47366393460E+04
3.29400E+00        6.45673131522E+04
3.30000E+00        6.43985694812E+04
3.30600E+00        6.42304767678E+04
3.31200E+00        6.40629558197E+04
3.31800E+00        6.38960424232E+04
3.32400E+00        6.37297719753E+04
3.33000E+00        6.35640659108E+04
3.33600E+00        6.33989597449E+04
3.34200E+00        6.32344509457E+04
3.34800E+00        6.30705745548E+04
3.35400E+00        6.29072528337E+04
3.36000E+00        6.27445209412E+04
3.36600E+00        6.25823707862E+04
3.37200E+00        6.24208110942E+04
3.37800E+00        6.22598680749E+04
3.38400E+00        6.20994650287E+04
3.39000E+00        6.19396450083E+04
3.39600E+00        6.17803944740E+04
3.40200E+00        6.16217192997E+04
3.40800E+00        6.14636115406E+04
3.41400E+00        6.13060742845E+04
3.42000E+00        6.11490968995E+04
3.42600E+00        6.09926516164E+04
3.43200E+00        6.08368005851E+04
3.43800E+00        6.06815050308E+04
3.44400E+00        6.05267653124E+04
3.45000E+00        6.03725763712E+04
3.45600E+00        6.02189080945E+04
3.46200E+00        6.00658191735E+04
3.46800E+00        5.99132767233E+04
3.47400E+00        5.97612784231E+04
3.48000E+00        5.96097864627E+04
3.48600E+00        5.94588696286E+04
3.49200E+00        5.93084547201E+04
3.49800E+00        5.91586022465E+04
3.50400E+00        5.90092552772E+04
3.51000E+00        5.88604713307E+04
3.51600E+00        5.87121779796E+04
3.52200E+00        5.85644456331E+04
3.52800E+00        5.84172022163E+04
3.53400E+00        5.82705125604E+04
3.54000E+00        5.81243101787E+04
3.54600E+00        5.79786250386E+04
3.55200E+00        5.78334842089E+04
3.55800E+00        5.76888217335E+04
3.56400E+00        5.75446751045E+04
3.57000E+00        5.74010318461E+04
3.57600E+00        5.72579264921E+04
3.58200E+00        5.71152937402E+04
3.58800E+00        5.69731630624E+04
3.59400E+00        5.68315297842E+04
3.60000E+00        5.66903943352E+04
3.60600E+00        5.65497546004E+04
3.61200E+00        5.64096059516E+04
3.61800E+00        5.62699513430E+04
3.62400E+00        5.61308145627E+04
3.63000E+00        5.59921341499E+04
3.63600E+00        5.58539390262E+04
3.64200E+00        5.57161914634E+04
3.64800E+00        5.55789608338E+04
3.65400E+00        5.54422068600E+04
3.66000E+00        5.53059275273E+04
3.66600E+00        5.51701232963E+04
3.67200E+00        5.50347921516E+04
3.67800E+00        5.48999320865E+04
3.68400E+00        5.47655386550E+04
3.69000E+00        5.46315846844E+04
3.69600E+00        5.44981235513E+04
3.70200E+00        5.43651255721E+04
3.70800E+00        5.42325887846E+04
3.71400E+00        5.41004790222E+04
3.72000E+00        5.39688588444E+04
3.72600E+00        5.38376916162E+04
3.73200E+00        5.37069802302E+04
3.73800E+00        5.35766860586E+04
3.74400E+00        5.34468734768E+04
3.75000E+00        5.33174792426E+04
3.75600E+00        5.31885578804E+04
3.76200E+00        5.30600828339E+04
3.76800E+00        5.29320183270E+04
3.77400E+00        5.28043917996E+04
3.78000E+00        5.26772351283E+04
3.78600E+00        5.25505149460E+04
3.79200E+00        5.24242005409E+04
3.79800E+00        5.22983167491E+04
3.80400E+00        5.21728928244E+04
3.81000E+00        5.20478717448E+04
3.81600E+00        5.19233021129E+04
3.82200E+00        5.17991341686E+04
3.82800E+00        5.16754139628E+04
3.83400E+00        5.15520896762E+04
3.84000E+00        5.14291834415E+04
3.84600E+00        5.13067263470E+04
3.85200E+00        5.11846554648E+04
3.85800E+00        5.10630019448E+04
3.86400E+00        5.09417852456E+04
3.87000E+00        5.08209543081E+04
3.87600E+00        5.07005309728E+04
3.88200E+00        5.05805481714E+04
3.88800E+00        5.04609393633E+04
3.89400E+00        5.03417352955E+04
3.90000E+00        5.02229342704E+04
3.90600E+00        5.01045345986E+04
3.91200E+00        4.99865345979E+04
3.91800E+00        4.98689600548E+04
3.92400E+00        4.97517520932E+04
3.93000E+00        4.96349410330E+04
3.93600E+00        4.95185207803E+04
3.94200E+00        4.94024941239E+04
3.94800E+00        4.92868528026E+04
3.95400E+00        4.91716018133E+04
3.96000E+00        4.90567373269E+04
3.96600E+00        4.89422555420E+04
3.97200E+00        4.88281570508E+04
3.97800E+00        4.87144424326E+04
3.98400E+00        4.86011057357E+04
3.99000E+00        4.84881475592E+04
3.99600E+00        4.83755663268E+04
4.00200E+00        4.82633583117E+04
4.00800E+00        4.81515262723E+04
4.01400E+00        4.80400643439E+04
4.02000E+00        4.79289731366E+04
4.02600E+00        4.78182532477E+04
4.03200E+00        4.77078988642E+04
4.03800E+00        4.75979084749E+04
4.04400E+00        4.74882869440E+04
4.05000E+00        4.73789981712E+04
4.05600E+00        4.72700992552E+04
4.06200E+00        4.71615583196E+04
4.06800E+00        4.70533780947E+04
4.07400E+00        4.69455528851E+04
4.08000E+00        4.68380575325E+04
4.08600E+00        4.67309422048E+04
4.09200E+00        4.66241795899E+04
4.09800E+00        4.65177682313E+04
4.10400E+00        4.64116790505E+04
4.11000E+00        4.63059659254E+04
4.11600E+00        4.62005955973E+04
4.12200E+00        4.60955495266E+04
4.12800E+00        4.59908709128E+04
4.13400E+00        4.58865370180E+04
4.14000E+00        4.57825171180E+04
4.14600E+00        4.56788602958E+04
4.15200E+00        4.55755188850E+04
4.15800E+00        4.54725417251E+04
4.16400E+00        4.53698860445E+04
4.17000E+00        4.52675600368E+04
4.17600E+00        4.51655919090E+04
4.18200E+00        4.50639103624E+04
4.18800E+00        4.49626040496E+04
4.19400E+00        4.48615818105E+04
4.20000E+00        4.47609319054E+04
4.20600E+00        4.46605635906E+04
4.21200E+00        4.45605647366E+04
4.21800E+00        4.44608450130E+04
4.22400E+00        4.43614919033E+04
4.23000E+00        4.42624154874E+04
4.23600E+00        4.41636831240E+04
4.24200E+00        4.40652645220E+04
4.24800E+00        4.39671675247E+04
4.25400E+00        4.38693817227E+04
4.26000E+00        4.37718908315E+04
4.26600E+00        4.36747567921E+04
4.27200E+00        4.35778911006E+04
4.27800E+00        4.34813361544E+04
4.28400E+00        4.33851100848E+04
4.29000E+00        4.32891251436E+04
4.29600E+00        4.31914022747E+04
4.30200E+00        4.30911204970E+04
4.30800E+00        4.30003983279E+04
4.31400E+00        4.29032842171E+04
4.32000E+00        4.28089546682E+04
4.32600E+00        4.26932839877E+04
4.33200E+00        4.26199656181E+04
4.33800E+00        4.25232870666E+04
4.34400E+00        4.24223116407E+04
4.35000E+00        4.23231475218E+04
4.35600E+00        4.22368357622E+04
4.36200E+00        4.21422345004E+04
4.36800E+00        4.20491483820E+04
4.37400E+00        4.19295922905E+04
4.38000E+00        4.18701894375E+04
4.38600E+00        4.17549141631E+04
4.39200E+00        4.16860821286E+04
4.39800E+00        4.15707551569E+04
4.40400E+00        4.15009218164E+04
4.41000E+00        4.14097776704E+04
4.41600E+00        4.13094200595E+04
4.42200E+00        4.12298172290E+04
4.42800E+00        4.11417790834E+04
4.43400E+00        4.10433605557E+04
4.44000E+00        4.09472508836E+04
4.44600E+00        4.08705441835E+04
4.45200E+00        4.07836691190E+04
4.45800E+00        4.06962549853E+04
4.46400E+00        4.06088584579E+04
4.47000E+00        4.05188944502E+04
4.47600E+00        4.04299366863E+04
4.48200E+00        4.03390447204E+04
4.48800E+00        4.02507124850E+04
4.49400E+00        4.01659266195E+04
4.50000E+00        4.00761454413E+04
4.50600E+00        3.99915225990E+04
4.51200E+00        3.99087208854E+04
4.51800E+00        3.98271755273E+04
4.52400E+00        3.97173320349E+04
4.53000E+00        3.96620591667E+04
4.53600E+00        3.95776551618E+04
4.54200E+00        3.94933637164E+04
4.54800E+00        3.94112699744E+04
4.55400E+00        3.93216314408E+04
4.56000E+00        3.92394133651E+04
4.56600E+00        3.91455664650E+04
4.57200E+00        3.90727160254E+04
4.57800E+00        3.89937423599E+04
4.58400E+00        3.89049760883E+04
4.59000E+00        3.88252860605E+04
4.59600E+00        3.87443098734E+04
4.60200E+00        3.86339275733E+04
4.60800E+00        3.85810628187E+04
4.61400E+00        3.85019845059E+04
4.62000E+00        3.84094569930E+04
4.62600E+00        3.83376218299E+04
4.63200E+00        3.82621211639E+04
4.63800E+00        3.81851523198E+04
4.64400E+00        3.80998663272E+04
4.65000E+00        3.80199039681E+04
4.65600E+00        3.79520942111E+04
4.66200E+00        3.78776217062E+04
4.66800E+00        3.77915351050E+04
4.67400E+00        3.76944951143E+04
4.68000E+00        3.76311391663E+04
4.68600E+00        3.75611531182E+04
4.69200E+00        3.74744410181E+04
4.69800E+00        3.73992917196E+04
4.70400E+00        3.73275882493E+04
4.71000E+00        3.72444264684E+04
4.71600E+00        3.71670279286E+04
4.72200E+00        3.70934699439E+04
4.72800E+00        3.70159632542E+04
4.73400E+00        3.69341691652E+04
4.74000E+00        3.68629698743E+04
4.74600E+00        3.67839963542E+04
4.75200E+00        3.67122013848E+04
4.75800E+00        3.66356882729E+04
4.76400E+00        3.65455102639E+04
4.77000E+00        3.64896972608E+04
4.77600E+00        3.64100211400E+04
4.78200E+00        3.63317636390E+04
4.78800E+00        3.62673935448E+04
4.79400E+00        3.61597710303E+04
4.80000E+00        3.61123949024E+04
4.80600E+00        3.60447059147E+04
4.81200E+00        3.59515992019E+04
4.81800E+00        3.58994457506E+04
4.82400E+00        3.58103562035E+04
4.83000E+00        3.57541077890E+04
4.83600E+00        3.56565501451E+04
4.84200E+00        3.56040719700E+04
4.84800E+00        3.55389608182E+04
4.85400E+00        3.54471389129E+04
4.86000E+00        3.53945359924E+04
4.86600E+00        3.53123405890E+04
4.87200E+00        3.52489275718E+04
4.87800E+00        3.51718865318E+04
4.88400E+00        3.50918479748E+04
4.89000E+00        3.50400774087E+04
4.89600E+00        3.49649583229E+04
4.90200E+00        3.49010846757E+04
4.90800E+00        3.48175345705E+04
4.91400E+00        3.47577774957E+04
4.92000E+00        3.46499495012E+04
4.92600E+00        3.46127701193E+04
4.93200E+00        3.45390994108E+04
4.93800E+00        3.44423693920E+04
4.94400E+00        3.44089760021E+04
4.95000E+00        3.43469575291E+04
4.95600E+00        3.42737755914E+04
4.96200E+00        3.42101045858E+04
4.96800E+00        3.41300923945E+04
4.97400E+00        3.40776208552E+04
4.98000E+00        3.39889449735E+04
4.98600E+00        3.39423363504E+04
4.99200E+00        3.38711611402E+04
4.99800E+00        3.38104377048E+04
5.00400E+00        3.37372748024E+04
5.01000E+00        3.36393629879E+04
5.01600E+00        3.36002536345E+04
5.02200E+00        3.35300087489E+04
5.02800E+00        3.34623829141E+04
5.03400E+00        3.34124798980E+04
5.04000E+00        3.33267680232E+04
5.04600E+00        3.32805521776E+04
5.05200E+00        3.32085844442E+04
5.05800E+00        3.31482342202E+04
5.06400E+00        3.30810616473E+04
5.07000E+00        3.30183525301E+04
5.07600E+00        3.29595458691E+04
5.08200E+00        3.28714392555E+04
5.08800E+00        3.28325828038E+04
5.09400E+00        3.27343037859E+04
5.10000E+00        3.27036356510E+04
5.10600E+00        3.26285567748E+04
5.11200E+00        3.25771678267E+04
5.11800E+00        3.24985612187E+04
5.12400E+00        3.24491593209E+04
5.13000E+00        3.23845534913E+04
5.13600E+00        3.23262773588E+04
5.14200E+00        3.22651864888E+04
5.14800E+00        3.22010773525E+04
5.15400E+00        3.21434586740E+04
5.16000E+00        3.20574492916E+04
5.16600E+00        3.20207259890E+04
5.17200E+00        3.19467637027E+04
5.17800E+00        3.18975144152E+04
5.18400E+00        3.18278174722E+04
5.19000E+00        3.17716343369E+04
5.19600E+00        3.17136621517E+04
5.20200E+00        3.16440785649E+04
5.20800E+00        3.15829241339E+04
5.21400E+00        3.15279371624E+04
5.22000E+00        3.14725843790E+04
5.22600E+00        3.13770237499E+04
5.23200E+00        3.13047408077E+04
5.23800E+00        3.12928434592E+04
5.24400E+00        3.12306281700E+04
5.25000E+00        3.11716077853E+04
5.25600E+00        3.10695124955E+04
5.26200E+00        3.10381720715E+04
5.26800E+00        3.09945740274E+04
5.27400E+00        3.09110492785E+04
5.28000E+00        3.08772959112E+04
5.28600E+00        3.08150140369E+04
5.29200E+00        3.07511136689E+04
5.29800E+00        3.07070213828E+04
5.30400E+00        3.06428118463E+04
5.31000E+00        3.05883611216E+04
5.31600E+00        3.05188013931E+04
5.32200E+00        3.04732964554E+04
5.32800E+00        3.04192343844E+04
5.33400E+00        3.03627827998E+04
5.34000E+00        3.02972520608E+04
5.34600E+00        3.02448788280E+04
5.35200E+00        3.01883412737E+04
5.35800E+00        3.01321647575E+04
5.36400E+00        3.00795860456E+04
5.37000E+00        3.00221485994E+04
5.37600E+00        2.99678058728E+04
5.38200E+00        2.99105928801E+04
5.38800E+00        2.98429456395E+04
5.39400E+00        2.97767679551E+04
5.40000E+00        2.97457331042E+04
5.40600E+00        2.96896116717E+04
5.41200E+00        2.96298534151E+04
5.41800E+00        2.95765590562E+04
5.42400E+00        2.95233333688E+04
5.43000E+00        2.94713003888E+04
5.43600E+00        2.94162639058E+04
5.44200E+00        2.93607152088E+04
5.44800E+00        2.93081293152E+04
5.45400E+00        2.92495135424E+04
5.46000E+00        2.91957890326E+04
5.46600E+00        2.91389308448E+04
5.47200E+00        2.90870140855E+04
5.47800E+00        2.90385490502E+04
5.48400E+00        2.89856582898E+04
5.49000E+00        2.89205015802E+04
5.49600E+00        2.88797090843E+04
5.50200E+00        2.88268709397E+04
5.50800E+00        2.87703947028E+04
5.51400E+00        2.87213844808E+04
5.52000E+00        2.86690042525E+04
5.52600E+00        2.86145719385E+04
5.53200E+00        2.85629180390E+04
5.53800E+00        2.85125469225E+04
5.54400E+00        2.84588538848E+04
5.55000E+00        2.84067175049E+04
5.55600E+00        2.83569713400E+04
5.56200E+00        2.83002068297E+04
5.56800E+00        2.82304327886E+04
5.57400E+00        2.82018824890E+04
5.58000E+00        2.81223756478E+04
5.58600E+00        2.81003788534E+04
5.59200E+00        2.80493636669E+04
5.59800E+00        2.79984441990E+04
5.60400E+00        2.79406719702E+04
5.61000E+00        2.78984774537E+04
5.61600E+00        2.78476031415E+04
5.62200E+00        2.77915467719E+04
5.62800E+00        2.77480993097E+04
5.63400E+00        2.76976607578E+04
5.64000E+00        2.76356315000E+04
5.64600E+00        2.75987016732E+04
5.65200E+00        2.75492831580E+04
5.65800E+00        2.74974254243E+04
5.66400E+00        2.74507288343E+04
5.67000E+00        2.74015501167E+04
5.67600E+00        2.73509357610E+04
5.68200E+00        2.73021241227E+04
5.68800E+00        2.72550729789E+04
5.69400E+00        2.72021938498E+04
5.70000E+00        2.71573523316E+04
5.70600E+00        2.71096770311E+04
5.71200E+00        2.70613816692E+04
5.71800E+00        2.70132994461E+04
5.72400E+00        2.69654350512E+04
5.73000E+00        2.69175033421E+04
5.73600E+00        2.68686473220E+04
5.74200E+00        2.68223231840E+04
5.74800E+00        2.67748103560E+04
5.75400E+00        2.67272303952E+04
5.76000E+00        2.66803032951E+04
5.76600E+00        2.66332170081E+04
5.77200E+00        2.65852758811E+04
5.77800E+00        2.65393589199E+04
5.78400E+00        2.64926712005E+04
5.79000E+00        2.64460174156E+04
5.79600E+00        2.63994239357E+04
5.80200E+00        2.63532296624E+04
5.80800E+00        2.63069233350E+04
5.81400E+00        2.62511444842E+04
5.82000E+00        2.62148288662E+04
5.82600E+00        2.61689934495E+04
5.83200E+00        2.61231928543E+04
5.83800E+00        2.60774961682E+04
5.84400E+00        2.60320606380E+04
5.85000E+00        2.59866420235E+04
5.85600E+00        2.59410664738E+04
5.86200E+00        2.58961668742E+04
5.86800E+00        2.58510552905E+04
5.87400E+00        2.57985193704E+04
5.88000E+00        2.57613213117E+04
5.88600E+00        2.57165844407E+04
5.89200E+00        2.56720160974E+04
5.89800E+00        2.56274517030E+04
5.90400E+00        2.55755571723E+04
5.91000E+00        2.55388897082E+04
5.91600E+00        2.54944977668E+04
5.92200E+00        2.54507068952E+04
5.92800E+00        2.54067924796E+04
5.93400E+00        2.53629760366E+04
5.94000E+00        2.53192851293E+04
5.94600E+00        2.52756914981E+04
5.95200E+00        2.52322226132E+04
5.95800E+00        2.51888477061E+04
5.96400E+00        2.51454748474E+04
5.97000E+00        2.51024469428E+04
5.97600E+00        2.50594176972E+04
5.98200E+00        2.50164699080E+04
5.98800E+00        2.49736583222E+04
5.99400E+00        2.49307603688E+04
6.00000E+00        2.48849059772E+04
6.00600E+00        2.48458554874E+04
6.01200E+00        2.48034612032E+04
6.01800E+00        2.47611738079E+04
6.02400E+00        2.47190065503E+04
6.03000E+00        2.46769428768E+04
6.03600E+00        2.46349739966E+04
6.04200E+00        2.45931106037E+04
6.04800E+00        2.45513523512E+04
6.05400E+00        2.45097123796E+04
6.06000E+00        2.44681633497E+04
6.06600E+00        2.44267184279E+04
6.07200E+00        2.43853747482E+04
6.07800E+00        2.43441638135E+04
6.08400E+00        2.43030157596E+04
6.09000E+00        2.42619705016E+04
6.09600E+00        2.42210810117E+04
6.10200E+00        2.41802535533E+04
6.10800E+00        2.41387151319E+04
6.11400E+00        2.40989143103E+04
6.12000E+00        2.40583910800E+04
6.12600E+00        2.40179686049E+04
6.13200E+00        2.39776597498E+04
6.13800E+00        2.39374377800E+04
6.14400E+00        2.38973155853E+04
6.15000E+00        2.38571459781E+04
6.15600E+00        2.38173929697E+04
6.16200E+00        2.37762467604E+04
6.16800E+00        2.37378417586E+04
6.17400E+00        2.36982135636E+04
6.18000E+00        2.36586832183E+04
6.18600E+00        2.36192504062E+04
6.19200E+00        2.35799277861E+04
6.19800E+00        2.35406995897E+04
6.20400E+00        2.35015574518E+04
6.21000E+00        2.34625115936E+04
6.21600E+00        2.34235617051E+04
6.22200E+00        2.33847074770E+04
6.22800E+00        2.33459614466E+04
6.23400E+00        2.33072975959E+04
6.24000E+00        2.32687260770E+04
6.24600E+00        2.32302641887E+04
6.25200E+00        2.31918836312E+04
6.25800E+00        2.31535969053E+04
6.26400E+00        2.31154037103E+04
6.27000E+00        2.30773037467E+04
6.27600E+00        2.30393093925E+04
6.28200E+00        2.30013949772E+04
6.28800E+00        2.29635831592E+04
6.29400E+00        2.29258531123E+04
6.30000E+00        2.28882148170E+04
6.30600E+00        2.28506679809E+04
6.31200E+00        2.28132123124E+04
6.31800E+00        2.27758600524E+04
6.32400E+00        2.27385858292E+04
6.33000E+00        2.27014019064E+04
6.33600E+00        2.26643181207E+04
6.34200E+00        2.26271645315E+04
6.34800E+00        2.25903991678E+04
6.35400E+00        2.25535735726E+04
6.36000E+00        2.25168368546E+04
6.36600E+00        2.24801887325E+04
6.37200E+00        2.24436289261E+04
6.37800E+00        2.24071794926E+04
6.38400E+00        2.23707708286E+04
6.39000E+00        2.23344743021E+04
6.39600E+00        2.22982895171E+04
6.40200E+00        2.22621670867E+04
6.40800E+00        2.22261313132E+04
6.41400E+00        2.21901819237E+04
6.42000E+00        2.21543186466E+04
6.42600E+00        2.21185510907E+04
6.43200E+00        2.20828592114E+04
6.43800E+00        2.20472526357E+04
6.44400E+00        2.20117310961E+04
6.45000E+00        2.19762943259E+04
6.45600E+00        2.19409420597E+04
6.46200E+00        2.19056740331E+04
6.46800E+00        2.18705020150E+04
6.47400E+00        2.18354114117E+04
6.48000E+00        2.18003944920E+04
6.48600E+00        2.17654607642E+04
6.49200E+00        2.17306099688E+04
6.49800E+00        2.16958418473E+04
6.50400E+00        2.16611561422E+04
6.51000E+00        2.16265525971E+04
6.51600E+00        2.15920406006E+04
6.52200E+00        2.15575887344E+04
6.52800E+00        2.15232419849E+04
6.53400E+00        2.14889645191E+04
6.54000E+00        2.14547679455E+04
6.54600E+00        2.14206520133E+04
6.55200E+00        2.13866164730E+04
6.55800E+00        2.13526706128E+04
6.56400E+00        2.13187950955E+04
6.57000E+00        2.12849992265E+04
6.57600E+00        2.12512827599E+04
6.58200E+00        2.12176454507E+04
6.58800E+00        2.11840870546E+04
6.59400E+00        2.11506167754E+04
6.60000E+00        2.11172154624E+04
6.60600E+00        2.10838923359E+04
6.61200E+00        2.10506471554E+04
6.61800E+00        2.10174796816E+04
6.62400E+00        2.09843896757E+04
6.63000E+00        2.09513862576E+04
6.63600E+00        2.09184504606E+04
6.64200E+00        2.08855914212E+04
6.64800E+00        2.08528203762E+04
6.65400E+00        2.08201141295E+04
6.66000E+00        2.07874932223E+04
6.66600E+00        2.07549388388E+04
6.67200E+00        2.07224600465E+04
6.67800E+00        2.06900566147E+04
6.68400E+00        2.06577283136E+04
6.69000E+00        2.06254749142E+04
6.69600E+00        2.05932940571E+04
6.70200E+00        2.05612010926E+04
6.70800E+00        2.05291710192E+04
6.71400E+00        2.04972149403E+04
6.72000E+00        2.04653417716E+04
6.72600E+00        2.04335329944E+04
6.73200E+00        2.04017975403E+04
6.73800E+00        2.03701351869E+04
6.74400E+00        2.03385457131E+04
6.75000E+00        2.03070379677E+04
6.75600E+00        2.02755935779E+04
6.76200E+00        2.02442214085E+04
6.76800E+00        2.02129212413E+04
6.77400E+00        2.01817018725E+04
6.78000E+00        2.01505339596E+04
6.78600E+00        2.01194595700E+04
6.79200E+00        2.00884452331E+04
6.79800E+00        2.00574997441E+04
6.80400E+00        2.00266270449E+04
6.81000E+00        1.99958358438E+04
6.81600E+00        1.99651039121E+04
6.82200E+00        1.99344399926E+04
6.82800E+00        1.99038480049E+04
6.83400E+00        1.98733256731E+04
6.84000E+00        1.98428816506E+04
6.84600E+00        1.98124979920E+04
6.85200E+00        1.97821833658E+04
6.85800E+00        1.97519375657E+04
6.86400E+00        1.97217691940E+04
6.87000E+00        1.96916604167E+04
6.87600E+00        1.96616198511E+04
6.88200E+00        1.96316472940E+04
6.88800E+00        1.96017512969E+04
6.89400E+00        1.95719141363E+04
6.90000E+00        1.95421443787E+04
6.90600E+00        1.95124505380E+04
6.91200E+00        1.94828149728E+04
6.91800E+00        1.94532462117E+04
6.92400E+00        1.94237440567E+04
6.93000E+00        1.93943169718E+04
6.93600E+00        1.93649474241E+04
6.94200E+00        1.93356438924E+04
6.94800E+00        1.93064148034E+04
6.95400E+00        1.92772427053E+04
6.96000E+00        1.92481360394E+04
6.96600E+00        1.92190840402E+04
6.97200E+00        1.91901162461E+04
6.97800E+00        1.91612047237E+04
6.98400E+00        1.91323578651E+04
6.99000E+00        1.91035840113E+04
6.99600E+00        1.90748658970E+04
7.00200E+00        1.90462118773E+04
7.00800E+00        1.90176302572E+04
7.01400E+00        1.89891038501E+04
7.02000E+00        1.89606409748E+04
7.02600E+00        1.89322414452E+04
7.03200E+00        1.89039135177E+04
7.03800E+00        1.88756401105E+04
7.04400E+00        1.88474294941E+04
7.05000E+00        1.88192898893E+04
7.05600E+00        1.87912042918E+04
7.06200E+00        1.87631706151E+04
7.06800E+00        1.87352177022E+04
7.07400E+00        1.87073182893E+04
7.08000E+00        1.86794805756E+04
7.08600E+00        1.86517127107E+04
7.09200E+00        1.86239978442E+04
7.09800E+00        1.85963441398E+04
7.10400E+00        1.85687597119E+04
7.11000E+00        1.85412277864E+04
7.11600E+00        1.85137564916E+04
7.12200E+00        1.84863539071E+04
7.12800E+00        1.84589931806E+04
7.13400E+00        1.84317027278E+04
7.14000E+00        1.84044722060E+04
7.14600E+00        1.83773096486E+04
7.15200E+00        1.83501984571E+04
7.15800E+00        1.83231466784E+04
7.16400E+00        1.82961623114E+04
7.17000E+00        1.82692288321E+04
7.17600E+00        1.82423542530E+04
7.18200E+00        1.82155365190E+04
7.18800E+00        1.81887792342E+04
7.19400E+00        1.81620803422E+04
7.20000E+00        1.81354477737E+04
7.20600E+00        1.81088651523E+04
7.21200E+00        1.80823404217E+04
7.21800E+00        1.80558814790E+04
7.22400E+00        1.80294720207E+04
7.23000E+00        1.80031100540E+04
7.23600E+00        1.79768152344E+04
7.24200E+00        1.79505854971E+04
7.24800E+00        1.79244046349E+04
7.25400E+00        1.78982805131E+04
7.26000E+00        1.78722209505E+04
7.26600E+00        1.78462098121E+04
7.27200E+00        1.78202549297E+04
7.27800E+00        1.77943640889E+04
7.28400E+00        1.77685114527E+04
7.29000E+00        1.77427243808E+04
7.29600E+00        1.77169929267E+04
7.30200E+00        1.76913248324E+04
7.30800E+00        1.76657041288E+04
7.31400E+00        1.76401385704E+04
7.32000E+00        1.76146261778E+04
7.32600E+00        1.75891704436E+04
7.33200E+00        1.75637693869E+04
7.33800E+00        1.75384228528E+04
7.34400E+00        1.75131385075E+04
7.35000E+00        1.74879005451E+04
7.35600E+00        1.74627070390E+04
7.36200E+00        1.74375848473E+04
7.36800E+00        1.74125086143E+04
7.37400E+00        1.73874859863E+04
7.38000E+00        1.73625168121E+04
7.38600E+00        1.73376086834E+04
7.39200E+00        1.73127364323E+04
7.39800E+00        1.72879267212E+04
7.40400E+00        1.72631698649E+04
7.41000E+00        1.72384734126E+04
7.41600E+00        1.72138218100E+04
7.42200E+00        1.71892131637E+04
7.42800E+00        1.71646662494E+04
7.43400E+00        1.71401791064E+04
7.44000E+00        1.71157362703E+04
7.44600E+00        1.70913452604E+04
7.45200E+00        1.70669965445E+04
7.45800E+00        1.70427163762E+04
7.46400E+00        1.70184799797E+04
7.47000E+00        1.69942948327E+04
7.47600E+00        1.69701514584E+04
7.48200E+00        1.69460683953E+04
7.48800E+00        1.69220437105E+04
7.49400E+00        1.68980621394E+04
7.50000E+00        1.68741311080E+04
7.50600E+00        1.68502412079E+04
7.51200E+00        1.68264183614E+04
7.51800E+00        1.68026381104E+04
7.52400E+00        1.67789078400E+04
7.53000E+00        1.67552181961E+04
7.53600E+00        1.67315874846E+04
7.54200E+00        1.67080137998E+04
7.54800E+00        1.66844820731E+04
7.55400E+00        1.66609904750E+04
7.56000E+00        1.66375572097E+04
7.56600E+00        1.66141803834E+04
7.57200E+00        1.65908450131E+04
7.57800E+00        1.65675492808E+04
7.58400E+00        1.65443112894E+04
7.59000E+00        1.65211217800E+04
7.59600E+00        1.64979806189E+04
7.60200E+00        1.64748859685E+04
7.60800E+00        1.64518411082E+04
7.61400E+00        1.64288441986E+04
7.62000E+00        1.64058951082E+04
7.62600E+00        1.63829846949E+04
7.63200E+00        1.63601381671E+04
7.63800E+00        1.63373317507E+04
7.64400E+00        1.63145726312E+04
7.65000E+00        1.62918517187E+04
7.65600E+00        1.62691868176E+04
7.66200E+00        1.62465688262E+04
7.66800E+00        1.62239959376E+04
7.67400E+00        1.62014713842E+04
7.68000E+00        1.61789933575E+04
7.68600E+00        1.61565617305E+04
7.69200E+00        1.61341675034E+04
7.69800E+00        1.61118283095E+04
7.70400E+00        1.60895423216E+04
7.71000E+00        1.60672861995E+04
7.71600E+00        1.60450846983E+04
7.72200E+00        1.60229288447E+04
7.72800E+00        1.60008097146E+04
7.73400E+00        1.59787447970E+04
7.74000E+00        1.59567322814E+04
7.74600E+00        1.59347490218E+04
7.75200E+00        1.59128195703E+04
7.75800E+00        1.58909350292E+04
7.76400E+00        1.58690865494E+04
7.77000E+00        1.58472914772E+04
7.77600E+00        1.58255409522E+04
7.78200E+00        1.58038332190E+04
7.78800E+00        1.57821714307E+04
7.79400E+00        1.57605538301E+04
7.80000E+00        1.57389716423E+04
7.80600E+00        1.57174420726E+04
7.81200E+00        1.56959563349E+04
7.81800E+00        1.56745056906E+04
7.82400E+00        1.56531142645E+04
7.83000E+00        1.56317593192E+04
7.83600E+00        1.56104391517E+04
7.84200E+00        1.55891708278E+04
7.84800E+00        1.55679456346E+04
7.85400E+00        1.55467549064E+04
7.86000E+00        1.55256156402E+04
7.86600E+00        1.55045260819E+04
7.87200E+00        1.54834637472E+04
7.87800E+00        1.54624524964E+04
7.88400E+00        1.54414751967E+04
7.89000E+00        1.54205487308E+04
7.89600E+00        1.53996644822E+04
7.90200E+00        1.53788138806E+04
7.90800E+00        1.53580205980E+04
7.91400E+00        1.53372623297E+04
7.92000E+00        1.53165374075E+04
7.92600E+00        1.52958625785E+04
7.93200E+00        1.52752208966E+04
7.93800E+00        1.52546290643E+04
7.94400E+00        1.52340785595E+04
7.95000E+00        1.52135609058E+04
7.95600E+00        1.51930927390E+04
7.96200E+00        1.51726723463E+04
7.96800E+00        1.51522777286E+04
7.97400E+00        1.51319322383E+04
7.98000E+00        1.51116191129E+04
7.98600E+00        1.50913548772E+04
7.99200E+00        1.50711228142E+04
7.99800E+00        1.50509394047E+04
8.00400E+00        1.50307962431E+04
8.01000E+00        1.50106849681E+04
8.01600E+00        1.49906219952E+04
8.02200E+00        1.49705974040E+04
8.02800E+00        1.49506141895E+04
8.03400E+00        1.49306706961E+04
8.04000E+00        1.49107586192E+04
8.04600E+00        1.48908942660E+04
8.05200E+00        1.48710611436E+04
8.05800E+00        1.48512755160E+04
8.06400E+00        1.48315209346E+04
8.07000E+00        1.48118136206E+04
8.07600E+00        1.47921453044E+04
8.08200E+00        1.47725077599E+04
8.08800E+00        1.47529171442E+04
8.09400E+00        1.47333636968E+04
8.10000E+00        1.47138503677E+04
8.10600E+00        1.46943674487E+04
8.11200E+00        1.46749310121E+04
8.11800E+00        1.46555248066E+04
8.12400E+00        1.46361648624E+04
8.13000E+00        1.46168430097E+04
8.13600E+00        1.45975511220E+04
8.14200E+00        1.45783051663E+04
8.14800E+00        1.45590889995E+04
8.15400E+00        1.45399185470E+04
8.16000E+00        1.45207777086E+04
8.16600E+00        1.45016888425E+04
8.17200E+00        1.44826229338E+04
8.17800E+00        1.44636023080E+04
8.18400E+00        1.44446109501E+04
8.19000E+00        1.44256646613E+04
8.19600E+00        1.44067474691E+04
8.20200E+00        1.43878751336E+04
8.20800E+00        1.43690396263E+04
8.21400E+00        1.43502329608E+04
8.22000E+00        1.43314708357E+04
8.22600E+00        1.43127373839E+04
8.23200E+00        1.42940482633E+04
8.23800E+00        1.42753876486E+04
8.24400E+00        1.42567711572E+04
8.25000E+00        1.42381893622E+04
8.25600E+00        1.42196451189E+04
8.26200E+00        1.42011290501E+04
8.26800E+00        1.41826566925E+04
8.27400E+00        1.41642123455E+04
8.28000E+00        1.41458115057E+04
8.28600E+00        1.41274385134E+04
8.29200E+00        1.41091088253E+04
8.29800E+00        1.40908068229E+04
8.30400E+00        1.40725479232E+04
8.31000E+00        1.40543165483E+04
8.31600E+00        1.40361280755E+04
8.32200E+00        1.40179669680E+04
8.32800E+00        1.39998485633E+04
8.33400E+00        1.39817573651E+04
8.34000E+00        1.39637086719E+04
8.34600E+00        1.39456870275E+04
8.35200E+00        1.39277076912E+04
8.35800E+00        1.39097614571E+04
8.36400E+00        1.38918511176E+04
8.37000E+00        1.38739675148E+04
8.37600E+00        1.38561182105E+04
8.38200E+00        1.38383107275E+04
8.38800E+00        1.38205297497E+04
8.39400E+00        1.38027904006E+04
8.40000E+00        1.37850774037E+04
8.40600E+00        1.37674058439E+04
8.41200E+00        1.37497604844E+04
8.41800E+00        1.37321563715E+04
8.42400E+00        1.37145783079E+04
8.43000E+00        1.36970413017E+04
8.43600E+00        1.36795301948E+04
8.44200E+00        1.36620599573E+04
8.44800E+00        1.36446154699E+04
8.45400E+00        1.36272041714E+04
8.46000E+00        1.36098334621E+04
8.46600E+00        1.35924882813E+04
8.47200E+00        1.35751835045E+04
8.47800E+00        1.35579041096E+04
8.48400E+00        1.35406649344E+04
8.49000E+00        1.35234509955E+04
8.49600E+00        1.35062770932E+04
8.50200E+00        1.34891282824E+04
8.50800E+00        1.34720193263E+04
8.51400E+00        1.34549353180E+04
8.52000E+00        1.34378835941E+04
8.52600E+00        1.34208714538E+04
8.53200E+00        1.34038840473E+04
8.53800E+00        1.33869360452E+04
8.54400E+00        1.33700126356E+04
8.55000E+00        1.33531344131E+04
8.55600E+00        1.33362687203E+04
8.56200E+00        1.33194466594E+04
8.56800E+00        1.33026576055E+04
8.57400E+00        1.32858927946E+04
8.58000E+00        1.32691667686E+04
8.58600E+00        1.32524648472E+04
8.59200E+00        1.32357942581E+04
8.59800E+00        1.32191621925E+04
8.60400E+00        1.32025540258E+04
8.61000E+00        1.31859842095E+04
8.61600E+00        1.31694381561E+04
8.62200E+00        1.31529230486E+04
8.62800E+00        1.31364460338E+04
8.63400E+00        1.31199925795E+04
8.64000E+00        1.31035770473E+04
8.64600E+00        1.30871849418E+04
8.65200E+00        1.30708305889E+04
8.65800E+00        1.30544995296E+04
8.66400E+00        1.30381988851E+04
8.67000E+00        1.30219357408E+04
8.67600E+00        1.30056956923E+04
8.68200E+00        1.29894929769E+04
8.68800E+00        1.29733132264E+04
8.69400E+00        1.29571635182E+04
8.70000E+00        1.29410508943E+04
8.70600E+00        1.29249610406E+04
8.71200E+00        1.29089081067E+04
8.71800E+00        1.28928778141E+04
8.72400E+00        1.28768771970E+04
8.73000E+00        1.28609132544E+04
8.73600E+00        1.28449717616E+04
8.74200E+00        1.28290597268E+04
8.74800E+00        1.28131841235E+04
8.75400E+00        1.27973307803E+04
8.76000E+00        1.27815137076E+04
8.76600E+00        1.27657187694E+04
8.77200E+00        1.27499529312E+04
8.77800E+00        1.27342231242E+04
8.78400E+00        1.27185152648E+04
8.79000E+00        1.27028362932E+04
8.79600E+00        1.26871931152E+04
8.80200E+00        1.26715717000E+04
8.80800E+00        1.26559859212E+04
8.81400E+00        1.26404217827E+04
8.82000E+00        1.26248861825E+04
8.82600E+00        1.26093859848E+04
8.83200E+00        1.25939072453E+04
8.83800E+00        1.25784568371E+04
8.84400E+00        1.25630415992E+04
8.85000E+00        1.25476476391E+04
8.85600E+00        1.25322818050E+04
8.86200E+00        1.25169509113E+04
8.86800E+00        1.25016411167E+04
8.87400E+00        1.24863661102E+04
8.88000E+00        1.24711120848E+04
8.88600E+00        1.24558858472E+04
8.89200E+00        1.24406941709E+04
8.89800E+00        1.24255232998E+04
8.90400E+00        1.24103800162E+04
8.91000E+00        1.23952710690E+04
8.91600E+00        1.23801827529E+04
8.92200E+00        1.23651163059E+04
8.92800E+00        1.23500950118E+04
8.93400E+00        1.23350886565E+04
8.94000E+00        1.23201094932E+04
8.94600E+00        1.23051642224E+04
8.95200E+00        1.22902392391E+04
8.95800E+00        1.22753412527E+04
8.96400E+00        1.22604769398E+04
8.97000E+00        1.22456272788E+04
8.97600E+00        1.22308153538E+04
8.98200E+00        1.22160259656E+04
8.98800E+00        1.22012619876E+04
8.99400E+00        1.21865246214E+04
9.00000E+00        1.21718204959E+04
9.00600E+00        1.21571361547E+04
9.01200E+00        1.21424782354E+04
9.01800E+00        1.21278533432E+04
9.02400E+00        1.21132480708E+04
9.03000E+00        1.20986690318E+04
9.03600E+00        1.20841228082E+04
9.04200E+00        1.20695960413E+04
9.04800E+00        1.20550953213E+04
9.05400E+00        1.20406272066E+04
9.06000E+00        1.20261837553E+04
9.06600E+00        1.20117607913E+04
9.07200E+00        1.19973702243E+04
9.07800E+00        1.19829934435E+04
9.08400E+00        1.19686476967E+04
9.09000E+00        1.19543275676E+04
9.09600E+00        1.19400395607E+04
9.10200E+00        1.19257704778E+04
9.10800E+00        1.19115321485E+04
9.11400E+00        1.18973204138E+04
9.12000E+00        1.18831274466E+04
9.12600E+00        1.18689597363E+04
9.13200E+00        1.18548184499E+04
9.13800E+00        1.18407063591E+04
9.14400E+00        1.18266140556E+04
9.15000E+00        1.18125532667E+04
9.15600E+00        1.17985109365E+04
9.16200E+00        1.17844935087E+04
9.16800E+00        1.17705009249E+04
9.17400E+00        1.17565395906E+04
9.18000E+00        1.17425965122E+04
9.18600E+00        1.17286781033E+04
9.19200E+00        1.17147907471E+04
9.19800E+00        1.17009214963E+04
9.20400E+00        1.16870767421E+04
9.21000E+00        1.16732628452E+04
9.21600E+00        1.16594669049E+04
9.22200E+00        1.16456952896E+04
9.22800E+00        1.16319479427E+04
9.23400E+00        1.16182311953E+04
9.24000E+00        1.16045322078E+04
9.24600E+00        1.15908573192E+04
9.25200E+00        1.15772128385E+04
9.25800E+00        1.15635859719E+04
9.26400E+00        1.15499830362E+04
9.27000E+00        1.15364039757E+04
9.27600E+00        1.15228550702E+04
9.28200E+00        1.15093235864E+04
9.28800E+00        1.14958158118E+04
9.29400E+00        1.14823380044E+04
9.30000E+00        1.14688774758E+04
9.30600E+00        1.14554404918E+04
9.31200E+00        1.14420269978E+04
9.31800E+00        1.14286432229E+04
9.32400E+00        1.14152765386E+04
9.33000E+00        1.14019331816E+04
9.33600E+00        1.13886193593E+04
9.34200E+00        1.13753224879E+04
9.34800E+00        1.13620538539E+04
9.35400E+00        1.13488032550E+04
9.36000E+00        1.13355819475E+04
9.36600E+00        1.13223774065E+04
9.37200E+00        1.13091958185E+04
9.37800E+00        1.12960371307E+04
9.38400E+00        1.12829074935E+04
9.39000E+00        1.12697944407E+04
9.39600E+00        1.12567041304E+04
9.40200E+00        1.12436365103E+04
9.40800E+00        1.12305977027E+04
9.41400E+00        1.12175752997E+04
9.42000E+00        1.12045754309E+04
9.42600E+00        1.11916041978E+04
9.43200E+00        1.11786492357E+04
9.43800E+00        1.11657216371E+04
9.44400E+00        1.11528113775E+04
9.45000E+00        1.11399295199E+04
9.45600E+00        1.11270637572E+04
9.46200E+00        1.11142201702E+04
9.46800E+00        1.11013987084E+04
9.47400E+00        1.10886054174E+04
9.48000E+00        1.10758280472E+04
9.48600E+00        1.10630726511E+04
9.49200E+00        1.10503391789E+04
9.49800E+00        1.10376336489E+04
9.50400E+00        1.10249438679E+04
9.51000E+00        1.10122807766E+04
9.51600E+00        1.09996405369E+04
9.52200E+00        1.09870159185E+04
9.52800E+00        1.09744129265E+04
9.53400E+00        1.09618315119E+04
9.54000E+00        1.09492776453E+04
9.54600E+00        1.09367392317E+04
9.55200E+00        1.09242222490E+04
9.55800E+00        1.09117266486E+04
9.56400E+00        1.08992583743E+04
9.57000E+00        1.08868053866E+04
9.57600E+00        1.08743784901E+04
9.58200E+00        1.08619679240E+04
9.58800E+00        1.08495784995E+04
9.59400E+00        1.08372161269E+04
9.60000E+00        1.08248688359E+04
9.60600E+00        1.08125425438E+04
9.61200E+00        1.08002372031E+04
9.61800E+00        1.07879586977E+04
9.62400E+00        1.07756951120E+04
9.63000E+00        1.07634523365E+04
9.63600E+00        1.07512303246E+04
9.64200E+00        1.07390349335E+04
9.64800E+00        1.07268590897E+04
9.65400E+00        1.07146990767E+04
9.66000E+00        1.07025596414E+04
9.66600E+00        1.06904466146E+04
9.67200E+00        1.06783481895E+04
9.67800E+00        1.06662702039E+04
9.68400E+00        1.06542126121E+04
9.69000E+00        1.06421753684E+04
9.69600E+00        1.06301642713E+04
9.70200E+00        1.06181675808E+04
9.70800E+00        1.06061911022E+04
9.71400E+00        1.05942395189E+04
9.72000E+00        1.05823033236E+04
9.72600E+00        1.05703930164E+04
9.73200E+00        1.05584969236E+04
9.73800E+00        1.05466208184E+04
9.74400E+00        1.05347646561E+04
9.75000E+00        1.05229341774E+04
9.75600E+00        1.05111177616E+04
9.76200E+00        1.04993211559E+04
9.76800E+00        1.04875443163E+04
9.77400E+00        1.04757871990E+04
9.78000E+00        1.04640601831E+04
9.78600E+00        1.04523423673E+04
9.79200E+00        1.04406441428E+04
9.79800E+00        1.04289654662E+04
9.80400E+00        1.04173062941E+04
9.81000E+00        1.04056723038E+04
9.81600E+00        1.03940520049E+04
9.82200E+00        1.03824510813E+04
9.82800E+00        1.03708694902E+04
9.83400E+00        1.03593118124E+04
9.84000E+00        1.03477744417E+04
9.84600E+00        1.03362505808E+04
9.85200E+00        1.03247458823E+04
9.85800E+00        1.03132603039E+04
9.86400E+00        1.03017938034E+04
9.87000E+00        1.02903519960E+04
9.87600E+00        1.02789235193E+04
9.88200E+00        1.02675139948E+04
9.88800E+00        1.02561279584E+04
9.89400E+00        1.02447562085E+04
9.90000E+00        1.02334089120E+04
9.90600E+00        1.02220747698E+04
9.91200E+00        1.02107593726E+04
9.91800E+00        1.01994626795E+04
9.92400E+00        1.01881846493E+04
9.93000E+00        1.01769308357E+04
9.93600E+00        1.01656900027E+04
9.94200E+00        1.01544722423E+04
9.94800E+00        1.01432684451E+04
9.95400E+00        1.01320831075E+04
9.96000E+00        1.01209161892E+04
9.96600E+00        1.01097732077E+04
9.97200E+00        1.00986430014E+04
9.97800E+00        1.00875310942E+04
9.98400E+00        1.00764374460E+04
9.99000E+00        1.00653620172E+04
9.99600E+00        1.00543092552E+04
1.00020E+01        1.00432756622E+04
1.00080E+01        1.00322546426E+04
1.00140E+01        1.00212516844E+04
1.00200E+01        1.00102667481E+04
1.00260E+01        9.99929979473E+03
1.00320E+01        9.98835627599E+03
1.00380E+01        9.97742516528E+03
1.00440E+01        9.96651636862E+03
1.00500E+01        9.95562094644E+03
1.00560E+01        9.94474331297E+03
1.00620E+01        9.93388342970E+03
1.00680E+01        9.92304671312E+03
1.00740E+01        9.91222220916E+03
1.00800E+01        9.90141534048E+03
1.00860E+01        9.89062606896E+03
1.00920E+01        9.87985876589E+03
1.00980E+01        9.86910457001E+03
1.01040E+01        9.85837327690E+03
1.01100E+01        9.84765400436E+03
1.01160E+01        9.83695214001E+03
1.01220E+01        9.82626764634E+03
1.01280E+01        9.81560048597E+03
1.01340E+01        9.80495062160E+03
1.01400E+01        9.79432238708E+03
1.01460E+01        9.78371237669E+03
1.01520E+01        9.77311416695E+03
1.01580E+01        9.76253310503E+03
1.01640E+01        9.75196915413E+03
1.01700E+01        9.74142227755E+03
1.01760E+01        9.73089243868E+03
1.01820E+01        9.72038494439E+03
1.01880E+01        9.70988906574E+03
1.01940E+01        9.69941444424E+03
1.02000E+01        9.68895238168E+03
1.02060E+01        9.67850717528E+03
1.02120E+01        9.66807878901E+03
1.02180E+01        9.65766718694E+03
1.02240E+01        9.64727763639E+03
1.02300E+01        9.63689948962E+03
1.02360E+01        9.62653801985E+03
1.02420E+01        9.61619748301E+03
1.02480E+01        9.60586925606E+03
1.02540E+01        9.59555759975E+03
1.02600E+01        9.58526247882E+03
1.02660E+01        9.57498385808E+03
1.02720E+01        9.56472696017E+03
1.02780E+01        9.55448122904E+03
1.02840E+01        9.54425189314E+03
1.02900E+01        9.53403891768E+03
1.02960E+01        9.52384651817E+03
1.03020E+01        9.51366615499E+03
1.03080E+01        9.50350204838E+03
1.03140E+01        9.49335938236E+03
1.03200E+01        9.48322768011E+03
1.03260E+01        9.47311213141E+03
1.03320E+01        9.46301270208E+03
1.03380E+01        9.45292935805E+03
1.03440E+01        9.44286206533E+03
1.03500E+01        9.43281079002E+03
1.03560E+01        9.42277970339E+03
1.03620E+01        9.41276553118E+03
1.03680E+01        9.40276209562E+03
1.03740E+01        9.39277454279E+03
1.03800E+01        9.38280283921E+03
1.03860E+01        9.37284695153E+03
1.03920E+01        9.36290684645E+03
1.03980E+01        9.35298249079E+03
1.04040E+01        9.34307385144E+03
1.04100E+01        9.33318506043E+03
1.04160E+01        9.32331287517E+03
1.04220E+01        9.31345117713E+03
1.04280E+01        9.30360506383E+03
1.04340E+01        9.29377450261E+03
1.04400E+01        9.28395946087E+03
1.04460E+01        9.27415990611E+03
1.04520E+01        9.26437580589E+03
1.04580E+01        9.25460712789E+03
1.04640E+01        9.24485383984E+03
1.04700E+01        9.23511590957E+03
1.04760E+01        9.22540249291E+03
1.04820E+01        9.21569517236E+03
1.04880E+01        9.20600311360E+03
1.04940E+01        9.19632628478E+03
1.05000E+01        9.18666465416E+03
1.05060E+01        9.17701819006E+03
1.05120E+01        9.16738686088E+03
1.05180E+01        9.15777063513E+03
1.05240E+01        9.14816948136E+03
1.05300E+01        9.13858839147E+03
1.05360E+01        9.12901728247E+03
1.05420E+01        9.11946115166E+03
1.05480E+01        9.10992403327E+03
1.05540E+01        9.10039776138E+03
1.05600E+01        9.09088637463E+03
1.05660E+01        9.08138984214E+03
1.05720E+01        9.07190813315E+03
1.05780E+01        9.06244121694E+03
1.05840E+01        9.05298906288E+03
1.05900E+01        9.04355164043E+03
1.05960E+01        9.03412891912E+03
1.06020E+01        9.02472086857E+03
1.06080E+01        9.01533241386E+03
1.06140E+01        9.00595360878E+03
1.06200E+01        8.99659339845E+03
1.06260E+01        8.98724371923E+03
1.06320E+01        8.97790855999E+03
1.06380E+01        8.96858789079E+03
1.06440E+01        8.95928168181E+03
1.06500E+01        8.94998990325E+03
1.06560E+01        8.94071252544E+03
1.06620E+01        8.93144951874E+03
1.06680E+01        8.92220085361E+03
1.06740E+01        8.91296650059E+03
1.06800E+01        8.90374643028E+03
1.06860E+01        8.89454550231E+03
1.06920E+01        8.88535390448E+03
1.06980E+01        8.87617650164E+03
1.07040E+01        8.86701326469E+03
1.07100E+01        8.85786416462E+03
1.07160E+01        8.84872917247E+03
1.07220E+01        8.83960825937E+03
1.07280E+01        8.83050139653E+03
1.07340E+01        8.82141249166E+03
1.07400E+01        8.81233363917E+03
1.07460E+01        8.80326875097E+03
1.07520E+01        8.79421779858E+03
1.07580E+01        8.78518075354E+03
1.07640E+01        8.77615758749E+03
1.07700E+01        8.76714827215E+03
1.07760E+01        8.75815277929E+03
1.07820E+01        8.74917108077E+03
1.07880E+01        8.74020314851E+03
1.07940E+01        8.73124895451E+03
1.08000E+01        8.72231326501E+03
1.08060E+01        8.71338645887E+03
1.08120E+01        8.70447330740E+03
1.08180E+01        8.69557378287E+03
1.08240E+01        8.68668785764E+03
1.08300E+01        8.67781550412E+03
1.08360E+01        8.66895669479E+03
1.08420E+01        8.66011140221E+03
1.08480E+01        8.65127959900E+03
1.08540E+01        8.64246125787E+03
1.08600E+01        8.63365635156E+03
1.08660E+01        8.62486485292E+03
1.08720E+01        8.61608673483E+03
1.08780E+01        8.60732197027E+03
1.08840E+01        8.59857053228E+03
1.08900E+01        8.58983239394E+03
1.08960E+01        8.58110752845E+03
1.09020E+01        8.57239590902E+03
1.09080E+01        8.56369750898E+03
1.09140E+01        8.55501230168E+03
1.09200E+01        8.54634026057E+03
1.09260E+01        8.53768135915E+03
1.09320E+01        8.52903557100E+03
1.09380E+01        8.52040286975E+03
1.09440E+01        8.51178322910E+03
1.09500E+01        8.50317662283E+03
1.09560E+01        8.49458302476E+03
1.09620E+01        8.48600240880E+03
1.09680E+01        8.47743474892E+03
1.09740E+01        8.46888845286E+03
1.09800E+01        8.46034284360E+03
1.09860E+01        8.45180924632E+03
1.09920E+01        8.44329315167E+03
1.09980E+01        8.43478988388E+03
1.10040E+01        8.42629941732E+03
1.10100E+01        8.41782635306E+03
1.10160E+01        8.40936140759E+03
1.10220E+01        8.40090918679E+03
1.10280E+01        8.39246966525E+03
1.10340E+01        8.38404281765E+03
1.10400E+01        8.37562861873E+03
1.10460E+01        8.36722704326E+03
1.10520E+01        8.35883806612E+03
1.10580E+01        8.35046166222E+03
1.10640E+01        8.34209780654E+03
1.10700E+01        8.33374647413E+03
1.10760E+01        8.32540764008E+03
1.10820E+01        8.31708127958E+03
1.10880E+01        8.30876736783E+03
1.10940E+01        8.30046588014E+03
1.11000E+01        8.29217679186E+03
1.11060E+01        8.28390007839E+03
1.11120E+01        8.27563571520E+03
1.11180E+01        8.26738367783E+03
1.11240E+01        8.25914394187E+03
1.11300E+01        8.25091194814E+03
1.11360E+01        8.24269674654E+03
1.11420E+01        8.23449377348E+03
1.11480E+01        8.22630300480E+03
1.11540E+01        8.21812893317E+03
1.11600E+01        8.20995798417E+03
1.11660E+01        8.20180368418E+03
1.11720E+01        8.19366149249E+03
1.11780E+01        8.18553138522E+03
1.11840E+01        8.17741333855E+03
1.11900E+01        8.16930732874E+03
1.11960E+01        8.16121333207E+03
1.12020E+01        8.15313132492E+03
1.12080E+01        8.14506128370E+03
1.12140E+01        8.13700318489E+03
1.12200E+01        8.12895700502E+03
1.12260E+01        8.12092272068E+03
1.12320E+01        8.11290030851E+03
1.12380E+01        8.10488612884E+03
1.12440E+01        8.09688739478E+03
1.12500E+01        8.08890046318E+03
1.12560E+01        8.08092531092E+03
1.12620E+01        8.07296191493E+03
1.12680E+01        8.06501025219E+03
1.12740E+01        8.05707029974E+03
1.12800E+01        8.04914203470E+03
1.12860E+01        8.04122543421E+03
1.12920E+01        8.03332047549E+03
1.12980E+01        8.02542713580E+03
1.13040E+01        8.01754539246E+03
1.13100E+01        8.00967522286E+03
1.13160E+01        8.00181660441E+03
1.13220E+01        7.99396951462E+03
1.13280E+01        7.98613393101E+03
1.13340E+01        7.97830983119E+03
1.13400E+01        7.97049719280E+03
1.13460E+01        7.96269599355E+03
1.13520E+01        7.95489828980E+03
1.13580E+01        7.94711990991E+03
1.13640E+01        7.93935290259E+03
1.13700E+01        7.93159724574E+03
1.13760E+01        7.92385291735E+03
1.13820E+01        7.91611989543E+03
1.13880E+01        7.90839815808E+03
1.13940E+01        7.90068768341E+03
1.14000E+01        7.89298844961E+03
1.14060E+01        7.88530043493E+03
1.14120E+01        7.87762361764E+03
1.14180E+01        7.86995797610E+03
1.14240E+01        7.86230348868E+03
1.14300E+01        7.85465662921E+03
1.14360E+01        7.84702438886E+03
1.14420E+01        7.83940323813E+03
1.14480E+01        7.83179315563E+03
1.14540E+01        7.82419411999E+03
1.14600E+01        7.81660610994E+03
1.14660E+01        7.80902481247E+03
1.14720E+01        7.80145879404E+03
1.14780E+01        7.79390373760E+03
1.14840E+01        7.78635962205E+03
1.14900E+01        7.77882642635E+03
1.14960E+01        7.77130412950E+03
1.15020E+01        7.76378924652E+03
1.15080E+01        7.75628868796E+03
1.15140E+01        7.74879896558E+03
1.15200E+01        7.74132005859E+03
1.15260E+01        7.73385194623E+03
1.15320E+01        7.72639460783E+03
1.15380E+01        7.71894802272E+03
1.15440E+01        7.71150793224E+03
1.15500E+01        7.70408279609E+03
1.15560E+01        7.69666835161E+03
1.15620E+01        7.68926457834E+03
1.15680E+01        7.68186802841E+03
1.15740E+01        7.67448553972E+03
1.15800E+01        7.66711366118E+03
1.15860E+01        7.65975237255E+03
1.15920E+01        7.65240165361E+03
1.15980E+01        7.64506148421E+03
1.16040E+01        7.63773184425E+03
1.16100E+01        7.63041271365E+03
1.16160E+01        7.62309988294E+03
1.16220E+01        7.61580171510E+03
1.16280E+01        7.60851399671E+03
1.16340E+01        7.60123331645E+03
1.16400E+01        7.59396644066E+03
1.16460E+01        7.58670995485E+03
1.16520E+01        7.57946383928E+03
1.16580E+01        7.57222807428E+03
1.16640E+01        7.56500264020E+03
1.16700E+01        7.55778751744E+03
1.16760E+01        7.55058268647E+03
1.16820E+01        7.54338061655E+03
1.16880E+01        7.53619631785E+03
1.16940E+01        7.52902225257E+03
1.17000E+01        7.52185840133E+03
1.17060E+01        7.51470474483E+03
1.17120E+01        7.50756126378E+03
1.17180E+01        7.50042793897E+03
1.17240E+01        7.49330475121E+03
1.17300E+01        7.48619168137E+03
1.17360E+01        7.47908126321E+03
1.17420E+01        7.47198837904E+03
1.17480E+01        7.46490555565E+03
1.17540E+01        7.45783277407E+03
1.17600E+01        7.45077001539E+03
1.17660E+01        7.44371726074E+03
1.17720E+01        7.43667449130E+03
1.17780E+01        7.42964168829E+03
1.17840E+01        7.42261883297E+03
1.17900E+01        7.41560259810E+03
1.17960E+01        7.40859551380E+03
1.18020E+01        7.40160239656E+03
1.18080E+01        7.39461915250E+03
1.18140E+01        7.38764576310E+03
1.18200E+01        7.38068220989E+03
1.18260E+01        7.37372847444E+03
1.18320E+01        7.36678453835E+03
1.18380E+01        7.35984709962E+03
1.18440E+01        7.35292271037E+03
1.18500E+01        7.34600402853E+03
1.18560E+01        7.33909911377E+03
1.18620E+01        7.33220390707E+03
1.18680E+01        7.32531839029E+03
1.18740E+01        7.31844254534E+03
1.18800E+01        7.31157309208E+03
1.18860E+01        7.30471653976E+03
1.18920E+01        7.29786960526E+03
1.18980E+01        7.29102826384E+03
1.19040E+01        7.28420051498E+03
1.19100E+01        7.27738233028E+03
1.19160E+01        7.27057369194E+03
1.19220E+01        7.26377134145E+03
1.19280E+01        7.25698174564E+03
1.19340E+01        7.25020164303E+03
1.19400E+01        7.24343101600E+03
1.19460E+01        7.23666587006E+03
1.19520E+01        7.22991414514E+03
1.19580E+01        7.22317184314E+03
1.19640E+01        7.21643894658E+03
1.19700E+01        7.20971222141E+03
1.19760E+01        7.20299808646E+03
1.19820E+01        7.19629330477E+03
1.19880E+01        7.18959390803E+03
1.19940E+01        7.18290778465E+03
1.20000E+01        7.17623096271E+03
1.20060E+01        7.16956342501E+03
1.20120E+01        7.16290195869E+03
1.20180E+01        7.15625294104E+03
1.20240E+01        7.14961315630E+03
1.20300E+01        7.14297866206E+03
1.20360E+01        7.13635729571E+03
1.20420E+01        7.12974511126E+03
1.20480E+01        7.12313891386E+03
1.20540E+01        7.11654504548E+03
1.20600E+01        7.10996030837E+03
1.20660E+01        7.10338078215E+03
1.20720E+01        7.09681426084E+03
1.20780E+01        7.09025682051E+03
1.20840E+01        7.08370844447E+03
1.20900E+01        7.07716595865E+03
1.20960E+01        7.07063566422E+03
1.21020E+01        7.06411438425E+03
1.21080E+01        7.05759822380E+03
1.21140E+01        7.05109492677E+03
1.21200E+01        7.04460059470E+03
1.21260E+01        7.03811207119E+03
1.21320E+01        7.03163562273E+03
1.21380E+01        7.02516809008E+03
1.21440E+01        7.01870559993E+03
1.21500E+01        7.01225585357E+03
1.21560E+01        7.00581497420E+03
1.21620E+01        6.99937982294E+03
1.21680E+01        6.99295663187E+03
1.21740E+01        6.98654225931E+03
1.21800E+01        6.98013285338E+03
1.21860E+01        6.97373607313E+03
1.21920E+01        6.96734806323E+03
1.21980E+01        6.96096570216E+03
1.22040E+01        6.95459518790E+03
1.22100E+01        6.94823339616E+03
1.22160E+01        6.94188031107E+03
1.22220E+01        6.93553210554E+03
1.22280E+01        6.92919329843E+03
1.22340E+01        6.92286624474E+03
1.22400E+01        6.91654783457E+03
1.22460E+01        6.91023805223E+03
1.22520E+01        6.90393308819E+03
1.22580E+01        6.89764051804E+03
1.22640E+01        6.89135345441E+03
1.22700E+01        6.88507803345E+03
1.22760E+01        6.87881116238E+03
1.22820E+01        6.87255282574E+03
1.22880E+01        6.86629923489E+03
1.22940E+01        6.86005486373E+03
1.23000E+01        6.85382204403E+03
1.23060E+01        6.84759769716E+03
1.23120E+01        6.84138180783E+03
1.23180E+01        6.83517060470E+03
1.23240E+01        6.82897158806E+03
1.23300E+01        6.82277793941E+03
1.23360E+01        6.81659573401E+03
1.23420E+01        6.81042191011E+03
1.23480E+01        6.80425645263E+03
1.23540E+01        6.79809561082E+03
1.23600E+01        6.79194381431E+03
1.23660E+01        6.78580337191E+03
1.23720E+01        6.77967123585E+03
1.23780E+01        6.77354739119E+03
1.23840E+01        6.76742810424E+03
1.23900E+01        6.76131778470E+03
1.23960E+01        6.75521873108E+03
1.24020E+01        6.74912790946E+03
1.24080E+01        6.74304530507E+03
1.24140E+01        6.73696720114E+03
1.24200E+01        6.73089798759E+03
1.24260E+01        6.72483995269E+03
1.24320E+01        6.71879007628E+03
1.24380E+01        6.71274834376E+03
1.24440E+01        6.70671105516E+03
1.24500E+01        6.70068258074E+03
1.24560E+01        6.69466519861E+03
1.24620E+01        6.68865590227E+03
1.24680E+01        6.68265467730E+03
1.24740E+01        6.67665784040E+03
1.24800E+01        6.67066974234E+03
1.24860E+01        6.66469265108E+03
1.24920E+01        6.65872357374E+03
1.24980E+01        6.65276249604E+03
1.25040E+01        6.64680575126E+03
1.25100E+01        6.64085767077E+03
1.25160E+01        6.63492051252E+03
1.25220E+01        6.62899129708E+03
1.25280E+01        6.62306637094E+03
1.25340E+01        6.61715300207E+03
1.25400E+01        6.61124458435E+03
1.25460E+01        6.60534700517E+03
1.25520E+01        6.59945729849E+03
1.25580E+01        6.59357182718E+03
1.25640E+01        6.58769782689E+03
1.25700E+01        6.58182872106E+03
1.25760E+01        6.57597037091E+03
1.25820E+01        6.57011982373E+03
1.25880E+01        6.56427345866E+03
1.25940E+01        6.55843555344E+03
1.26000E+01        6.55260833824E+03
1.26060E+01        6.54678887095E+03
1.26120E+01        6.54097354361E+03
1.26180E+01        6.53516953425E+03
1.26240E+01        6.52937031899E+03
1.26300E+01        6.52358171243E+03
1.26360E+01        6.51780078561E+03
1.26420E+01        6.51202394664E+03
1.26480E+01        6.50625834185E+03
1.26540E+01        6.50049747632E+03
1.26600E+01        6.49474713902E+03
1.26660E+01        6.48900084837E+03
1.26720E+01        6.48326572545E+03
1.26780E+01        6.47753529839E+03
1.26840E+01        6.47181533579E+03
1.26900E+01        6.46610293208E+03
1.26960E+01        6.46039452405E+03
1.27020E+01        6.45469720147E+03
1.27080E+01        6.44900452111E+03
1.27140E+01        6.44332222618E+03
1.27200E+01        6.43764388662E+03
1.27260E+01        6.43197656727E+03
1.27320E+01        6.42631384766E+03
1.27380E+01        6.42066145086E+03
1.27440E+01        6.41501296952E+03
1.27500E+01        6.40937544367E+03
1.27560E+01        6.40374247550E+03
1.27620E+01        6.39811976803E+03
1.27680E+01        6.39250444908E+03
1.27740E+01        6.38689299622E+03
1.27800E+01        6.38129241870E+03
1.27860E+01        6.37569634684E+03
1.27920E+01        6.37011045876E+03
1.27980E+01        6.36452839772E+03
1.28040E+01        6.35895714846E+03
1.28100E+01        6.35339036370E+03
1.28160E+01        6.34783370172E+03
1.28220E+01        6.34228082812E+03
1.28280E+01        6.33673870325E+03
1.28340E+01        6.33120100211E+03
1.28400E+01        6.32567336326E+03
1.28460E+01        6.32014947449E+03
1.28520E+01        6.31463627191E+03
1.28580E+01        6.30912745267E+03
1.28640E+01        6.30362863571E+03
1.28700E+01        6.29813353092E+03
1.28760E+01        6.29264905027E+03
1.28820E+01        6.28716891295E+03
1.28880E+01        6.28169871839E+03
1.28940E+01        6.27623219844E+03
1.29000E+01        6.27077624109E+03
1.29060E+01        6.26532458744E+03
1.29120E+01        6.25988281750E+03
1.29180E+01        6.25444468499E+03
1.29240E+01        6.24901705401E+03
1.29300E+01        6.24359368747E+03
1.29360E+01        6.23818014608E+03
1.29420E+01        6.23277020528E+03
1.29480E+01        6.22737070544E+03
1.29540E+01        6.22197820674E+03
1.29600E+01        6.21658992392E+03
1.29660E+01        6.21120798081E+03
1.29720E+01        6.20583641855E+03
1.29780E+01        6.20046904333E+03
1.29840E+01        6.19510797347E+03
1.29900E+01        6.18975723971E+03
1.29960E+01        6.18441342313E+03
1.30020E+01        6.17907375542E+03
1.30080E+01        6.17374034767E+03
1.30140E+01        6.16841721672E+03
1.30200E+01        6.16310095556E+03
1.30260E+01        6.15778880548E+03
1.30320E+01        6.15248287031E+03
1.30380E+01        6.14718715315E+03
1.30440E+01        6.14189825877E+03
1.30500E+01        6.13661006614E+03
1.30560E+01        6.13133478754E+03
1.30620E+01        6.12606629673E+03
1.30680E+01        6.12080458210E+03
1.30740E+01        6.11554354371E+03
1.30800E+01        6.11029535193E+03
1.30860E+01        6.10505390163E+03
1.30920E+01        6.09981918131E+03
1.30980E+01        6.09458511201E+03
1.31040E+01        6.08936382239E+03
1.31100E+01        6.08414922835E+03
1.31160E+01        6.07893526660E+03
1.31220E+01        6.07373403467E+03
1.31280E+01        6.06853946413E+03
1.31340E+01        6.06335154365E+03
1.31400E+01        6.05816423073E+03
1.31460E+01        6.05298958158E+03
1.31520E+01        6.04782154859E+03
1.31580E+01        6.04266012051E+03
1.31640E+01        6.03749927555E+03
1.31700E+01        6.03235102880E+03
1.31760E+01        6.02720935335E+03
1.31820E+01        6.02206824286E+03
1.31880E+01        6.01693968172E+03
1.31940E+01        6.01181765851E+03
1.32000E+01        6.00670216213E+03
1.32060E+01        6.00158720673E+03
1.32120E+01        5.99648473597E+03
1.32180E+01        5.99138875894E+03
1.32240E+01        5.98629597544E+03
1.32300E+01        5.98121028764E+03
1.32360E+01        5.97613373102E+03
1.32420E+01        5.97106034349E+03
1.32480E+01        5.96599401729E+03
1.32540E+01        5.96093678278E+03
1.32600E+01        5.95588596556E+03
1.32660E+01        5.95083828510E+03
1.32720E+01        5.94579762049E+03
1.32780E+01        5.94076599528E+03
1.32840E+01        5.93573748277E+03
1.32900E+01        5.93071859780E+03
1.32960E+01        5.92570342218E+03
1.33020E+01        5.92069723406E+03
1.33080E+01        5.91569412686E+03
1.33140E+01        5.91069795683E+03
1.33200E+01        5.90571073565E+03
1.33260E+01        5.90072657173E+03
1.33320E+01        5.89574931161E+03
1.33380E+01        5.89078096191E+03
1.33440E+01        5.88581887994E+03
1.33500E+01        5.88085982397E+03
1.33560E+01        5.87590762761E+03
1.33620E+01        5.87096429079E+03
1.33680E+01        5.86602395670E+03
1.33740E+01        5.86109044933E+03
1.33800E+01        5.85616576358E+03
1.33860E+01        5.85124405748E+03
1.33920E+01        5.84633175326E+03
1.33980E+01        5.84142301724E+03
1.34040E+01        5.83651984581E+03
1.34100E+01        5.83162603720E+03
1.34160E+01        5.82673577245E+03
1.34220E+01        5.82185104296E+03
1.34280E+01        5.81697563744E+03
1.34340E+01        5.81210634421E+03
1.34400E+01        5.80724056267E+03
1.34460E+01        5.80238027757E+03
1.34520E+01        5.79752926499E+03
1.34580E+01        5.79268174016E+03
1.34640E+01        5.78783968287E+03
1.34700E+01        5.78300685978E+03
1.34760E+01        5.77817750064E+03
1.34820E+01        5.77335358034E+03
1.34880E+01        5.76853885613E+03
1.34940E+01        5.76373014324E+03
1.35000E+01        5.75892169868E+03
1.35060E+01        5.75412498331E+03
1.35120E+01        5.74933424937E+03
1.35180E+01        5.74454692453E+03
1.35240E+01        5.73976497224E+03
1.35300E+01        5.73499212796E+03
1.35360E+01        5.73022266953E+03
1.35420E+01        5.72545855553E+03
1.35480E+01        5.72070351216E+03
1.35540E+01        5.71595438121E+03
1.35600E+01        5.71120546744E+03
1.35660E+01        5.70646813676E+03
1.35720E+01        5.70173668925E+03
1.35780E+01        5.69700544385E+03
1.35840E+01        5.69228573822E+03
1.35900E+01        5.68757188667E+03
1.35960E+01        5.68285822228E+03
1.36020E+01        5.67815605459E+03
1.36080E+01        5.67345971206E+03
1.36140E+01        5.66876354188E+03
1.36200E+01        5.66407882555E+03
1.36260E+01        5.65939990563E+03
1.36320E+01        5.65472366571E+03
1.36380E+01        5.65005379236E+03
1.36440E+01        5.64539220919E+03
1.36500E+01        5.64073328522E+03
1.36560E+01        5.63608069790E+03
1.36620E+01        5.63143636614E+03
1.36680E+01        5.62679467291E+03
1.36740E+01        5.62215928662E+03
1.36800E+01        5.61753212144E+03
1.36860E+01        5.61290757428E+03
1.36920E+01        5.60828930450E+03
1.36980E+01        5.60367922161E+03
1.37040E+01        5.59907173636E+03
1.37100E+01        5.59447049913E+03
1.37160E+01        5.58987741474E+03
1.37220E+01        5.58528690776E+03
1.37280E+01        5.58070261960E+03
1.37340E+01        5.57612645043E+03
1.37400E+01        5.57155283859E+03
1.37460E+01        5.56698541655E+03
1.37520E+01        5.56242607984E+03
1.37580E+01        5.55786928052E+03
1.37640E+01        5.55331864214E+03
1.37700E+01        5.54877605563E+03
1.37760E+01        5.54423598669E+03
1.37820E+01        5.53970205003E+03
1.37880E+01        5.53517613196E+03
1.37940E+01        5.53065271180E+03
1.38000E+01        5.52613786032E+03
1.38060E+01        5.52162606450E+03
1.38120E+01        5.51711921198E+03
1.38180E+01        5.51261843489E+03
1.38240E+01        5.50812561040E+03
1.38300E+01        5.50363524488E+03
1.38360E+01        5.49915337951E+03
1.38420E+01        5.49467150939E+03
1.38480E+01        5.49020056961E+03
1.38540E+01        5.48573263023E+03
1.38600E+01        5.48126956669E+03
1.38660E+01        5.47681494674E+03
1.38720E+01        5.47236574765E+03
1.38780E+01        5.46791651755E+03
1.38840E+01        5.46347813828E+03
1.38900E+01        5.45904271863E+03
1.38960E+01        5.45461212494E+03
1.39020E+01        5.45018990769E+03
1.39080E+01        5.44577305890E+03
1.39140E+01        5.44135615329E+03
1.39200E+01        5.43695001984E+03
1.39260E+01        5.43254680577E+03
1.39320E+01        5.42814836840E+03
1.39380E+01        5.42375824104E+03
1.39440E+01        5.41936803567E+03
1.39500E+01        5.41498853753E+03
1.39560E+01        5.41061433900E+03
1.39620E+01        5.40624004988E+03
1.39680E+01        5.40187642931E+03
1.39740E+01        5.39751808280E+03
1.39800E+01        5.39315963325E+03
1.39860E+01        5.38881181377E+03
1.39920E+01        5.38446924295E+03
1.39980E+01        5.38012655674E+03
1.40040E+01        5.37579446231E+03
