# %ECSV 0.9
# ---
# datatype:
# - {name: wavelength, unit: micron, datatype: float64}
# - {name: flux, unit: microJansky, datatype: float64}
# schema: astropy-2.0
#
#
#  - - File generated by ExoNoodle - -
#         V1.0.0 - MML (CEA-Saclay)
#       2021-02-26 14:01:48.325215
wavelength flux 
3.00000E+00        5.71057096153E+04
3.00600E+00        5.69513544474E+04
3.01200E+00        5.67975572809E+04
3.01800E+00        5.66443160211E+04
3.02400E+00        5.64916285756E+04
3.03000E+00        5.63394928549E+04
3.03600E+00        5.61879067723E+04
3.04200E+00        5.60368682441E+04
3.04800E+00        5.58863751897E+04
3.05400E+00        5.57364255317E+04
3.06000E+00        5.55870171959E+04
3.06600E+00        5.54381481116E+04
3.07200E+00        5.52898162119E+04
3.07800E+00        5.51420194331E+04
3.08400E+00        5.49947557155E+04
3.09000E+00        5.48480230034E+04
3.09600E+00        5.47018192448E+04
3.10200E+00        5.45561423917E+04
3.10800E+00        5.44109904006E+04
3.11400E+00        5.42663612319E+04
3.12000E+00        5.41222528504E+04
3.12600E+00        5.39786632253E+04
3.13200E+00        5.38355903303E+04
3.13800E+00        5.36930321438E+04
3.14400E+00        5.35509866485E+04
3.15000E+00        5.34094518322E+04
3.15600E+00        5.32684256872E+04
3.16200E+00        5.31279062108E+04
3.16800E+00        5.29878914052E+04
3.17400E+00        5.28483792776E+04
3.18000E+00        5.27093678403E+04
3.18600E+00        5.25708551105E+04
3.19200E+00        5.24328391109E+04
3.19800E+00        5.22953178693E+04
3.20400E+00        5.21582894187E+04
3.21000E+00        5.20217517976E+04
3.21600E+00        5.18857030498E+04
3.22200E+00        5.17501412247E+04
3.22800E+00        5.16150643770E+04
3.23400E+00        5.14804705671E+04
3.24000E+00        5.13463578610E+04
3.24600E+00        5.12127243303E+04
3.25200E+00        5.10795680522E+04
3.25800E+00        5.09468871099E+04
3.26400E+00        5.08146795921E+04
3.27000E+00        5.06829435933E+04
3.27600E+00        5.05516772141E+04
3.28200E+00        5.04208785607E+04
3.28800E+00        5.02905457455E+04
3.29400E+00        5.01606768864E+04
3.30000E+00        5.00312701079E+04
3.30600E+00        4.99023235399E+04
3.31200E+00        4.97738353187E+04
3.31800E+00        4.96458035865E+04
3.32400E+00        4.95182264917E+04
3.33000E+00        4.93911021888E+04
3.33600E+00        4.92644288384E+04
3.34200E+00        4.91382046072E+04
3.34800E+00        4.90124276681E+04
3.35400E+00        4.88870962004E+04
3.36000E+00        4.87622083894E+04
3.36600E+00        4.86377624267E+04
3.37200E+00        4.85137565102E+04
3.37800E+00        4.83901888439E+04
3.38400E+00        4.82670576385E+04
3.39000E+00        4.81443611105E+04
3.39600E+00        4.80220974831E+04
3.40200E+00        4.79002649856E+04
3.40800E+00        4.77788618537E+04
3.41400E+00        4.76578863296E+04
3.42000E+00        4.75373366617E+04
3.42600E+00        4.74172111047E+04
3.43200E+00        4.72975079198E+04
3.43800E+00        4.71782253748E+04
3.44400E+00        4.70593617434E+04
3.45000E+00        4.69409153060E+04
3.45600E+00        4.68228843495E+04
3.46200E+00        4.67052671670E+04
3.46800E+00        4.65880620581E+04
3.47400E+00        4.64712673288E+04
3.48000E+00        4.63548812915E+04
3.48600E+00        4.62389022651E+04
3.49200E+00        4.61233285748E+04
3.49800E+00        4.60081585522E+04
3.50400E+00        4.58933905355E+04
3.51000E+00        4.57790228693E+04
3.51600E+00        4.56650539043E+04
3.52200E+00        4.55514819980E+04
3.52800E+00        4.54383055142E+04
3.53400E+00        4.53255228229E+04
3.54000E+00        4.52131323008E+04
3.54600E+00        4.51011323308E+04
3.55200E+00        4.49895213022E+04
3.55800E+00        4.48782976110E+04
3.56400E+00        4.47674596591E+04
3.57000E+00        4.46570058551E+04
3.57600E+00        4.45469346140E+04
3.58200E+00        4.44372443569E+04
3.58800E+00        4.43279335114E+04
3.59400E+00        4.42190005116E+04
3.60000E+00        4.41104437977E+04
3.60600E+00        4.40022618164E+04
3.61200E+00        4.38944530206E+04
3.61800E+00        4.37870158696E+04
3.62400E+00        4.36799488289E+04
3.63000E+00        4.35732503705E+04
3.63600E+00        4.34669189724E+04
3.64200E+00        4.33609531192E+04
3.64800E+00        4.32553513014E+04
3.65400E+00        4.31501120159E+04
3.66000E+00        4.30452337661E+04
3.66600E+00        4.29407150611E+04
3.67200E+00        4.28365544166E+04
3.67800E+00        4.27327503545E+04
3.68400E+00        4.26293014026E+04
3.69000E+00        4.25262060952E+04
3.69600E+00        4.24234629724E+04
3.70200E+00        4.23210705808E+04
3.70800E+00        4.22190274730E+04
3.71400E+00        4.21173322075E+04
3.72000E+00        4.20159833492E+04
3.72600E+00        4.19149794690E+04
3.73200E+00        4.18143191438E+04
3.73800E+00        4.17140009566E+04
3.74400E+00        4.16140234964E+04
3.75000E+00        4.15143853582E+04
3.75600E+00        4.14150851431E+04
3.76200E+00        4.13161214582E+04
3.76800E+00        4.12174929165E+04
3.77400E+00        4.11191981368E+04
3.78000E+00        4.10212357442E+04
3.78600E+00        4.09236043695E+04
3.79200E+00        4.08263026494E+04
3.79800E+00        4.07293292265E+04
3.80400E+00        4.06326827494E+04
3.81000E+00        4.05363618723E+04
3.81600E+00        4.04403652555E+04
3.82200E+00        4.03446915649E+04
3.82800E+00        4.02493394723E+04
3.83400E+00        4.01543076554E+04
3.84000E+00        4.00595947974E+04
3.84600E+00        3.99651995875E+04
3.85200E+00        3.98711207204E+04
3.85800E+00        3.97773568967E+04
3.86400E+00        3.96839068225E+04
3.87000E+00        3.95907692098E+04
3.87600E+00        3.94979427760E+04
3.88200E+00        3.94054262444E+04
3.88800E+00        3.93132183436E+04
3.89400E+00        3.92213178081E+04
3.90000E+00        3.91297233777E+04
3.90600E+00        3.90384337980E+04
3.91200E+00        3.89474478199E+04
3.91800E+00        3.88567642001E+04
3.92400E+00        3.87663817005E+04
3.93000E+00        3.86762990886E+04
3.93600E+00        3.85865151375E+04
3.94200E+00        3.84970286254E+04
3.94800E+00        3.84078383363E+04
3.95400E+00        3.83189430593E+04
3.96000E+00        3.82303415891E+04
3.96600E+00        3.81420327255E+04
3.97200E+00        3.80540152740E+04
3.97800E+00        3.79662880449E+04
3.98400E+00        3.78788498544E+04
3.99000E+00        3.77916995235E+04
3.99600E+00        3.77048358787E+04
4.00200E+00        3.76182577516E+04
4.00800E+00        3.75319639792E+04
4.01400E+00        3.74459534035E+04
4.02000E+00        3.73602248718E+04
4.02600E+00        3.72747772366E+04
4.03200E+00        3.71896093552E+04
4.03800E+00        3.71047200906E+04
4.04400E+00        3.70201083103E+04
4.05000E+00        3.69357728872E+04
4.05600E+00        3.68517126993E+04
4.06200E+00        3.67679266295E+04
4.06800E+00        3.66844135656E+04
4.07400E+00        3.66011724008E+04
4.08000E+00        3.65182020327E+04
4.08600E+00        3.64355013645E+04
4.09200E+00        3.63530693037E+04
4.09800E+00        3.62709047632E+04
4.10400E+00        3.61890066605E+04
4.11000E+00        3.61073739182E+04
4.11600E+00        3.60260054636E+04
4.12200E+00        3.59449002288E+04
4.12800E+00        3.58640571507E+04
4.13400E+00        3.57834751713E+04
4.14000E+00        3.57031532370E+04
4.14600E+00        3.56230902992E+04
4.15200E+00        3.55432853137E+04
4.15800E+00        3.54637372415E+04
4.16400E+00        3.53844450479E+04
4.17000E+00        3.53054077030E+04
4.17600E+00        3.52266241816E+04
4.18200E+00        3.51480934630E+04
4.18800E+00        3.50698145313E+04
4.19400E+00        3.49917863751E+04
4.20000E+00        3.49140079875E+04
4.20600E+00        3.48364783662E+04
4.21200E+00        3.47591965135E+04
4.21800E+00        3.46821614362E+04
4.22400E+00        3.46053721454E+04
4.23000E+00        3.45288276570E+04
4.23600E+00        3.44525269911E+04
4.24200E+00        3.43764691724E+04
4.24800E+00        3.43006532298E+04
4.25400E+00        3.42250781969E+04
4.26000E+00        3.41497431114E+04
4.26600E+00        3.40746470154E+04
4.27200E+00        3.39997889555E+04
4.27800E+00        3.39251679825E+04
4.28400E+00        3.38507831515E+04
4.29000E+00        3.37766335219E+04
4.29600E+00        3.37027181575E+04
4.30200E+00        3.36290361259E+04
4.30800E+00        3.35555864995E+04
4.31400E+00        3.34823683545E+04
4.32000E+00        3.34093807714E+04
4.32600E+00        3.33366228349E+04
4.33200E+00        3.32640936338E+04
4.33800E+00        3.31917922611E+04
4.34400E+00        3.31197178139E+04
4.35000E+00        3.30478693932E+04
4.35600E+00        3.29762461044E+04
4.36200E+00        3.29048470566E+04
4.36800E+00        3.28336713632E+04
4.37400E+00        3.27627181416E+04
4.38000E+00        3.26919865130E+04
4.38600E+00        3.26214756027E+04
4.39200E+00        3.25511845401E+04
4.39800E+00        3.24811124583E+04
4.40400E+00        3.24112584944E+04
4.41000E+00        3.23416217895E+04
4.41600E+00        3.22722014886E+04
4.42200E+00        3.22029967403E+04
4.42800E+00        3.21340066975E+04
4.43400E+00        3.20652305165E+04
4.44000E+00        3.19966673577E+04
4.44600E+00        3.19283163851E+04
4.45200E+00        3.18601767667E+04
4.45800E+00        3.17922476741E+04
4.46400E+00        3.17245282827E+04
4.47000E+00        3.16570177716E+04
4.47600E+00        3.15897153237E+04
4.48200E+00        3.15226201255E+04
4.48800E+00        3.14557313671E+04
4.49400E+00        3.13890482426E+04
4.50000E+00        3.13225699493E+04
4.50600E+00        3.12562956884E+04
4.51200E+00        3.11902246646E+04
4.51800E+00        3.11243560864E+04
4.52400E+00        3.10586891655E+04
4.53000E+00        3.09932231176E+04
4.53600E+00        3.09279571614E+04
4.54200E+00        3.08628905197E+04
4.54800E+00        3.07980224184E+04
4.55400E+00        3.07333520871E+04
4.56000E+00        3.06688787587E+04
4.56600E+00        3.06046016698E+04
4.57200E+00        3.05405200602E+04
4.57800E+00        3.04766331733E+04
4.58400E+00        3.04129402557E+04
4.59000E+00        3.03494405577E+04
4.59600E+00        3.02861333327E+04
4.60200E+00        3.02230178376E+04
4.60800E+00        3.01600933326E+04
4.61400E+00        3.00973590812E+04
4.62000E+00        3.00348143504E+04
4.62600E+00        2.99724584101E+04
4.63200E+00        2.99102905340E+04
4.63800E+00        2.98483099985E+04
4.64400E+00        2.97865160838E+04
4.65000E+00        2.97249080729E+04
4.65600E+00        2.96634852523E+04
4.66200E+00        2.96022469116E+04
4.66800E+00        2.95411923435E+04
4.67400E+00        2.94803208441E+04
4.68000E+00        2.94196317123E+04
4.68600E+00        2.93591242505E+04
4.69200E+00        2.92987977641E+04
4.69800E+00        2.92386515616E+04
4.70400E+00        2.91786849545E+04
4.71000E+00        2.91188972575E+04
4.71600E+00        2.90592877884E+04
4.72200E+00        2.89998558680E+04
4.72800E+00        2.89406008201E+04
4.73400E+00        2.88815219715E+04
4.74000E+00        2.88226186521E+04
4.74600E+00        2.87638901948E+04
4.75200E+00        2.87053359354E+04
4.75800E+00        2.86469552128E+04
4.76400E+00        2.85887473686E+04
4.77000E+00        2.85307117476E+04
4.77600E+00        2.84728476973E+04
4.78200E+00        2.84151545684E+04
4.78800E+00        2.83576317142E+04
4.79400E+00        2.83002784910E+04
4.80000E+00        2.82430942579E+04
4.80600E+00        2.81860783771E+04
4.81200E+00        2.81292302133E+04
4.81800E+00        2.80725491342E+04
4.82400E+00        2.80160345103E+04
4.83000E+00        2.79596857150E+04
4.83600E+00        2.79035021242E+04
4.84200E+00        2.78474831168E+04
4.84800E+00        2.77916280745E+04
4.85400E+00        2.77359363815E+04
4.86000E+00        2.76804074250E+04
4.86600E+00        2.76250405947E+04
4.87200E+00        2.75698352831E+04
4.87800E+00        2.75147908854E+04
4.88400E+00        2.74599067996E+04
4.89000E+00        2.74051824260E+04
4.89600E+00        2.73506171679E+04
4.90200E+00        2.72962104312E+04
4.90800E+00        2.72419616242E+04
4.91400E+00        2.71878701581E+04
4.92000E+00        2.71339354464E+04
4.92600E+00        2.70801569055E+04
4.93200E+00        2.70265339542E+04
4.93800E+00        2.69730660138E+04
4.94400E+00        2.69197525084E+04
4.95000E+00        2.68665928643E+04
4.95600E+00        2.68135865106E+04
4.96200E+00        2.67607328789E+04
4.96800E+00        2.67080314030E+04
4.97400E+00        2.66554815196E+04
4.98000E+00        2.66030826677E+04
4.98600E+00        2.65508342886E+04
4.99200E+00        2.64987358263E+04
4.99800E+00        2.64467867272E+04
5.00400E+00        2.63949864399E+04
5.01000E+00        2.63433344158E+04
5.01600E+00        2.62918301085E+04
5.02200E+00        2.62404729738E+04
5.02800E+00        2.61892624702E+04
5.03400E+00        2.61381980585E+04
5.04000E+00        2.60872792017E+04
5.04600E+00        2.60365053654E+04
5.05200E+00        2.59858760172E+04
5.05800E+00        2.59353906274E+04
5.06400E+00        2.58850486684E+04
5.07000E+00        2.58348496148E+04
5.07600E+00        2.57847929438E+04
5.08200E+00        2.57348781346E+04
5.08800E+00        2.56851046689E+04
5.09400E+00        2.56354720304E+04
5.10000E+00        2.55859797053E+04
5.10600E+00        2.55366271818E+04
5.11200E+00        2.54874139505E+04
5.11800E+00        2.54383395042E+04
5.12400E+00        2.53894033379E+04
5.13000E+00        2.53406049487E+04
5.13600E+00        2.52919438359E+04
5.14200E+00        2.52434195011E+04
5.14800E+00        2.51950314479E+04
5.15400E+00        2.51467791822E+04
5.16000E+00        2.50986622120E+04
5.16600E+00        2.50506800473E+04
5.17200E+00        2.50028322003E+04
5.17800E+00        2.49551181855E+04
5.18400E+00        2.49075375192E+04
5.19000E+00        2.48600897199E+04
5.19600E+00        2.48127743082E+04
5.20200E+00        2.47655908069E+04
5.20800E+00        2.47185387406E+04
5.21400E+00        2.46716176361E+04
5.22000E+00        2.46248270223E+04
5.22600E+00        2.45781664299E+04
5.23200E+00        2.45316353918E+04
5.23800E+00        2.44852334430E+04
5.24400E+00        2.44389601203E+04
5.25000E+00        2.43928149625E+04
5.25600E+00        2.43467975105E+04
5.26200E+00        2.43009073071E+04
5.26800E+00        2.42551438971E+04
5.27400E+00        2.42095068273E+04
5.28000E+00        2.41639956462E+04
5.28600E+00        2.41186099046E+04
5.29200E+00        2.40733491549E+04
5.29800E+00        2.40282129516E+04
5.30400E+00        2.39832008510E+04
5.31000E+00        2.39383124115E+04
5.31600E+00        2.38935471930E+04
5.32200E+00        2.38489047577E+04
5.32800E+00        2.38043846694E+04
5.33400E+00        2.37599864939E+04
5.34000E+00        2.37157097988E+04
5.34600E+00        2.36715541534E+04
5.35200E+00        2.36275191291E+04
5.35800E+00        2.35836042990E+04
5.36400E+00        2.35398092379E+04
5.37000E+00        2.34961335227E+04
5.37600E+00        2.34525767317E+04
5.38200E+00        2.34091384454E+04
5.38800E+00        2.33658182457E+04
5.39400E+00        2.33226157166E+04
5.40000E+00        2.32795304437E+04
5.40600E+00        2.32365620143E+04
5.41200E+00        2.31937100176E+04
5.41800E+00        2.31509740444E+04
5.42400E+00        2.31083536874E+04
5.43000E+00        2.30658485408E+04
5.43600E+00        2.30234582008E+04
5.44200E+00        2.29811822649E+04
5.44800E+00        2.29390203326E+04
5.45400E+00        2.28969720052E+04
5.46000E+00        2.28550368853E+04
5.46600E+00        2.28132145774E+04
5.47200E+00        2.27715046877E+04
5.47800E+00        2.27299068240E+04
5.48400E+00        2.26884205958E+04
5.49000E+00        2.26470456140E+04
5.49600E+00        2.26057814915E+04
5.50200E+00        2.25646278426E+04
5.50800E+00        2.25235842832E+04
5.51400E+00        2.24826504309E+04
5.52000E+00        2.24418259050E+04
5.52600E+00        2.24011103261E+04
5.53200E+00        2.23605033166E+04
5.53800E+00        2.23200045005E+04
5.54400E+00        2.22796135033E+04
5.55000E+00        2.22393299520E+04
5.55600E+00        2.21991534753E+04
5.56200E+00        2.21590837034E+04
5.56800E+00        2.21191202679E+04
5.57400E+00        2.20792628022E+04
5.58000E+00        2.20395109411E+04
5.58600E+00        2.19998643207E+04
5.59200E+00        2.19603225791E+04
5.59800E+00        2.19208853554E+04
5.60400E+00        2.18815522905E+04
5.61000E+00        2.18423230267E+04
5.61600E+00        2.18031972079E+04
5.62200E+00        2.17641744792E+04
5.62800E+00        2.17252544875E+04
5.63400E+00        2.16864368810E+04
5.64000E+00        2.16477213093E+04
5.64600E+00        2.16091074235E+04
5.65200E+00        2.15705948763E+04
5.65800E+00        2.15321833215E+04
5.66400E+00        2.14938724147E+04
5.67000E+00        2.14556618126E+04
5.67600E+00        2.14175511736E+04
5.68200E+00        2.13795401574E+04
5.68800E+00        2.13416284249E+04
5.69400E+00        2.13038156386E+04
5.70000E+00        2.12661014625E+04
5.70600E+00        2.12284855618E+04
5.71200E+00        2.11909676030E+04
5.71800E+00        2.11535472543E+04
5.72400E+00        2.11162241848E+04
5.73000E+00        2.10789980654E+04
5.73600E+00        2.10418685681E+04
5.74200E+00        2.10048353662E+04
5.74800E+00        2.09678981346E+04
5.75400E+00        2.09310565493E+04
5.76000E+00        2.08943102878E+04
5.76600E+00        2.08576590286E+04
5.77200E+00        2.08211024519E+04
5.77800E+00        2.07846402389E+04
5.78400E+00        2.07482720724E+04
5.79000E+00        2.07119976363E+04
5.79600E+00        2.06758166156E+04
5.80200E+00        2.06397286971E+04
5.80800E+00        2.06037335684E+04
5.81400E+00        2.05678309186E+04
5.82000E+00        2.05320204379E+04
5.82600E+00        2.04963018181E+04
5.83200E+00        2.04606747518E+04
5.83800E+00        2.04251389331E+04
5.84400E+00        2.03896940574E+04
5.85000E+00        2.03543398213E+04
5.85600E+00        2.03190759224E+04
5.86200E+00        2.02839020597E+04
5.86800E+00        2.02488179336E+04
5.87400E+00        2.02138232453E+04
5.88000E+00        2.01789176976E+04
5.88600E+00        2.01441009942E+04
5.89200E+00        2.01093728403E+04
5.89800E+00        2.00747329419E+04
5.90400E+00        2.00401810066E+04
5.91000E+00        2.00057167429E+04
5.91600E+00        1.99713398605E+04
5.92200E+00        1.99370500704E+04
5.92800E+00        1.99028470846E+04
5.93400E+00        1.98687306165E+04
5.94000E+00        1.98347003803E+04
5.94600E+00        1.98007560916E+04
5.95200E+00        1.97668974671E+04
5.95800E+00        1.97331242247E+04
5.96400E+00        1.96994360831E+04
5.97000E+00        1.96658327626E+04
5.97600E+00        1.96323139844E+04
5.98200E+00        1.95988794706E+04
5.98800E+00        1.95655289448E+04
5.99400E+00        1.95322621314E+04
6.00000E+00        1.94990787560E+04
6.00600E+00        1.94659785454E+04
6.01200E+00        1.94329612274E+04
6.01800E+00        1.94000265309E+04
6.02400E+00        1.93671741858E+04
6.03000E+00        1.93344039231E+04
6.03600E+00        1.93017154750E+04
6.04200E+00        1.92691085746E+04
6.04800E+00        1.92365829562E+04
6.05400E+00        1.92041383550E+04
6.06000E+00        1.91717745075E+04
6.06600E+00        1.91394911508E+04
6.07200E+00        1.91072880236E+04
6.07800E+00        1.90751648652E+04
6.08400E+00        1.90431214161E+04
6.09000E+00        1.90111574179E+04
6.09600E+00        1.89792726130E+04
6.10200E+00        1.89474667450E+04
6.10800E+00        1.89157395585E+04
6.11400E+00        1.88840907990E+04
6.12000E+00        1.88525202132E+04
6.12600E+00        1.88210275485E+04
6.13200E+00        1.87896125536E+04
6.13800E+00        1.87582749780E+04
6.14400E+00        1.87270145722E+04
6.15000E+00        1.86958310878E+04
6.15600E+00        1.86647242772E+04
6.16200E+00        1.86336938939E+04
6.16800E+00        1.86027396923E+04
6.17400E+00        1.85718614278E+04
6.18000E+00        1.85410588568E+04
6.18600E+00        1.85103317366E+04
6.19200E+00        1.84796798254E+04
6.19800E+00        1.84491028824E+04
6.20400E+00        1.84186006677E+04
6.21000E+00        1.83881729425E+04
6.21600E+00        1.83578194687E+04
6.22200E+00        1.83275400092E+04
6.22800E+00        1.82973343280E+04
6.23400E+00        1.82672021898E+04
6.24000E+00        1.82371433602E+04
6.24600E+00        1.82071576060E+04
6.25200E+00        1.81772446945E+04
6.25800E+00        1.81474043942E+04
6.26400E+00        1.81176364745E+04
6.27000E+00        1.80879407055E+04
6.27600E+00        1.80583168583E+04
6.28200E+00        1.80287647048E+04
6.28800E+00        1.79992840181E+04
6.29400E+00        1.79698745718E+04
6.30000E+00        1.79405361404E+04
6.30600E+00        1.79112684997E+04
6.31200E+00        1.78820714257E+04
6.31800E+00        1.78529446959E+04
6.32400E+00        1.78238880883E+04
6.33000E+00        1.77949013817E+04
6.33600E+00        1.77659843561E+04
6.34200E+00        1.77371367920E+04
6.34800E+00        1.77083584709E+04
6.35400E+00        1.76796491751E+04
6.36000E+00        1.76510086878E+04
6.36600E+00        1.76224367929E+04
6.37200E+00        1.75939332753E+04
6.37800E+00        1.75654979207E+04
6.38400E+00        1.75371305154E+04
6.39000E+00        1.75088308468E+04
6.39600E+00        1.74805987029E+04
6.40200E+00        1.74524338727E+04
6.40800E+00        1.74243361459E+04
6.41400E+00        1.73963053130E+04
6.42000E+00        1.73683411652E+04
6.42600E+00        1.73404434948E+04
6.43200E+00        1.73126120945E+04
6.43800E+00        1.72848467582E+04
6.44400E+00        1.72571472803E+04
6.45000E+00        1.72295134559E+04
6.45600E+00        1.72019450813E+04
6.46200E+00        1.71744419532E+04
6.46800E+00        1.71470038691E+04
6.47400E+00        1.71196306275E+04
6.48000E+00        1.70923220274E+04
6.48600E+00        1.70650778688E+04
6.49200E+00        1.70378979522E+04
6.49800E+00        1.70107820791E+04
6.50400E+00        1.69837300515E+04
6.51000E+00        1.69567416725E+04
6.51600E+00        1.69298167457E+04
6.52200E+00        1.69029550753E+04
6.52800E+00        1.68761564666E+04
6.53400E+00        1.68494207253E+04
6.54000E+00        1.68227476581E+04
6.54600E+00        1.67961370723E+04
6.55200E+00        1.67695887760E+04
6.55800E+00        1.67431025778E+04
6.56400E+00        1.67166782872E+04
6.57000E+00        1.66903157145E+04
6.57600E+00        1.66640146706E+04
6.58200E+00        1.66377749671E+04
6.58800E+00        1.66115964163E+04
6.59400E+00        1.65854788312E+04
6.60000E+00        1.65594220255E+04
6.60600E+00        1.65334258138E+04
6.61200E+00        1.65074900110E+04
6.61800E+00        1.64816144331E+04
6.62400E+00        1.64557988965E+04
6.63000E+00        1.64300432183E+04
6.63600E+00        1.64043472166E+04
6.64200E+00        1.63787107097E+04
6.64800E+00        1.63531335170E+04
6.65400E+00        1.63276154583E+04
6.66000E+00        1.63021563541E+04
6.66600E+00        1.62767560258E+04
6.67200E+00        1.62514142952E+04
6.67800E+00        1.62261309849E+04
6.68400E+00        1.62009059181E+04
6.69000E+00        1.61757389186E+04
6.69600E+00        1.61506298110E+04
6.70200E+00        1.61255784205E+04
6.70800E+00        1.61005845729E+04
6.71400E+00        1.60756480946E+04
6.72000E+00        1.60507688128E+04
6.72600E+00        1.60259465552E+04
6.73200E+00        1.60011811501E+04
6.73800E+00        1.59764724267E+04
6.74400E+00        1.59518202146E+04
6.75000E+00        1.59272243440E+04
6.75600E+00        1.59026846458E+04
6.76200E+00        1.58782009516E+04
6.76800E+00        1.58537730935E+04
6.77400E+00        1.58294009043E+04
6.78000E+00        1.58050842174E+04
6.78600E+00        1.57808228666E+04
6.79200E+00        1.57566166867E+04
6.79800E+00        1.57324655128E+04
6.80400E+00        1.57083691808E+04
6.81000E+00        1.56843275271E+04
6.81600E+00        1.56603403885E+04
6.82200E+00        1.56364076029E+04
6.82800E+00        1.56125290083E+04
6.83400E+00        1.55887044436E+04
6.84000E+00        1.55649337481E+04
6.84600E+00        1.55412167619E+04
6.85200E+00        1.55175533253E+04
6.85800E+00        1.54939432797E+04
6.86400E+00        1.54703864666E+04
6.87000E+00        1.54468827284E+04
6.87600E+00        1.54234319079E+04
6.88200E+00        1.54000338486E+04
6.88800E+00        1.53766883944E+04
6.89400E+00        1.53533953900E+04
6.90000E+00        1.53301546804E+04
6.90600E+00        1.53069661113E+04
6.91200E+00        1.52838295290E+04
6.91800E+00        1.52607447803E+04
6.92400E+00        1.52377117126E+04
6.93000E+00        1.52147301737E+04
6.93600E+00        1.51918000122E+04
6.94200E+00        1.51689210770E+04
6.94800E+00        1.51460932177E+04
6.95400E+00        1.51233162844E+04
6.96000E+00        1.51005901277E+04
6.96600E+00        1.50779145988E+04
6.97200E+00        1.50552895495E+04
6.97800E+00        1.50327148319E+04
6.98400E+00        1.50101902988E+04
6.99000E+00        1.49877158037E+04
6.99600E+00        1.49652912002E+04
7.00200E+00        1.49429163427E+04
7.00800E+00        1.49205910862E+04
7.01400E+00        1.48983152860E+04
7.02000E+00        1.48760887980E+04
7.02600E+00        1.48539114787E+04
7.03200E+00        1.48317831851E+04
7.03800E+00        1.48097037745E+04
7.04400E+00        1.47876731050E+04
7.05000E+00        1.47656910351E+04
7.05600E+00        1.47437574236E+04
7.06200E+00        1.47218721302E+04
7.06800E+00        1.47000350148E+04
7.07400E+00        1.46782459379E+04
7.08000E+00        1.46565047604E+04
7.08600E+00        1.46348113438E+04
7.09200E+00        1.46131655502E+04
7.09800E+00        1.45915672420E+04
7.10400E+00        1.45700162820E+04
7.11000E+00        1.45485125339E+04
7.11600E+00        1.45270558614E+04
7.12200E+00        1.45056461289E+04
7.12800E+00        1.44842832015E+04
7.13400E+00        1.44629669443E+04
7.14000E+00        1.44416972233E+04
7.14600E+00        1.44204739048E+04
7.15200E+00        1.43992968556E+04
7.15800E+00        1.43781659428E+04
7.16400E+00        1.43570810343E+04
7.17000E+00        1.43360419982E+04
7.17600E+00        1.43150487032E+04
7.18200E+00        1.42941010184E+04
7.18800E+00        1.42731988134E+04
7.19400E+00        1.42523419582E+04
7.20000E+00        1.42315303232E+04
7.20600E+00        1.42107637796E+04
7.21200E+00        1.41900421986E+04
7.21800E+00        1.41693654521E+04
7.22400E+00        1.41487334124E+04
7.23000E+00        1.41281459523E+04
7.23600E+00        1.41076029449E+04
7.24200E+00        1.40871042640E+04
7.24800E+00        1.40666497835E+04
7.25400E+00        1.40462393781E+04
7.26000E+00        1.40258729226E+04
7.26600E+00        1.40055502925E+04
7.27200E+00        1.39852713636E+04
7.27800E+00        1.39650360121E+04
7.28400E+00        1.39448441149E+04
7.29000E+00        1.39246955489E+04
7.29600E+00        1.39045901918E+04
7.30200E+00        1.38845279215E+04
7.30800E+00        1.38645086164E+04
7.31400E+00        1.38445321554E+04
7.32000E+00        1.38245984177E+04
7.32600E+00        1.38047072830E+04
7.33200E+00        1.37848586314E+04
7.33800E+00        1.37650523433E+04
7.34400E+00        1.37452882997E+04
7.35000E+00        1.37255663819E+04
7.35600E+00        1.37058864716E+04
7.36200E+00        1.36862484511E+04
7.36800E+00        1.36666522028E+04
7.37400E+00        1.36470976097E+04
7.38000E+00        1.36275845552E+04
7.38600E+00        1.36081129230E+04
7.39200E+00        1.35886825973E+04
7.39800E+00        1.35692934627E+04
7.40400E+00        1.35499454041E+04
7.41000E+00        1.35306383069E+04
7.41600E+00        1.35113720568E+04
7.42200E+00        1.34921465401E+04
7.42800E+00        1.34729616431E+04
7.43400E+00        1.34538172530E+04
7.44000E+00        1.34347132568E+04
7.44600E+00        1.34156495425E+04
7.45200E+00        1.33966259980E+04
7.45800E+00        1.33776425118E+04
7.46400E+00        1.33586989728E+04
7.47000E+00        1.33397952702E+04
7.47600E+00        1.33209312936E+04
7.48200E+00        1.33021069330E+04
7.48800E+00        1.32833220787E+04
7.49400E+00        1.32645766216E+04
7.50000E+00        1.32458704526E+04
7.50600E+00        1.32272034633E+04
7.51200E+00        1.32085755456E+04
7.51800E+00        1.31899865916E+04
7.52400E+00        1.31714364939E+04
7.53000E+00        1.31529251455E+04
7.53600E+00        1.31344524396E+04
7.54200E+00        1.31160182701E+04
7.54800E+00        1.30976225308E+04
7.55400E+00        1.30792651162E+04
7.56000E+00        1.30609459211E+04
7.56600E+00        1.30426648404E+04
7.57200E+00        1.30244217699E+04
7.57800E+00        1.30062166051E+04
7.58400E+00        1.29880492423E+04
7.59000E+00        1.29699195780E+04
7.59600E+00        1.29518275092E+04
7.60200E+00        1.29337729329E+04
7.60800E+00        1.29157557468E+04
7.61400E+00        1.28977758487E+04
7.62000E+00        1.28798331370E+04
7.62600E+00        1.28619275102E+04
7.63200E+00        1.28440588672E+04
7.63800E+00        1.28262271074E+04
7.64400E+00        1.28084321303E+04
7.65000E+00        1.27906738359E+04
7.65600E+00        1.27729521245E+04
7.66200E+00        1.27552668967E+04
7.66800E+00        1.27376180534E+04
7.67400E+00        1.27200054960E+04
7.68000E+00        1.27024291260E+04
7.68600E+00        1.26848888455E+04
7.69200E+00        1.26673845566E+04
7.69800E+00        1.26499161620E+04
7.70400E+00        1.26324835646E+04
7.71000E+00        1.26150866676E+04
7.71600E+00        1.25977253747E+04
7.72200E+00        1.25803995897E+04
7.72800E+00        1.25631092168E+04
7.73400E+00        1.25458541605E+04
7.74000E+00        1.25286343258E+04
7.74600E+00        1.25114496177E+04
7.75200E+00        1.24942999418E+04
7.75800E+00        1.24771852039E+04
7.76400E+00        1.24601053100E+04
7.77000E+00        1.24430601665E+04
7.77600E+00        1.24260496803E+04
7.78200E+00        1.24090737583E+04
7.78800E+00        1.23921323080E+04
7.79400E+00        1.23752252368E+04
7.80000E+00        1.23583524529E+04
7.80600E+00        1.23415138644E+04
7.81200E+00        1.23247093799E+04
7.81800E+00        1.23079389084E+04
7.82400E+00        1.22912023589E+04
7.83000E+00        1.22744996409E+04
7.83600E+00        1.22578306642E+04
7.84200E+00        1.22411953389E+04
7.84800E+00        1.22245935753E+04
7.85400E+00        1.22080252840E+04
7.86000E+00        1.21914903761E+04
7.86600E+00        1.21749887628E+04
7.87200E+00        1.21585203555E+04
7.87800E+00        1.21420850661E+04
7.88400E+00        1.21256828067E+04
7.89000E+00        1.21093134898E+04
7.89600E+00        1.20929770280E+04
7.90200E+00        1.20766733342E+04
7.90800E+00        1.20604023218E+04
7.91400E+00        1.20441639042E+04
7.92000E+00        1.20279579953E+04
7.92600E+00        1.20117845092E+04
7.93200E+00        1.19956433603E+04
7.93800E+00        1.19795344633E+04
7.94400E+00        1.19634577330E+04
7.95000E+00        1.19474130847E+04
7.95600E+00        1.19314004339E+04
7.96200E+00        1.19154196964E+04
7.96800E+00        1.18994707881E+04
7.97400E+00        1.18835536255E+04
7.98000E+00        1.18676681251E+04
7.98600E+00        1.18518142038E+04
7.99200E+00        1.18359917787E+04
7.99800E+00        1.18202007671E+04
8.00400E+00        1.18044410869E+04
8.01000E+00        1.17887126558E+04
8.01600E+00        1.17730153921E+04
8.02200E+00        1.17573492142E+04
8.02800E+00        1.17417140409E+04
8.03400E+00        1.17261097912E+04
8.04000E+00        1.17105363843E+04
8.04600E+00        1.16949937396E+04
8.05200E+00        1.16794817771E+04
8.05800E+00        1.16640004167E+04
8.06400E+00        1.16485495787E+04
8.07000E+00        1.16331291837E+04
8.07600E+00        1.16177391523E+04
8.08200E+00        1.16023794058E+04
8.08800E+00        1.15870498654E+04
8.09400E+00        1.15717504526E+04
8.10000E+00        1.15564810892E+04
8.10600E+00        1.15412416975E+04
8.11200E+00        1.15260321995E+04
8.11800E+00        1.15108525179E+04
8.12400E+00        1.14957025756E+04
8.13000E+00        1.14805822955E+04
8.13600E+00        1.14654916010E+04
8.14200E+00        1.14504304155E+04
8.14800E+00        1.14353986630E+04
8.15400E+00        1.14203962674E+04
8.16000E+00        1.14054231530E+04
8.16600E+00        1.13904792444E+04
8.17200E+00        1.13755644662E+04
8.17800E+00        1.13606787435E+04
8.18400E+00        1.13458220015E+04
8.19000E+00        1.13309941657E+04
8.19600E+00        1.13161951618E+04
8.20200E+00        1.13014249157E+04
8.20800E+00        1.12866833537E+04
8.21400E+00        1.12719704021E+04
8.22000E+00        1.12572859877E+04
8.22600E+00        1.12426300372E+04
8.23200E+00        1.12280024778E+04
8.23800E+00        1.12134032368E+04
8.24400E+00        1.11988322419E+04
8.25000E+00        1.11842894207E+04
8.25600E+00        1.11697747015E+04
8.26200E+00        1.11552880123E+04
8.26800E+00        1.11408292817E+04
8.27400E+00        1.11263984384E+04
8.28000E+00        1.11119954114E+04
8.28600E+00        1.10976201298E+04
8.29200E+00        1.10832725230E+04
8.29800E+00        1.10689525205E+04
8.30400E+00        1.10546600523E+04
8.31000E+00        1.10403950483E+04
8.31600E+00        1.10261574389E+04
8.32200E+00        1.10119471545E+04
8.32800E+00        1.09977641258E+04
8.33400E+00        1.09836082838E+04
8.34000E+00        1.09694795596E+04
8.34600E+00        1.09553778845E+04
8.35200E+00        1.09413031901E+04
8.35800E+00        1.09272554082E+04
8.36400E+00        1.09132344708E+04
8.37000E+00        1.08992403101E+04
8.37600E+00        1.08852728586E+04
8.38200E+00        1.08713320488E+04
8.38800E+00        1.08574178135E+04
8.39400E+00        1.08435300860E+04
8.40000E+00        1.08296687993E+04
8.40600E+00        1.08158338870E+04
8.41200E+00        1.08020252828E+04
8.41800E+00        1.07882429205E+04
8.42400E+00        1.07744867343E+04
8.43000E+00        1.07607566583E+04
8.43600E+00        1.07470526272E+04
8.44200E+00        1.07333745755E+04
8.44800E+00        1.07197224383E+04
8.45400E+00        1.07060961506E+04
8.46000E+00        1.06924956478E+04
8.46600E+00        1.06789208653E+04
8.47200E+00        1.06653717388E+04
8.47800E+00        1.06518482042E+04
8.48400E+00        1.06383501977E+04
8.49000E+00        1.06248776555E+04
8.49600E+00        1.06114305142E+04
8.50200E+00        1.05980087104E+04
8.50800E+00        1.05846121810E+04
8.51400E+00        1.05712408631E+04
8.52000E+00        1.05578946940E+04
8.52600E+00        1.05445736111E+04
8.53200E+00        1.05312775522E+04
8.53800E+00        1.05180064550E+04
8.54400E+00        1.05047602576E+04
8.55000E+00        1.04915388983E+04
8.55600E+00        1.04783423154E+04
8.56200E+00        1.04651704476E+04
8.56800E+00        1.04520232337E+04
8.57400E+00        1.04389006127E+04
8.58000E+00        1.04258025237E+04
8.58600E+00        1.04127289061E+04
8.59200E+00        1.03996796995E+04
8.59800E+00        1.03866548435E+04
8.60400E+00        1.03736542782E+04
8.61000E+00        1.03606779436E+04
8.61600E+00        1.03477257800E+04
8.62200E+00        1.03347977278E+04
8.62800E+00        1.03218937277E+04
8.63400E+00        1.03090137206E+04
8.64000E+00        1.02961576474E+04
8.64600E+00        1.02833254494E+04
8.65200E+00        1.02705170678E+04
8.65800E+00        1.02577324443E+04
8.66400E+00        1.02449715205E+04
8.67000E+00        1.02322342384E+04
8.67600E+00        1.02195205401E+04
8.68200E+00        1.02068303677E+04
8.68800E+00        1.01941636638E+04
8.69400E+00        1.01815203709E+04
8.70000E+00        1.01689004317E+04
8.70600E+00        1.01563037893E+04
8.71200E+00        1.01437303868E+04
8.71800E+00        1.01311801675E+04
8.72400E+00        1.01186530747E+04
8.73000E+00        1.01061490523E+04
8.73600E+00        1.00936680438E+04
8.74200E+00        1.00812099935E+04
8.74800E+00        1.00687748453E+04
8.75400E+00        1.00563625436E+04
8.76000E+00        1.00439730328E+04
8.76600E+00        1.00316062577E+04
8.77200E+00        1.00192621631E+04
8.77800E+00        1.00069406938E+04
8.78400E+00        9.99464179510E+03
8.79000E+00        9.98236541226E+03
8.79600E+00        9.97011149077E+03
8.80200E+00        9.95787997625E+03
8.80800E+00        9.94567081451E+03
8.81400E+00        9.93348395150E+03
8.82000E+00        9.92131933336E+03
8.82600E+00        9.90917690638E+03
8.83200E+00        9.89705661698E+03
8.83800E+00        9.88495841179E+03
8.84400E+00        9.87288223756E+03
8.85000E+00        9.86082804123E+03
8.85600E+00        9.84879576987E+03
8.86200E+00        9.83678537073E+03
8.86800E+00        9.82479679120E+03
8.87400E+00        9.81282997885E+03
8.88000E+00        9.80088488137E+03
8.88600E+00        9.78896144664E+03
8.89200E+00        9.77705962268E+03
8.89800E+00        9.76517935766E+03
8.90400E+00        9.75332059992E+03
8.91000E+00        9.74148329794E+03
8.91600E+00        9.72966740036E+03
8.92200E+00        9.71787285596E+03
8.92800E+00        9.70609961369E+03
8.93400E+00        9.69434762263E+03
8.94000E+00        9.68261683204E+03
8.94600E+00        9.67090719130E+03
8.95200E+00        9.65921864995E+03
8.95800E+00        9.64755115770E+03
8.96400E+00        9.63590466437E+03
8.97000E+00        9.62427911997E+03
8.97600E+00        9.61267447461E+03
8.98200E+00        9.60109067860E+03
8.98800E+00        9.58952768235E+03
8.99400E+00        9.57798543644E+03
9.00000E+00        9.56646389160E+03
9.00600E+00        9.55496299869E+03
9.01200E+00        9.54348270873E+03
9.01800E+00        9.53202297286E+03
9.02400E+00        9.52058374238E+03
9.03000E+00        9.50916496875E+03
9.03600E+00        9.49776660354E+03
9.04200E+00        9.48638859847E+03
9.04800E+00        9.47503090542E+03
9.05400E+00        9.46369347640E+03
9.06000E+00        9.45237626354E+03
9.06600E+00        9.44107921916E+03
9.07200E+00        9.42980229566E+03
9.07800E+00        9.41854544562E+03
9.08400E+00        9.40730862175E+03
9.09000E+00        9.39609177689E+03
9.09600E+00        9.38489486403E+03
9.10200E+00        9.37371783627E+03
9.10800E+00        9.36256064689E+03
9.11400E+00        9.35142324927E+03
9.12000E+00        9.34030559693E+03
9.12600E+00        9.32920764355E+03
9.13200E+00        9.31812934292E+03
9.13800E+00        9.30707064898E+03
9.14400E+00        9.29603151578E+03
9.15000E+00        9.28501189753E+03
9.15600E+00        9.27401174857E+03
9.16200E+00        9.26303102335E+03
9.16800E+00        9.25206967647E+03
9.17400E+00        9.24112766267E+03
9.18000E+00        9.23020493681E+03
9.18600E+00        9.21930145386E+03
9.19200E+00        9.20841716897E+03
9.19800E+00        9.19755203736E+03
9.20400E+00        9.18670601444E+03
9.21000E+00        9.17587905569E+03
9.21600E+00        9.16507111677E+03
9.22200E+00        9.15428215344E+03
9.22800E+00        9.14351212158E+03
9.23400E+00        9.13276097722E+03
9.24000E+00        9.12202867651E+03
9.24600E+00        9.11131517572E+03
9.25200E+00        9.10062043124E+03
9.25800E+00        9.08994439961E+03
9.26400E+00        9.07928703747E+03
9.27000E+00        9.06864830159E+03
9.27600E+00        9.05802814887E+03
9.28200E+00        9.04742653634E+03
9.28800E+00        9.03684342114E+03
9.29400E+00        9.02627876053E+03
9.30000E+00        9.01573251190E+03
9.30600E+00        9.00520463277E+03
9.31200E+00        8.99469508078E+03
9.31800E+00        8.98420381367E+03
9.32400E+00        8.97373078932E+03
9.33000E+00        8.96327596573E+03
9.33600E+00        8.95283930101E+03
9.34200E+00        8.94242075339E+03
9.34800E+00        8.93202028124E+03
9.35400E+00        8.92163784303E+03
9.36000E+00        8.91127339734E+03
9.36600E+00        8.90092690289E+03
9.37200E+00        8.89059831850E+03
9.37800E+00        8.88028760312E+03
9.38400E+00        8.86999471581E+03
9.39000E+00        8.85971961575E+03
9.39600E+00        8.84946226222E+03
9.40200E+00        8.83922261464E+03
9.40800E+00        8.82900063253E+03
9.41400E+00        8.81879627553E+03
9.42000E+00        8.80860950340E+03
9.42600E+00        8.79844027599E+03
9.43200E+00        8.78828855329E+03
9.43800E+00        8.77815429540E+03
9.44400E+00        8.76803746252E+03
9.45000E+00        8.75793801497E+03
9.45600E+00        8.74785591318E+03
9.46200E+00        8.73779111770E+03
9.46800E+00        8.72774358917E+03
9.47400E+00        8.71771328837E+03
9.48000E+00        8.70770017617E+03
9.48600E+00        8.69770421355E+03
9.49200E+00        8.68772536162E+03
9.49800E+00        8.67776358157E+03
9.50400E+00        8.66781883473E+03
9.51000E+00        8.65789108251E+03
9.51600E+00        8.64798028645E+03
9.52200E+00        8.63808640818E+03
9.52800E+00        8.62820940946E+03
9.53400E+00        8.61834925214E+03
9.54000E+00        8.60850589819E+03
9.54600E+00        8.59867930966E+03
9.55200E+00        8.58886944873E+03
9.55800E+00        8.57907627769E+03
9.56400E+00        8.56929975892E+03
9.57000E+00        8.55953985492E+03
9.57600E+00        8.54979652827E+03
9.58200E+00        8.54006974167E+03
9.58800E+00        8.53035945795E+03
9.59400E+00        8.52066563999E+03
9.60000E+00        8.51098825082E+03
9.60600E+00        8.50132725354E+03
9.61200E+00        8.49168261138E+03
9.61800E+00        8.48205428766E+03
9.62400E+00        8.47244224579E+03
9.63000E+00        8.46284644931E+03
9.63600E+00        8.45326686184E+03
9.64200E+00        8.44370344710E+03
9.64800E+00        8.43415616892E+03
9.65400E+00        8.42462499123E+03
9.66000E+00        8.41510987805E+03
9.66600E+00        8.40561079353E+03
9.67200E+00        8.39612770187E+03
9.67800E+00        8.38666056741E+03
9.68400E+00        8.37720935457E+03
9.69000E+00        8.36777402788E+03
9.69600E+00        8.35835455195E+03
9.70200E+00        8.34895089151E+03
9.70800E+00        8.33956301136E+03
9.71400E+00        8.33019087644E+03
9.72000E+00        8.32083445174E+03
9.72600E+00        8.31149370237E+03
9.73200E+00        8.30216859354E+03
9.73800E+00        8.29285909054E+03
9.74400E+00        8.28356515877E+03
9.75000E+00        8.27428676373E+03
9.75600E+00        8.26502387098E+03
9.76200E+00        8.25577644622E+03
9.76800E+00        8.24654445522E+03
9.77400E+00        8.23732786384E+03
9.78000E+00        8.22812663804E+03
9.78600E+00        8.21894074389E+03
9.79200E+00        8.20977014753E+03
9.79800E+00        8.20061481519E+03
9.80400E+00        8.19147471322E+03
9.81000E+00        8.18234980804E+03
9.81600E+00        8.17324006616E+03
9.82200E+00        8.16414545419E+03
9.82800E+00        8.15506593884E+03
9.83400E+00        8.14600148689E+03
9.84000E+00        8.13695206523E+03
9.84600E+00        8.12791764083E+03
9.85200E+00        8.11889818075E+03
9.85800E+00        8.10989365215E+03
9.86400E+00        8.10090402226E+03
9.87000E+00        8.09192925841E+03
9.87600E+00        8.08296932803E+03
9.88200E+00        8.07402419862E+03
9.88800E+00        8.06509383778E+03
9.89400E+00        8.05617821320E+03
9.90000E+00        8.04727729264E+03
9.90600E+00        8.03839104398E+03
9.91200E+00        8.02951943514E+03
9.91800E+00        8.02066243418E+03
9.92400E+00        8.01182000920E+03
9.93000E+00        8.00299212843E+03
9.93600E+00        7.99417876014E+03
9.94200E+00        7.98537987272E+03
9.94800E+00        7.97659543464E+03
9.95400E+00        7.96782541444E+03
9.96000E+00        7.95906978076E+03
9.96600E+00        7.95032850232E+03
9.97200E+00        7.94160154793E+03
9.97800E+00        7.93288888646E+03
9.98400E+00        7.92419048690E+03
9.99000E+00        7.91550631830E+03
9.99600E+00        7.90683634980E+03
1.00020E+01        7.89818055062E+03
1.00080E+01        7.88953889007E+03
1.00140E+01        7.88091133753E+03
1.00200E+01        7.87229786248E+03
1.00260E+01        7.86369843446E+03
1.00320E+01        7.85511302311E+03
1.00380E+01        7.84654159815E+03
1.00440E+01        7.83798412937E+03
1.00500E+01        7.82944058666E+03
1.00560E+01        7.82091093996E+03
1.00620E+01        7.81239515932E+03
1.00680E+01        7.80389321485E+03
1.00740E+01        7.79540507676E+03
1.00800E+01        7.78693071533E+03
1.00860E+01        7.77847010091E+03
1.00920E+01        7.77002320394E+03
1.00980E+01        7.76158999493E+03
1.01040E+01        7.75317044449E+03
1.01100E+01        7.74476452329E+03
1.01160E+01        7.73637220207E+03
1.01220E+01        7.72799345166E+03
1.01280E+01        7.71962824299E+03
1.01340E+01        7.71127654702E+03
1.01400E+01        7.70293833482E+03
1.01460E+01        7.69461357753E+03
1.01520E+01        7.68630224637E+03
1.01580E+01        7.67800431263E+03
1.01640E+01        7.66971974768E+03
1.01700E+01        7.66144852295E+03
1.01760E+01        7.65319060998E+03
1.01820E+01        7.64494598036E+03
1.01880E+01        7.63671460575E+03
1.01940E+01        7.62849645791E+03
1.02000E+01        7.62029150866E+03
1.02060E+01        7.61209972989E+03
1.02120E+01        7.60392109357E+03
1.02180E+01        7.59575557174E+03
1.02240E+01        7.58760313653E+03
1.02300E+01        7.57946376012E+03
1.02360E+01        7.57133741478E+03
1.02420E+01        7.56322407285E+03
1.02480E+01        7.55512370674E+03
1.02540E+01        7.54703628893E+03
1.02600E+01        7.53896179197E+03
1.02660E+01        7.53090018851E+03
1.02720E+01        7.52285145123E+03
1.02780E+01        7.51481555291E+03
1.02840E+01        7.50679246640E+03
1.02900E+01        7.49878216460E+03
1.02960E+01        7.49078462051E+03
1.03020E+01        7.48279980717E+03
1.03080E+01        7.47482769773E+03
1.03140E+01        7.46686826538E+03
1.03200E+01        7.45892148339E+03
1.03260E+01        7.45098732509E+03
1.03320E+01        7.44306576389E+03
1.03380E+01        7.43515677328E+03
1.03440E+01        7.42726032680E+03
1.03500E+01        7.41937639806E+03
1.03560E+01        7.41150496076E+03
1.03620E+01        7.40364598864E+03
1.03680E+01        7.39579945553E+03
1.03740E+01        7.38796533532E+03
1.03800E+01        7.38014360197E+03
1.03860E+01        7.37233422950E+03
1.03920E+01        7.36453719202E+03
1.03980E+01        7.35675246368E+03
1.04040E+01        7.34898001872E+03
1.04100E+01        7.34121983142E+03
1.04160E+01        7.33347187615E+03
1.04220E+01        7.32573612735E+03
1.04280E+01        7.31801255951E+03
1.04340E+01        7.31030114718E+03
1.04400E+01        7.30260186501E+03
1.04460E+01        7.29491468768E+03
1.04520E+01        7.28723958996E+03
1.04580E+01        7.27957654666E+03
1.04640E+01        7.27192553269E+03
1.04700E+01        7.26428652299E+03
1.04760E+01        7.25665949258E+03
1.04820E+01        7.24904441656E+03
1.04880E+01        7.24144127006E+03
1.04940E+01        7.23385002832E+03
1.05000E+01        7.22627066659E+03
1.05060E+01        7.21870316022E+03
1.05120E+01        7.21114748462E+03
1.05180E+01        7.20360361526E+03
1.05240E+01        7.19607152766E+03
1.05300E+01        7.18855119743E+03
1.05360E+01        7.18104260021E+03
1.05420E+01        7.17354571173E+03
1.05480E+01        7.16606050778E+03
1.05540E+01        7.15858696419E+03
1.05600E+01        7.15112505687E+03
1.05660E+01        7.14367476180E+03
1.05720E+01        7.13623605500E+03
1.05780E+01        7.12880891256E+03
1.05840E+01        7.12139331063E+03
1.05900E+01        7.11398922544E+03
1.05960E+01        7.10659663326E+03
1.06020E+01        7.09921551041E+03
1.06080E+01        7.09184583331E+03
1.06140E+01        7.08448757840E+03
1.06200E+01        7.07714072220E+03
1.06260E+01        7.06980524129E+03
1.06320E+01        7.06248111231E+03
1.06380E+01        7.05516831195E+03
1.06440E+01        7.04786681696E+03
1.06500E+01        7.04057660417E+03
1.06560E+01        7.03329765045E+03
1.06620E+01        7.02602993273E+03
1.06680E+01        7.01877342800E+03
1.06740E+01        7.01152811332E+03
1.06800E+01        7.00429396579E+03
1.06860E+01        6.99707096258E+03
1.06920E+01        6.98985908091E+03
1.06980E+01        6.98265829807E+03
1.07040E+01        6.97546859140E+03
1.07100E+01        6.96828993829E+03
1.07160E+01        6.96112231621E+03
1.07220E+01        6.95396570266E+03
1.07280E+01        6.94682007521E+03
1.07340E+01        6.93968541149E+03
1.07400E+01        6.93256168919E+03
1.07460E+01        6.92544888604E+03
1.07520E+01        6.91834697984E+03
1.07580E+01        6.91125594844E+03
1.07640E+01        6.90417576975E+03
1.07700E+01        6.89710642173E+03
1.07760E+01        6.89004788241E+03
1.07820E+01        6.88300012985E+03
1.07880E+01        6.87596314218E+03
1.07940E+01        6.86893689760E+03
1.08000E+01        6.86192137434E+03
1.08060E+01        6.85491655070E+03
1.08120E+01        6.84792240502E+03
1.08180E+01        6.84093891571E+03
1.08240E+01        6.83396606124E+03
1.08300E+01        6.82700382010E+03
1.08360E+01        6.82005217087E+03
1.08420E+01        6.81311109217E+03
1.08480E+01        6.80618056267E+03
1.08540E+01        6.79926056110E+03
1.08600E+01        6.79235106624E+03
1.08660E+01        6.78545205692E+03
1.08720E+01        6.77856351204E+03
1.08780E+01        6.77168541052E+03
1.08840E+01        6.76481773137E+03
1.08900E+01        6.75796045362E+03
1.08960E+01        6.75111355638E+03
1.09020E+01        6.74427701880E+03
1.09080E+01        6.73745082007E+03
1.09140E+01        6.73063493945E+03
1.09200E+01        6.72382935625E+03
1.09260E+01        6.71703404981E+03
1.09320E+01        6.71024899956E+03
1.09380E+01        6.70347418495E+03
1.09440E+01        6.69670958549E+03
1.09500E+01        6.68995518075E+03
1.09560E+01        6.68321095033E+03
1.09620E+01        6.67647687389E+03
1.09680E+01        6.66975293116E+03
1.09740E+01        6.66303910190E+03
1.09800E+01        6.65633536592E+03
1.09860E+01        6.64964170309E+03
1.09920E+01        6.64295809332E+03
1.09980E+01        6.63628451657E+03
1.10040E+01        6.62962095286E+03
1.10100E+01        6.62296738226E+03
1.10160E+01        6.61632378487E+03
1.10220E+01        6.60969014085E+03
1.10280E+01        6.60306643043E+03
1.10340E+01        6.59645263386E+03
1.10400E+01        6.58984873144E+03
1.10460E+01        6.58325470354E+03
1.10520E+01        6.57667053057E+03
1.10580E+01        6.57009619296E+03
1.10640E+01        6.56353167124E+03
1.10700E+01        6.55697694595E+03
1.10760E+01        6.55043199768E+03
1.10820E+01        6.54389680709E+03
1.10880E+01        6.53737135486E+03
1.10940E+01        6.53085562175E+03
1.11000E+01        6.52434958853E+03
1.11060E+01        6.51785323605E+03
1.11120E+01        6.51136654518E+03
1.11180E+01        6.50488949686E+03
1.11240E+01        6.49842207207E+03
1.11300E+01        6.49196425182E+03
1.11360E+01        6.48551601719E+03
1.11420E+01        6.47907734930E+03
1.11480E+01        6.47264822931E+03
1.11540E+01        6.46622863842E+03
1.11600E+01        6.45981855789E+03
1.11660E+01        6.45341796902E+03
1.11720E+01        6.44702685316E+03
1.11780E+01        6.44064519170E+03
1.11840E+01        6.43427296608E+03
1.11900E+01        6.42791015778E+03
1.11960E+01        6.42155674833E+03
1.12020E+01        6.41521271930E+03
1.12080E+01        6.40887805231E+03
1.12140E+01        6.40255272902E+03
1.12200E+01        6.39623673114E+03
1.12260E+01        6.38993004043E+03
1.12320E+01        6.38363263867E+03
1.12380E+01        6.37734450771E+03
1.12440E+01        6.37106562944E+03
1.12500E+01        6.36479598578E+03
1.12560E+01        6.35853555871E+03
1.12620E+01        6.35228433024E+03
1.12680E+01        6.34604228243E+03
1.12740E+01        6.33980939738E+03
1.12800E+01        6.33358565725E+03
1.12860E+01        6.32737104423E+03
1.12920E+01        6.32116554054E+03
1.12980E+01        6.31496912847E+03
1.13040E+01        6.30878179033E+03
1.13100E+01        6.30260350848E+03
1.13160E+01        6.29643426534E+03
1.13220E+01        6.29027404334E+03
1.13280E+01        6.28412282498E+03
1.13340E+01        6.27798059280E+03
1.13400E+01        6.27184732935E+03
1.13460E+01        6.26572301727E+03
1.13520E+01        6.25960763920E+03
1.13580E+01        6.25350117785E+03
1.13640E+01        6.24740361596E+03
1.13700E+01        6.24131493632E+03
1.13760E+01        6.23523512174E+03
1.13820E+01        6.22916415509E+03
1.13880E+01        6.22310201929E+03
1.13940E+01        6.21704869728E+03
1.14000E+01        6.21100417204E+03
1.14060E+01        6.20496842661E+03
1.14120E+01        6.19894144406E+03
1.14180E+01        6.19292320750E+03
1.14240E+01        6.18691370008E+03
1.14300E+01        6.18091290499E+03
1.14360E+01        6.17492080548E+03
1.14420E+01        6.16893738480E+03
1.14480E+01        6.16296262627E+03
1.14540E+01        6.15699651324E+03
1.14600E+01        6.15103902911E+03
1.14660E+01        6.14509015731E+03
1.14720E+01        6.13914988131E+03
1.14780E+01        6.13321818463E+03
1.14840E+01        6.12729505080E+03
1.14900E+01        6.12138046342E+03
1.14960E+01        6.11547440612E+03
1.15020E+01        6.10957686258E+03
1.15080E+01        6.10368781648E+03
1.15140E+01        6.09780725158E+03
1.15200E+01        6.09193515167E+03
1.15260E+01        6.08607150057E+03
1.15320E+01        6.08021628213E+03
1.15380E+01        6.07436948026E+03
1.15440E+01        6.06853107890E+03
1.15500E+01        6.06270106201E+03
1.15560E+01        6.05687941362E+03
1.15620E+01        6.05106611778E+03
1.15680E+01        6.04526115858E+03
1.15740E+01        6.03946452013E+03
1.15800E+01        6.03367618662E+03
1.15860E+01        6.02789614224E+03
1.15920E+01        6.02212437123E+03
1.15980E+01        6.01636085787E+03
1.16040E+01        6.01060558647E+03
1.16100E+01        6.00485854138E+03
1.16160E+01        5.99911970700E+03
1.16220E+01        5.99338906775E+03
1.16280E+01        5.98766660808E+03
1.16340E+01        5.98195231251E+03
1.16400E+01        5.97624616555E+03
1.16460E+01        5.97054815179E+03
1.16520E+01        5.96485825584E+03
1.16580E+01        5.95917646233E+03
1.16640E+01        5.95350275595E+03
1.16700E+01        5.94783712142E+03
1.16760E+01        5.94217954348E+03
1.16820E+01        5.93653000693E+03
1.16880E+01        5.93088849658E+03
1.16940E+01        5.92525499731E+03
1.17000E+01        5.91962949399E+03
1.17060E+01        5.91401197157E+03
1.17120E+01        5.90840241502E+03
1.17180E+01        5.90280080932E+03
1.17240E+01        5.89720713952E+03
1.17300E+01        5.89162139068E+03
1.17360E+01        5.88604354793E+03
1.17420E+01        5.88047359639E+03
1.17480E+01        5.87491152124E+03
1.17540E+01        5.86935730769E+03
1.17600E+01        5.86381094099E+03
1.17660E+01        5.85827240642E+03
1.17720E+01        5.85274168928E+03
1.17780E+01        5.84721877494E+03
1.17840E+01        5.84170364877E+03
1.17900E+01        5.83619629619E+03
1.17960E+01        5.83069670264E+03
1.18020E+01        5.82520485362E+03
1.18080E+01        5.81972073463E+03
1.18140E+01        5.81424433124E+03
1.18200E+01        5.80877562903E+03
1.18260E+01        5.80331461361E+03
1.18320E+01        5.79786127064E+03
1.18380E+01        5.79241558581E+03
1.18440E+01        5.78697754483E+03
1.18500E+01        5.78154713346E+03
1.18560E+01        5.77612433747E+03
1.18620E+01        5.77070914270E+03
1.18680E+01        5.76530153498E+03
1.18740E+01        5.75990150020E+03
1.18800E+01        5.75450902429E+03
1.18860E+01        5.74912409318E+03
1.18920E+01        5.74374669287E+03
1.18980E+01        5.73837680936E+03
1.19040E+01        5.73301442869E+03
1.19100E+01        5.72765953696E+03
1.19160E+01        5.72231212026E+03
1.19220E+01        5.71697216475E+03
1.19280E+01        5.71163965659E+03
1.19340E+01        5.70631458200E+03
1.19400E+01        5.70099692720E+03
1.19460E+01        5.69568667848E+03
1.19520E+01        5.69038382213E+03
1.19580E+01        5.68508834448E+03
1.19640E+01        5.67980023191E+03
1.19700E+01        5.67451947080E+03
1.19760E+01        5.66924604758E+03
1.19820E+01        5.66397994872E+03
1.19880E+01        5.65872116070E+03
1.19940E+01        5.65346967004E+03
1.20000E+01        5.64822546329E+03
1.20060E+01        5.64298852704E+03
1.20120E+01        5.63775884790E+03
1.20180E+01        5.63253641251E+03
1.20240E+01        5.62732120755E+03
1.20300E+01        5.62211321972E+03
1.20360E+01        5.61691243576E+03
1.20420E+01        5.61171884243E+03
1.20480E+01        5.60653242653E+03
1.20540E+01        5.60135317488E+03
1.20600E+01        5.59618107435E+03
1.20660E+01        5.59101611181E+03
1.20720E+01        5.58585827419E+03
1.20780E+01        5.58070754842E+03
1.20840E+01        5.57556392149E+03
1.20900E+01        5.57042738040E+03
1.20960E+01        5.56529791219E+03
1.21020E+01        5.56017550392E+03
1.21080E+01        5.55506014268E+03
1.21140E+01        5.54995181560E+03
1.21200E+01        5.54485050983E+03
1.21260E+01        5.53975621255E+03
1.21320E+01        5.53466891097E+03
1.21380E+01        5.52958859234E+03
1.21440E+01        5.52451524392E+03
1.21500E+01        5.51944885301E+03
1.21560E+01        5.51438940694E+03
1.21620E+01        5.50933689306E+03
1.21680E+01        5.50429129875E+03
1.21740E+01        5.49925261144E+03
1.21800E+01        5.49422081856E+03
1.21860E+01        5.48919590757E+03
1.21920E+01        5.48417786599E+03
1.21980E+01        5.47916668133E+03
1.22040E+01        5.47416234114E+03
1.22100E+01        5.46916483302E+03
1.22160E+01        5.46417414457E+03
1.22220E+01        5.45919026344E+03
1.22280E+01        5.45421317728E+03
1.22340E+01        5.44924287379E+03
1.22400E+01        5.44427934069E+03
1.22460E+01        5.43932256574E+03
1.22520E+01        5.43437253671E+03
1.22580E+01        5.42942924140E+03
1.22640E+01        5.42449266765E+03
1.22700E+01        5.41956280332E+03
1.22760E+01        5.41463963629E+03
1.22820E+01        5.40972315448E+03
1.22880E+01        5.40481334583E+03
1.22940E+01        5.39991019831E+03
1.23000E+01        5.39501369991E+03
1.23060E+01        5.39012383866E+03
1.23120E+01        5.38524060260E+03
1.23180E+01        5.38036397982E+03
1.23240E+01        5.37549395840E+03
1.23300E+01        5.37063052649E+03
1.23360E+01        5.36577367224E+03
1.23420E+01        5.36092338383E+03
1.23480E+01        5.35607964947E+03
1.23540E+01        5.35124245740E+03
1.23600E+01        5.34641179587E+03
1.23660E+01        5.34158765318E+03
1.23720E+01        5.33677001763E+03
1.23780E+01        5.33195887758E+03
1.23840E+01        5.32715422138E+03
1.23900E+01        5.32235603742E+03
1.23960E+01        5.31756431413E+03
1.24020E+01        5.31277903995E+03
1.24080E+01        5.30800020334E+03
1.24140E+01        5.30322779281E+03
1.24200E+01        5.29846179687E+03
1.24260E+01        5.29370220406E+03
1.24320E+01        5.28894900297E+03
1.24380E+01        5.28420218219E+03
1.24440E+01        5.27946173033E+03
1.24500E+01        5.27472763605E+03
1.24560E+01        5.26999988803E+03
1.24620E+01        5.26527847495E+03
1.24680E+01        5.26056338554E+03
1.24740E+01        5.25585460855E+03
1.24800E+01        5.25115213275E+03
1.24860E+01        5.24645594694E+03
1.24920E+01        5.24176603994E+03
1.24980E+01        5.23708240061E+03
1.25040E+01        5.23240501780E+03
1.25100E+01        5.22773388042E+03
1.25160E+01        5.22306897739E+03
1.25220E+01        5.21841029766E+03
1.25280E+01        5.21375783019E+03
1.25340E+01        5.20911156398E+03
1.25400E+01        5.20447148804E+03
1.25460E+01        5.19983759143E+03
1.25520E+01        5.19520986320E+03
1.25580E+01        5.19058829245E+03
1.25640E+01        5.18597286829E+03
1.25700E+01        5.18136357987E+03
1.25760E+01        5.17676041634E+03
1.25820E+01        5.17216336689E+03
1.25880E+01        5.16757242073E+03
1.25940E+01        5.16298756710E+03
1.26000E+01        5.15840879526E+03
1.26060E+01        5.15383609448E+03
1.26120E+01        5.14926945407E+03
1.26180E+01        5.14470886336E+03
1.26240E+01        5.14015431170E+03
1.26300E+01        5.13560578846E+03
1.26360E+01        5.13106328306E+03
1.26420E+01        5.12652678489E+03
1.26480E+01        5.12199628342E+03
1.26540E+01        5.11747176811E+03
1.26600E+01        5.11295322845E+03
1.26660E+01        5.10844065395E+03
1.26720E+01        5.10393403415E+03
1.26780E+01        5.09943335861E+03
1.26840E+01        5.09493861691E+03
1.26900E+01        5.09044979866E+03
1.26960E+01        5.08596689349E+03
1.27020E+01        5.08148989104E+03
1.27080E+01        5.07701878100E+03
1.27140E+01        5.07255355304E+03
1.27200E+01        5.06809419690E+03
1.27260E+01        5.06364070232E+03
1.27320E+01        5.05919305905E+03
1.27380E+01        5.05475125688E+03
1.27440E+01        5.05031528562E+03
1.27500E+01        5.04588513509E+03
1.27560E+01        5.04146079516E+03
1.27620E+01        5.03704225569E+03
1.27680E+01        5.03262950657E+03
1.27740E+01        5.02822253773E+03
1.27800E+01        5.02382133910E+03
1.27860E+01        5.01942590065E+03
1.27920E+01        5.01503621236E+03
1.27980E+01        5.01065226423E+03
1.28040E+01        5.00627404629E+03
1.28100E+01        5.00190154858E+03
1.28160E+01        4.99753476119E+03
1.28220E+01        4.99317367418E+03
1.28280E+01        4.98881827769E+03
1.28340E+01        4.98446856183E+03
1.28400E+01        4.98012451678E+03
1.28460E+01        4.97578613269E+03
1.28520E+01        4.97145339978E+03
1.28580E+01        4.96712630825E+03
1.28640E+01        4.96280484835E+03
1.28700E+01        4.95848901034E+03
1.28760E+01        4.95417878450E+03
1.28820E+01        4.94987416113E+03
1.28880E+01        4.94557513056E+03
1.28940E+01        4.94128168312E+03
1.29000E+01        4.93699380919E+03
1.29060E+01        4.93271149915E+03
1.29120E+01        4.92843474340E+03
1.29180E+01        4.92416353238E+03
1.29240E+01        4.91989785653E+03
1.29300E+01        4.91563770631E+03
1.29360E+01        4.91138307222E+03
1.29420E+01        4.90713394477E+03
1.29480E+01        4.90289031447E+03
1.29540E+01        4.89865217190E+03
1.29600E+01        4.89441950760E+03
1.29660E+01        4.89019231218E+03
1.29720E+01        4.88597057623E+03
1.29780E+01        4.88175429040E+03
1.29840E+01        4.87754344533E+03
1.29900E+01        4.87333803170E+03
1.29960E+01        4.86913804018E+03
1.30020E+01        4.86494346150E+03
1.30080E+01        4.86075428638E+03
1.30140E+01        4.85657050557E+03
1.30200E+01        4.85239210983E+03
1.30260E+01        4.84821908997E+03
1.30320E+01        4.84405143678E+03
1.30380E+01        4.83988914110E+03
1.30440E+01        4.83573219377E+03
1.30500E+01        4.83158058566E+03
1.30560E+01        4.82743430765E+03
1.30620E+01        4.82329335066E+03
1.30680E+01        4.81915770560E+03
1.30740E+01        4.81502736342E+03
1.30800E+01        4.81090231508E+03
1.30860E+01        4.80678255158E+03
1.30920E+01        4.80266806390E+03
1.30980E+01        4.79855884307E+03
1.31040E+01        4.79445488013E+03
1.31100E+01        4.79035616614E+03
1.31160E+01        4.78626269217E+03
1.31220E+01        4.78217444933E+03
1.31280E+01        4.77809142873E+03
1.31340E+01        4.77401362151E+03
1.31400E+01        4.76994101881E+03
1.31460E+01        4.76587361180E+03
1.31520E+01        4.76181139169E+03
1.31580E+01        4.75775434968E+03
1.31640E+01        4.75370247699E+03
1.31700E+01        4.74965576488E+03
1.31760E+01        4.74561420460E+03
1.31820E+01        4.74157778744E+03
1.31880E+01        4.73754650470E+03
1.31940E+01        4.73352034771E+03
1.32000E+01        4.72949930780E+03
1.32060E+01        4.72548337632E+03
1.32120E+01        4.72147254465E+03
1.32180E+01        4.71746680419E+03
1.32240E+01        4.71346614633E+03
1.32300E+01        4.70947056253E+03
1.32360E+01        4.70548004421E+03
1.32420E+01        4.70149458285E+03
1.32480E+01        4.69751416992E+03
1.32540E+01        4.69353879693E+03
1.32600E+01        4.68956845540E+03
1.32660E+01        4.68560313686E+03
1.32720E+01        4.68164283286E+03
1.32780E+01        4.67768753499E+03
1.32840E+01        4.67373723482E+03
1.32900E+01        4.66979192396E+03
1.32960E+01        4.66585159404E+03
1.33020E+01        4.66191623671E+03
1.33080E+01        4.65798584361E+03
1.33140E+01        4.65406040643E+03
1.33200E+01        4.65013991686E+03
1.33260E+01        4.64622436661E+03
1.33320E+01        4.64231374741E+03
1.33380E+01        4.63840805101E+03
1.33440E+01        4.63450726917E+03
1.33500E+01        4.63061139367E+03
1.33560E+01        4.62672041631E+03
1.33620E+01        4.62283432890E+03
1.33680E+01        4.61895312328E+03
1.33740E+01        4.61507679129E+03
1.33800E+01        4.61120532480E+03
1.33860E+01        4.60733871569E+03
1.33920E+01        4.60347695586E+03
1.33980E+01        4.59962003723E+03
1.34040E+01        4.59576795173E+03
1.34100E+01        4.59192069132E+03
1.34160E+01        4.58807824795E+03
1.34220E+01        4.58424061360E+03
1.34280E+01        4.58040778029E+03
1.34340E+01        4.57657974003E+03
1.34400E+01        4.57275648484E+03
1.34460E+01        4.56893800679E+03
1.34520E+01        4.56512429793E+03
1.34580E+01        4.56131535034E+03
1.34640E+01        4.55751115613E+03
1.34700E+01        4.55371170741E+03
1.34760E+01        4.54991699632E+03
1.34820E+01        4.54612701499E+03
1.34880E+01        4.54234175560E+03
1.34940E+01        4.53856121032E+03
1.35000E+01        4.53478537135E+03
1.35060E+01        4.53101423090E+03
1.35120E+01        4.52724778120E+03
1.35180E+01        4.52348601450E+03
1.35240E+01        4.51972892305E+03
1.35300E+01        4.51597649913E+03
1.35360E+01        4.51222873503E+03
1.35420E+01        4.50848562307E+03
1.35480E+01        4.50474715555E+03
1.35540E+01        4.50101332484E+03
1.35600E+01        4.49728412327E+03
1.35660E+01        4.49355954322E+03
1.35720E+01        4.48983957708E+03
1.35780E+01        4.48612421725E+03
1.35840E+01        4.48241345614E+03
1.35900E+01        4.47870728620E+03
1.35960E+01        4.47500569986E+03
1.36020E+01        4.47130868960E+03
1.36080E+01        4.46761624789E+03
1.36140E+01        4.46392836723E+03
1.36200E+01        4.46024504013E+03
1.36260E+01        4.45656625912E+03
1.36320E+01        4.45289201673E+03
1.36380E+01        4.44922230552E+03
1.36440E+01        4.44555711807E+03
1.36500E+01        4.44189644696E+03
1.36560E+01        4.43824028479E+03
1.36620E+01        4.43458862419E+03
1.36680E+01        4.43094145777E+03
1.36740E+01        4.42729877820E+03
1.36800E+01        4.42366057813E+03
1.36860E+01        4.42002685024E+03
1.36920E+01        4.41639758721E+03
1.36980E+01        4.41277278177E+03
1.37040E+01        4.40915242662E+03
1.37100E+01        4.40553651452E+03
1.37160E+01        4.40192503819E+03
1.37220E+01        4.39831799043E+03
1.37280E+01        4.39471536399E+03
1.37340E+01        4.39111715169E+03
1.37400E+01        4.38752334633E+03
1.37460E+01        4.38393394073E+03
1.37520E+01        4.38034892773E+03
1.37580E+01        4.37676830019E+03
1.37640E+01        4.37319205098E+03
1.37700E+01        4.36962017297E+03
1.37760E+01        4.36605265907E+03
1.37820E+01        4.36248950219E+03
1.37880E+01        4.35893069524E+03
1.37940E+01        4.35537623118E+03
1.38000E+01        4.35182610296E+03
1.38060E+01        4.34828030354E+03
1.38120E+01        4.34473882592E+03
1.38180E+01        4.34120166307E+03
1.38240E+01        4.33766880803E+03
1.38300E+01        4.33414025380E+03
1.38360E+01        4.33061599344E+03
1.38420E+01        4.32709601999E+03
1.38480E+01        4.32358032652E+03
1.38540E+01        4.32006890611E+03
1.38600E+01        4.31656175187E+03
1.38660E+01        4.31305885689E+03
1.38720E+01        4.30956021430E+03
1.38780E+01        4.30606581724E+03
1.38840E+01        4.30257565886E+03
1.38900E+01        4.29908973232E+03
1.38960E+01        4.29560803080E+03
1.39020E+01        4.29213054749E+03
1.39080E+01        4.28865727561E+03
1.39140E+01        4.28518820836E+03
1.39200E+01        4.28172333898E+03
1.39260E+01        4.27826266071E+03
1.39320E+01        4.27480616683E+03
1.39380E+01        4.27135385059E+03
1.39440E+01        4.26790570529E+03
1.39500E+01        4.26446172423E+03
1.39560E+01        4.26102190072E+03
1.39620E+01        4.25758622808E+03
1.39680E+01        4.25415469967E+03
1.39740E+01        4.25072730883E+03
1.39800E+01        4.24730404893E+03
1.39860E+01        4.24388491335E+03
1.39920E+01        4.24046989548E+03
1.39980E+01        4.23705898873E+03
1.40040E+01        4.23365218652E+03
