# %ECSV 0.9
# ---
# datatype:
# - {name: wavelength, unit: micron, datatype: float64}
# - {name: flux, unit: microJansky, datatype: float64}
# schema: astropy-2.0
#
#
#  - - File generated by ExoNoodle - -
#         V1.0.0 - MML (CEA-Saclay)
#       2021-02-26 14:01:48.325215
wavelength flux 
3.00000E+00        5.69545854463E+04
3.00600E+00        5.68002792173E+04
3.01200E+00        5.66465324944E+04
3.01800E+00        5.64933431682E+04
3.02400E+00        5.63407091320E+04
3.03000E+00        5.61886282822E+04
3.03600E+00        5.60370985178E+04
3.04200E+00        5.58861177411E+04
3.04800E+00        5.57356838574E+04
3.05400E+00        5.55857947753E+04
3.06000E+00        5.54364484070E+04
3.06600E+00        5.52876426681E+04
3.07200E+00        5.51393754778E+04
3.07800E+00        5.49916447592E+04
3.08400E+00        5.48444484389E+04
3.09000E+00        5.46977844478E+04
3.09600E+00        5.45516507208E+04
3.10200E+00        5.44060451967E+04
3.10800E+00        5.42609658187E+04
3.11400E+00        5.41164105343E+04
3.12000E+00        5.39723772954E+04
3.12600E+00        5.38288640584E+04
3.13200E+00        5.36858687842E+04
3.13800E+00        5.35433894384E+04
3.14400E+00        5.34014239913E+04
3.15000E+00        5.32599704181E+04
3.15600E+00        5.31190266988E+04
3.16200E+00        5.29785908182E+04
3.16800E+00        5.28386607665E+04
3.17400E+00        5.26992345385E+04
3.18000E+00        5.25603101345E+04
3.18600E+00        5.24218855599E+04
3.19200E+00        5.22839588253E+04
3.19800E+00        5.21465279467E+04
3.20400E+00        5.20095909455E+04
3.21000E+00        5.18731458485E+04
3.21600E+00        5.17371906878E+04
3.22200E+00        5.16017235015E+04
3.22800E+00        5.14667423328E+04
3.23400E+00        5.13322452308E+04
3.24000E+00        5.11982302503E+04
3.24600E+00        5.10646954517E+04
3.25200E+00        5.09316389012E+04
3.25800E+00        5.07990586708E+04
3.26400E+00        5.06669528385E+04
3.27000E+00        5.05353194880E+04
3.27600E+00        5.04041567090E+04
3.28200E+00        5.02734625970E+04
3.28800E+00        5.01432352539E+04
3.29400E+00        5.00134727872E+04
3.30000E+00        4.98841733107E+04
3.30600E+00        4.97553349441E+04
3.31200E+00        4.96269558133E+04
3.31800E+00        4.94990340505E+04
3.32400E+00        4.93715677939E+04
3.33000E+00        4.92445551878E+04
3.33600E+00        4.91179943829E+04
3.34200E+00        4.89918835361E+04
3.34800E+00        4.88662208104E+04
3.35400E+00        4.87410043753E+04
3.36000E+00        4.86162324065E+04
3.36600E+00        4.84919030859E+04
3.37200E+00        4.83680146020E+04
3.37800E+00        4.82445651494E+04
3.38400E+00        4.81215529291E+04
3.39000E+00        4.79989761487E+04
3.39600E+00        4.78768330218E+04
3.40200E+00        4.77551217687E+04
3.40800E+00        4.76338406161E+04
3.41400E+00        4.75129877970E+04
3.42000E+00        4.73925615509E+04
3.42600E+00        4.72725601238E+04
3.43200E+00        4.71529817679E+04
3.43800E+00        4.70338247421E+04
3.44400E+00        4.69150873118E+04
3.45000E+00        4.67967677486E+04
3.45600E+00        4.66788643308E+04
3.46200E+00        4.65613753432E+04
3.46800E+00        4.64442990768E+04
3.47400E+00        4.63276338295E+04
3.48000E+00        4.62113779052E+04
3.48600E+00        4.60955296147E+04
3.49200E+00        4.59800872751E+04
3.49800E+00        4.58650492100E+04
3.50400E+00        4.57504137495E+04
3.51000E+00        4.56361792301E+04
3.51600E+00        4.55223439949E+04
3.52200E+00        4.54089063935E+04
3.52800E+00        4.52958647818E+04
3.53400E+00        4.51832175223E+04
3.54000E+00        4.50709629841E+04
3.54600E+00        4.49590995424E+04
3.55200E+00        4.48476255792E+04
3.55800E+00        4.47365394827E+04
3.56400E+00        4.46258396479E+04
3.57000E+00        4.45155244757E+04
3.57600E+00        4.44055923740E+04
3.58200E+00        4.42960417567E+04
3.58800E+00        4.41868710444E+04
3.59400E+00        4.40780786639E+04
3.60000E+00        4.39696630485E+04
3.60600E+00        4.38616226380E+04
3.61200E+00        4.37539558782E+04
3.61800E+00        4.36466612218E+04
3.62400E+00        4.35397371274E+04
3.63000E+00        4.34331820603E+04
3.63600E+00        4.33269944918E+04
3.64200E+00        4.32211728999E+04
3.64800E+00        4.31157157685E+04
3.65400E+00        4.30106215882E+04
3.66000E+00        4.29058888557E+04
3.66600E+00        4.28015160739E+04
3.67200E+00        4.26975017521E+04
3.67800E+00        4.25938444058E+04
3.68400E+00        4.24905425568E+04
3.69000E+00        4.23875947330E+04
3.69600E+00        4.22849994686E+04
3.70200E+00        4.21827553039E+04
3.70800E+00        4.20808607856E+04
3.71400E+00        4.19793144664E+04
3.72000E+00        4.18781149051E+04
3.72600E+00        4.17772606666E+04
3.73200E+00        4.16767503223E+04
3.73800E+00        4.15765824492E+04
3.74400E+00        4.14767556307E+04
3.75000E+00        4.13772684562E+04
3.75600E+00        4.12781195212E+04
3.76200E+00        4.11793074270E+04
3.76800E+00        4.10808307813E+04
3.77400E+00        4.09826881974E+04
3.78000E+00        4.08848782950E+04
3.78600E+00        4.07873996994E+04
3.79200E+00        4.06902510422E+04
3.79800E+00        4.05934309606E+04
3.80400E+00        4.04969380978E+04
3.81000E+00        4.04007711032E+04
3.81600E+00        4.03049286317E+04
3.82200E+00        4.02094093442E+04
3.82800E+00        4.01142119075E+04
3.83400E+00        4.00193349942E+04
3.84000E+00        3.99247772826E+04
3.84600E+00        3.98305374569E+04
3.85200E+00        3.97366142071E+04
3.85800E+00        3.96430062289E+04
3.86400E+00        3.95497122237E+04
3.87000E+00        3.94567308985E+04
3.87600E+00        3.93640609664E+04
3.88200E+00        3.92717011457E+04
3.88800E+00        3.91796501607E+04
3.89400E+00        3.90879067410E+04
3.90000E+00        3.89964696222E+04
3.90600E+00        3.89053375453E+04
3.91200E+00        3.88145092567E+04
3.91800E+00        3.87239835087E+04
3.92400E+00        3.86337590589E+04
3.93000E+00        3.85438346706E+04
3.93600E+00        3.84542091123E+04
3.94200E+00        3.83648811583E+04
3.94800E+00        3.82758495882E+04
3.95400E+00        3.81871131870E+04
3.96000E+00        3.80986707452E+04
3.96600E+00        3.80105210587E+04
3.97200E+00        3.79226629287E+04
3.97800E+00        3.78350951617E+04
3.98400E+00        3.77478165699E+04
3.99000E+00        3.76608259702E+04
3.99600E+00        3.75741221854E+04
4.00200E+00        3.74877040433E+04
4.00800E+00        3.74015703768E+04
4.01400E+00        3.73157200243E+04
4.02000E+00        3.72301518292E+04
4.02600E+00        3.71448646404E+04
4.03200E+00        3.70598573117E+04
4.03800E+00        3.69751287020E+04
4.04400E+00        3.68906776756E+04
4.05000E+00        3.68065031018E+04
4.05600E+00        3.67226038547E+04
4.06200E+00        3.66389788140E+04
4.06800E+00        3.65556268640E+04
4.07400E+00        3.64725468943E+04
4.08000E+00        3.63897377993E+04
4.08600E+00        3.63071984786E+04
4.09200E+00        3.62249278365E+04
4.09800E+00        3.61429247826E+04
4.10400E+00        3.60611882311E+04
4.11000E+00        3.59797171013E+04
4.11600E+00        3.58985103173E+04
4.12200E+00        3.58175668080E+04
4.12800E+00        3.57368855073E+04
4.13400E+00        3.56564653539E+04
4.14000E+00        3.55763052912E+04
4.14600E+00        3.54964042674E+04
4.15200E+00        3.54167612355E+04
4.15800E+00        3.53373751532E+04
4.16400E+00        3.52582449831E+04
4.17000E+00        3.51793696923E+04
4.17600E+00        3.51007482526E+04
4.18200E+00        3.50223796405E+04
4.18800E+00        3.49442628371E+04
4.19400E+00        3.48663968283E+04
4.20000E+00        3.47887806044E+04
4.20600E+00        3.47114131603E+04
4.21200E+00        3.46342934956E+04
4.21800E+00        3.45574206143E+04
4.22400E+00        3.44807935249E+04
4.23000E+00        3.44044112406E+04
4.23600E+00        3.43282727788E+04
4.24200E+00        3.42523771616E+04
4.24800E+00        3.41767234155E+04
4.25400E+00        3.41013105713E+04
4.26000E+00        3.40261376643E+04
4.26600E+00        3.39512037342E+04
4.27200E+00        3.38765078249E+04
4.27800E+00        3.38020489849E+04
4.28400E+00        3.37278262668E+04
4.29000E+00        3.36538387277E+04
4.29600E+00        3.35800854287E+04
4.30200E+00        3.35065654356E+04
4.30800E+00        3.34332778179E+04
4.31400E+00        3.33602216499E+04
4.32000E+00        3.32873960097E+04
4.32600E+00        3.32147999797E+04
4.33200E+00        3.31424326465E+04
4.33800E+00        3.30702931009E+04
4.34400E+00        3.29983804377E+04
4.35000E+00        3.29266937560E+04
4.35600E+00        3.28552321587E+04
4.36200E+00        3.27839947531E+04
4.36800E+00        3.27129806504E+04
4.37400E+00        3.26421889658E+04
4.38000E+00        3.25716188186E+04
4.38600E+00        3.25012693321E+04
4.39200E+00        3.24311396335E+04
4.39800E+00        3.23612288540E+04
4.40400E+00        3.22915361289E+04
4.41000E+00        3.22220605972E+04
4.41600E+00        3.21528014020E+04
4.42200E+00        3.20837576900E+04
4.42800E+00        3.20149286122E+04
4.43400E+00        3.19463133231E+04
4.44000E+00        3.18779109812E+04
4.44600E+00        3.18097207487E+04
4.45200E+00        3.17417417918E+04
4.45800E+00        3.16739732804E+04
4.46400E+00        3.16064143880E+04
4.47000E+00        3.15390642920E+04
4.47600E+00        3.14719221736E+04
4.48200E+00        3.14049872176E+04
4.48800E+00        3.13382586125E+04
4.49400E+00        3.12717355505E+04
4.50000E+00        3.12054172275E+04
4.50600E+00        3.11393028430E+04
4.51200E+00        3.10733916001E+04
4.51800E+00        3.10076827055E+04
4.52400E+00        3.09421753697E+04
4.53000E+00        3.08768688064E+04
4.53600E+00        3.08117622333E+04
4.54200E+00        3.07468548712E+04
4.54800E+00        3.06821459448E+04
4.55400E+00        3.06176346820E+04
4.56000E+00        3.05533203144E+04
4.56600E+00        3.04892020771E+04
4.57200E+00        3.04252792084E+04
4.57800E+00        3.03615509503E+04
4.58400E+00        3.02980165482E+04
4.59000E+00        3.02346752507E+04
4.59600E+00        3.01715263100E+04
4.60200E+00        3.01085689817E+04
4.60800E+00        3.00458025245E+04
4.61400E+00        2.99832262007E+04
4.62000E+00        2.99208392759E+04
4.62600E+00        2.98586410189E+04
4.63200E+00        2.97966307019E+04
4.63800E+00        2.97348076003E+04
4.64400E+00        2.96731709927E+04
4.65000E+00        2.96117201613E+04
4.65600E+00        2.95504543910E+04
4.66200E+00        2.94893729704E+04
4.66800E+00        2.94284751910E+04
4.67400E+00        2.93677603476E+04
4.68000E+00        2.93072277382E+04
4.68600E+00        2.92468766639E+04
4.69200E+00        2.91867064289E+04
4.69800E+00        2.91267163407E+04
4.70400E+00        2.90669057097E+04
4.71000E+00        2.90072738495E+04
4.71600E+00        2.89478200768E+04
4.72200E+00        2.88885437114E+04
4.72800E+00        2.88294440759E+04
4.73400E+00        2.87705204963E+04
4.74000E+00        2.87117723014E+04
4.74600E+00        2.86531988231E+04
4.75200E+00        2.85947993961E+04
4.75800E+00        2.85365733583E+04
4.76400E+00        2.84785200506E+04
4.77000E+00        2.84206388166E+04
4.77600E+00        2.83629290030E+04
4.78200E+00        2.83053899594E+04
4.78800E+00        2.82480210383E+04
4.79400E+00        2.81908215951E+04
4.80000E+00        2.81337909881E+04
4.80600E+00        2.80769285784E+04
4.81200E+00        2.80202337300E+04
4.81800E+00        2.79637058097E+04
4.82400E+00        2.79073441872E+04
4.83000E+00        2.78511482349E+04
4.83600E+00        2.77951173280E+04
4.84200E+00        2.77392508447E+04
4.84800E+00        2.76835481656E+04
4.85400E+00        2.76280086744E+04
4.86000E+00        2.75726317574E+04
4.86600E+00        2.75174168036E+04
4.87200E+00        2.74623632047E+04
4.87800E+00        2.74074703551E+04
4.88400E+00        2.73527376521E+04
4.89000E+00        2.72981644953E+04
4.89600E+00        2.72437502874E+04
4.90200E+00        2.71894944333E+04
4.90800E+00        2.71353963409E+04
4.91400E+00        2.70814554205E+04
4.92000E+00        2.70276710852E+04
4.92600E+00        2.69740427504E+04
4.93200E+00        2.69205698345E+04
4.93800E+00        2.68672517580E+04
4.94400E+00        2.68140879445E+04
4.95000E+00        2.67610778196E+04
4.95600E+00        2.67082208118E+04
4.96200E+00        2.66555163521E+04
4.96800E+00        2.66029638737E+04
4.97400E+00        2.65505628128E+04
4.98000E+00        2.64983126076E+04
4.98600E+00        2.64462126990E+04
4.99200E+00        2.63942625305E+04
4.99800E+00        2.63424615478E+04
5.00400E+00        2.62908091992E+04
5.01000E+00        2.62393049352E+04
5.01600E+00        2.61879482090E+04
5.02200E+00        2.61367384762E+04
5.02800E+00        2.60856751944E+04
5.03400E+00        2.60347578241E+04
5.04000E+00        2.59839858278E+04
5.04600E+00        2.59333586705E+04
5.05200E+00        2.58828758195E+04
5.05800E+00        2.58325367445E+04
5.06400E+00        2.57823409174E+04
5.07000E+00        2.57322878126E+04
5.07600E+00        2.56823769066E+04
5.08200E+00        2.56326076783E+04
5.08800E+00        2.55829796089E+04
5.09400E+00        2.55334921818E+04
5.10000E+00        2.54841448827E+04
5.10600E+00        2.54349371994E+04
5.11200E+00        2.53858686222E+04
5.11800E+00        2.53369386434E+04
5.12400E+00        2.52881467576E+04
5.13000E+00        2.52394924616E+04
5.13600E+00        2.51909752544E+04
5.14200E+00        2.51425946370E+04
5.14800E+00        2.50943501130E+04
5.15400E+00        2.50462411877E+04
5.16000E+00        2.49982673687E+04
5.16600E+00        2.49504281659E+04
5.17200E+00        2.49027230911E+04
5.17800E+00        2.48551516584E+04
5.18400E+00        2.48077133838E+04
5.19000E+00        2.47604077857E+04
5.19600E+00        2.47132343842E+04
5.20200E+00        2.46661927018E+04
5.20800E+00        2.46192822629E+04
5.21400E+00        2.45725025940E+04
5.22000E+00        2.45258532237E+04
5.22600E+00        2.44793336825E+04
5.23200E+00        2.44329435030E+04
5.23800E+00        2.43866822199E+04
5.24400E+00        2.43405493698E+04
5.25000E+00        2.42945444914E+04
5.25600E+00        2.42486671251E+04
5.26200E+00        2.42029168137E+04
5.26800E+00        2.41572931016E+04
5.27400E+00        2.41117955354E+04
5.28000E+00        2.40664236636E+04
5.28600E+00        2.40211770365E+04
5.29200E+00        2.39760552065E+04
5.29800E+00        2.39310577278E+04
5.30400E+00        2.38861841567E+04
5.31000E+00        2.38414340511E+04
5.31600E+00        2.37968069710E+04
5.32200E+00        2.37523024783E+04
5.32800E+00        2.37079201367E+04
5.33400E+00        2.36636595118E+04
5.34000E+00        2.36195201709E+04
5.34600E+00        2.35755016834E+04
5.35200E+00        2.35316036205E+04
5.35800E+00        2.34878255549E+04
5.36400E+00        2.34441670617E+04
5.37000E+00        2.34006277172E+04
5.37600E+00        2.33572071000E+04
5.38200E+00        2.33139047901E+04
5.38800E+00        2.32707203696E+04
5.39400E+00        2.32276534222E+04
5.40000E+00        2.31847035334E+04
5.40600E+00        2.31418702905E+04
5.41200E+00        2.30991532825E+04
5.41800E+00        2.30565521002E+04
5.42400E+00        2.30140663361E+04
5.43000E+00        2.29716955844E+04
5.43600E+00        2.29294394411E+04
5.44200E+00        2.28872975038E+04
5.44800E+00        2.28452693718E+04
5.45400E+00        2.28033546464E+04
5.46000E+00        2.27615529301E+04
5.46600E+00        2.27198638274E+04
5.47200E+00        2.26782869444E+04
5.47800E+00        2.26368218888E+04
5.48400E+00        2.25954682700E+04
5.49000E+00        2.25542256991E+04
5.49600E+00        2.25130937887E+04
5.50200E+00        2.24720721532E+04
5.50800E+00        2.24311604086E+04
5.51400E+00        2.23903581722E+04
5.52000E+00        2.23496650633E+04
5.52600E+00        2.23090807027E+04
5.53200E+00        2.22686047127E+04
5.53800E+00        2.22282367172E+04
5.54400E+00        2.21879763417E+04
5.55000E+00        2.21478232133E+04
5.55600E+00        2.21077769606E+04
5.56200E+00        2.20678372139E+04
5.56800E+00        2.20280036047E+04
5.57400E+00        2.19882757665E+04
5.58000E+00        2.19486533339E+04
5.58600E+00        2.19091359434E+04
5.59200E+00        2.18697232327E+04
5.59800E+00        2.18304148412E+04
5.60400E+00        2.17912104098E+04
5.61000E+00        2.17521095808E+04
5.61600E+00        2.17131119980E+04
5.62200E+00        2.16742173068E+04
5.62800E+00        2.16354251539E+04
5.63400E+00        2.15967351876E+04
5.64000E+00        2.15581470576E+04
5.64600E+00        2.15196604150E+04
5.65200E+00        2.14812749126E+04
5.65800E+00        2.14429902043E+04
5.66400E+00        2.14048059456E+04
5.67000E+00        2.13667217934E+04
5.67600E+00        2.13287374061E+04
5.68200E+00        2.12908524433E+04
5.68800E+00        2.12530665663E+04
5.69400E+00        2.12153794376E+04
5.70000E+00        2.11777907211E+04
5.70600E+00        2.11403000821E+04
5.71200E+00        2.11029071874E+04
5.71800E+00        2.10656117050E+04
5.72400E+00        2.10284133043E+04
5.73000E+00        2.09913116561E+04
5.73600E+00        2.09543064326E+04
5.74200E+00        2.09173973074E+04
5.74800E+00        2.08805839551E+04
5.75400E+00        2.08438660520E+04
5.76000E+00        2.08072432756E+04
5.76600E+00        2.07707153047E+04
5.77200E+00        2.07342818195E+04
5.77800E+00        2.06979425013E+04
5.78400E+00        2.06616970329E+04
5.79000E+00        2.06255450985E+04
5.79600E+00        2.05894863832E+04
5.80200E+00        2.05535205737E+04
5.80800E+00        2.05176473580E+04
5.81400E+00        2.04818664251E+04
5.82000E+00        2.04461774655E+04
5.82600E+00        2.04105801709E+04
5.83200E+00        2.03750742343E+04
5.83800E+00        2.03396593499E+04
5.84400E+00        2.03043352130E+04
5.85000E+00        2.02691015204E+04
5.85600E+00        2.02339579700E+04
5.86200E+00        2.01989042609E+04
5.86800E+00        2.01639400935E+04
5.87400E+00        2.01290651693E+04
5.88000E+00        2.00942791911E+04
5.88600E+00        2.00595818629E+04
5.89200E+00        2.00249728898E+04
5.89800E+00        1.99904519783E+04
5.90400E+00        1.99560188359E+04
5.91000E+00        1.99216731713E+04
5.91600E+00        1.98874146945E+04
5.92200E+00        1.98532431164E+04
5.92800E+00        1.98191581494E+04
5.93400E+00        1.97851595068E+04
5.94000E+00        1.97512469033E+04
5.94600E+00        1.97174200544E+04
5.95200E+00        1.96836786771E+04
5.95800E+00        1.96500224894E+04
5.96400E+00        1.96164512103E+04
5.97000E+00        1.95829645600E+04
5.97600E+00        1.95495622601E+04
5.98200E+00        1.95162440328E+04
5.98800E+00        1.94830096019E+04
5.99400E+00        1.94498586920E+04
6.00000E+00        1.94167910289E+04
6.00600E+00        1.93838063395E+04
6.01200E+00        1.93509043517E+04
6.01800E+00        1.93180847947E+04
6.02400E+00        1.92853473987E+04
6.03000E+00        1.92526918947E+04
6.03600E+00        1.92201180152E+04
6.04200E+00        1.91876254934E+04
6.04800E+00        1.91552140638E+04
6.05400E+00        1.91228834619E+04
6.06000E+00        1.90906334243E+04
6.06600E+00        1.90584636884E+04
6.07200E+00        1.90263739928E+04
6.07800E+00        1.89943640774E+04
6.08400E+00        1.89624336827E+04
6.09000E+00        1.89305825504E+04
6.09600E+00        1.88988104233E+04
6.10200E+00        1.88671170451E+04
6.10800E+00        1.88355021606E+04
6.11400E+00        1.88039655156E+04
6.12000E+00        1.87725068568E+04
6.12600E+00        1.87411259321E+04
6.13200E+00        1.87098224902E+04
6.13800E+00        1.86785962808E+04
6.14400E+00        1.86474470547E+04
6.15000E+00        1.86163745636E+04
6.15600E+00        1.85853785603E+04
6.16200E+00        1.85544587983E+04
6.16800E+00        1.85236150324E+04
6.17400E+00        1.84928470182E+04
6.18000E+00        1.84621545122E+04
6.18600E+00        1.84315372720E+04
6.19200E+00        1.84009950559E+04
6.19800E+00        1.83705276235E+04
6.20400E+00        1.83401347351E+04
6.21000E+00        1.83098161519E+04
6.21600E+00        1.82795716363E+04
6.22200E+00        1.82494009513E+04
6.22800E+00        1.82193038611E+04
6.23400E+00        1.81892801306E+04
6.24000E+00        1.81593295258E+04
6.24600E+00        1.81294518135E+04
6.25200E+00        1.80996467614E+04
6.25800E+00        1.80699141382E+04
6.26400E+00        1.80402537135E+04
6.27000E+00        1.80106652575E+04
6.27600E+00        1.79811485418E+04
6.28200E+00        1.79517033384E+04
6.28800E+00        1.79223294206E+04
6.29400E+00        1.78930265622E+04
6.30000E+00        1.78637945381E+04
6.30600E+00        1.78346331241E+04
6.31200E+00        1.78055420967E+04
6.31800E+00        1.77765212335E+04
6.32400E+00        1.77475703126E+04
6.33000E+00        1.77186891133E+04
6.33600E+00        1.76898774157E+04
6.34200E+00        1.76611350006E+04
6.34800E+00        1.76324616496E+04
6.35400E+00        1.76038571454E+04
6.36000E+00        1.75753212714E+04
6.36600E+00        1.75468538118E+04
6.37200E+00        1.75184545516E+04
6.37800E+00        1.74901232768E+04
6.38400E+00        1.74618597740E+04
6.39000E+00        1.74336638308E+04
6.39600E+00        1.74055352354E+04
6.40200E+00        1.73774737771E+04
6.40800E+00        1.73494792459E+04
6.41400E+00        1.73215514324E+04
6.42000E+00        1.72936901282E+04
6.42600E+00        1.72658951257E+04
6.43200E+00        1.72381662181E+04
6.43800E+00        1.72105031992E+04
6.44400E+00        1.71829058639E+04
6.45000E+00        1.71553740076E+04
6.45600E+00        1.71279074265E+04
6.46200E+00        1.71005059179E+04
6.46800E+00        1.70731692795E+04
6.47400E+00        1.70458973099E+04
6.48000E+00        1.70186898084E+04
6.48600E+00        1.69915465753E+04
6.49200E+00        1.69644674114E+04
6.49800E+00        1.69374521184E+04
6.50400E+00        1.69105004986E+04
6.51000E+00        1.68836123553E+04
6.51600E+00        1.68567874922E+04
6.52200E+00        1.68300257140E+04
6.52800E+00        1.68033268262E+04
6.53400E+00        1.67766906347E+04
6.54000E+00        1.67501169465E+04
6.54600E+00        1.67236055691E+04
6.55200E+00        1.66971563109E+04
6.55800E+00        1.66707689807E+04
6.56400E+00        1.66444433885E+04
6.57000E+00        1.66181793445E+04
6.57600E+00        1.65919766601E+04
6.58200E+00        1.65658351470E+04
6.58800E+00        1.65397546178E+04
6.59400E+00        1.65137348859E+04
6.60000E+00        1.64877757652E+04
6.60600E+00        1.64618770704E+04
6.61200E+00        1.64360386169E+04
6.61800E+00        1.64102602207E+04
6.62400E+00        1.63845416986E+04
6.63000E+00        1.63588828681E+04
6.63600E+00        1.63332835473E+04
6.64200E+00        1.63077435549E+04
6.64800E+00        1.62822627105E+04
6.65400E+00        1.62568408342E+04
6.66000E+00        1.62314777469E+04
6.66600E+00        1.62061732700E+04
6.67200E+00        1.61809272257E+04
6.67800E+00        1.61557394368E+04
6.68400E+00        1.61306097268E+04
6.69000E+00        1.61055379199E+04
6.69600E+00        1.60805238407E+04
6.70200E+00        1.60555673149E+04
6.70800E+00        1.60306681683E+04
6.71400E+00        1.60058262278E+04
6.72000E+00        1.59810413208E+04
6.72600E+00        1.59563132752E+04
6.73200E+00        1.59316419197E+04
6.73800E+00        1.59070270836E+04
6.74400E+00        1.58824685968E+04
6.75000E+00        1.58579662898E+04
6.75600E+00        1.58335199938E+04
6.76200E+00        1.58091295406E+04
6.76800E+00        1.57847947626E+04
6.77400E+00        1.57605154928E+04
6.78000E+00        1.57362915648E+04
6.78600E+00        1.57121228130E+04
6.79200E+00        1.56880090721E+04
6.79800E+00        1.56639501777E+04
6.80400E+00        1.56399459658E+04
6.81000E+00        1.56159962730E+04
6.81600E+00        1.55921009367E+04
6.82200E+00        1.55682597948E+04
6.82800E+00        1.55444726856E+04
6.83400E+00        1.55207394483E+04
6.84000E+00        1.54970599224E+04
6.84600E+00        1.54734339483E+04
6.85200E+00        1.54498613666E+04
6.85800E+00        1.54263420189E+04
6.86400E+00        1.54028757471E+04
6.87000E+00        1.53794623937E+04
6.87600E+00        1.53561018019E+04
6.88200E+00        1.53327938153E+04
6.88800E+00        1.53095382782E+04
6.89400E+00        1.52863350354E+04
6.90000E+00        1.52631839324E+04
6.90600E+00        1.52400848151E+04
6.91200E+00        1.52170375300E+04
6.91800E+00        1.51940419241E+04
6.92400E+00        1.51710978451E+04
6.93000E+00        1.51482051412E+04
6.93600E+00        1.51253636611E+04
6.94200E+00        1.51025732541E+04
6.94800E+00        1.50798337699E+04
6.95400E+00        1.50571450590E+04
6.96000E+00        1.50345069722E+04
6.96600E+00        1.50119193610E+04
6.97200E+00        1.49893820774E+04
6.97800E+00        1.49668949738E+04
6.98400E+00        1.49444579034E+04
6.99000E+00        1.49220707196E+04
6.99600E+00        1.48997332766E+04
7.00200E+00        1.48774454290E+04
7.00800E+00        1.48552070320E+04
7.01400E+00        1.48330179412E+04
7.02000E+00        1.48108780127E+04
7.02600E+00        1.47887871033E+04
7.03200E+00        1.47667450702E+04
7.03800E+00        1.47447517712E+04
7.04400E+00        1.47228070643E+04
7.05000E+00        1.47009108085E+04
7.05600E+00        1.46790628629E+04
7.06200E+00        1.46572630873E+04
7.06800E+00        1.46355113418E+04
7.07400E+00        1.46138074874E+04
7.08000E+00        1.45921513852E+04
7.08600E+00        1.45705428969E+04
7.09200E+00        1.45489818848E+04
7.09800E+00        1.45274682116E+04
7.10400E+00        1.45060017406E+04
7.11000E+00        1.44845823353E+04
7.11600E+00        1.44632098600E+04
7.12200E+00        1.44418841794E+04
7.12800E+00        1.44206051585E+04
7.13400E+00        1.43993726631E+04
7.14000E+00        1.43781865591E+04
7.14600E+00        1.43570467132E+04
7.15200E+00        1.43359529925E+04
7.15800E+00        1.43149052644E+04
7.16400E+00        1.42939033968E+04
7.17000E+00        1.42729472584E+04
7.17600E+00        1.42520367179E+04
7.18200E+00        1.42311716448E+04
7.18800E+00        1.42103519088E+04
7.19400E+00        1.41895773803E+04
7.20000E+00        1.41688479301E+04
7.20600E+00        1.41481634292E+04
7.21200E+00        1.41275237495E+04
7.21800E+00        1.41069287629E+04
7.22400E+00        1.40863783422E+04
7.23000E+00        1.40658723601E+04
7.23600E+00        1.40454106903E+04
7.24200E+00        1.40249932067E+04
7.24800E+00        1.40046197834E+04
7.25400E+00        1.39842902954E+04
7.26000E+00        1.39640046178E+04
7.26600E+00        1.39437626264E+04
7.27200E+00        1.39235641971E+04
7.27800E+00        1.39034092065E+04
7.28400E+00        1.38832975316E+04
7.29000E+00        1.38632290497E+04
7.29600E+00        1.38432036386E+04
7.30200E+00        1.38232211767E+04
7.30800E+00        1.38032815424E+04
7.31400E+00        1.37833846150E+04
7.32000E+00        1.37635302739E+04
7.32600E+00        1.37437183990E+04
7.33200E+00        1.37239488707E+04
7.33800E+00        1.37042215697E+04
7.34400E+00        1.36845363772E+04
7.35000E+00        1.36648931747E+04
7.35600E+00        1.36452918444E+04
7.36200E+00        1.36257322684E+04
7.36800E+00        1.36062143297E+04
7.37400E+00        1.35867379115E+04
7.38000E+00        1.35673028974E+04
7.38600E+00        1.35479091713E+04
7.39200E+00        1.35285566178E+04
7.39800E+00        1.35092451215E+04
7.40400E+00        1.34899745678E+04
7.41000E+00        1.34707448423E+04
7.41600E+00        1.34515558308E+04
7.42200E+00        1.34324074199E+04
7.42800E+00        1.34132994963E+04
7.43400E+00        1.33942319472E+04
7.44000E+00        1.33752046602E+04
7.44600E+00        1.33562175231E+04
7.45200E+00        1.33372704243E+04
7.45800E+00        1.33183632526E+04
7.46400E+00        1.32994958970E+04
7.47000E+00        1.32806682471E+04
7.47600E+00        1.32618801926E+04
7.48200E+00        1.32431316237E+04
7.48800E+00        1.32244224312E+04
7.49400E+00        1.32057525059E+04
7.50000E+00        1.31871217393E+04
7.50600E+00        1.31685300230E+04
7.51200E+00        1.31499772491E+04
7.51800E+00        1.31314633102E+04
7.52400E+00        1.31129880989E+04
7.53000E+00        1.30945515086E+04
7.53600E+00        1.30761534327E+04
7.54200E+00        1.30577937652E+04
7.54800E+00        1.30394724003E+04
7.55400E+00        1.30211892327E+04
7.56000E+00        1.30029441574E+04
7.56600E+00        1.29847370697E+04
7.57200E+00        1.29665678654E+04
7.57800E+00        1.29484364404E+04
7.58400E+00        1.29303426912E+04
7.59000E+00        1.29122865146E+04
7.59600E+00        1.28942678076E+04
7.60200E+00        1.28762864677E+04
7.60800E+00        1.28583423927E+04
7.61400E+00        1.28404354808E+04
7.62000E+00        1.28225656304E+04
7.62600E+00        1.28047327404E+04
7.63200E+00        1.27869367099E+04
7.63800E+00        1.27691774384E+04
7.64400E+00        1.27514548259E+04
7.65000E+00        1.27337687725E+04
7.65600E+00        1.27161191787E+04
7.66200E+00        1.26985059453E+04
7.66800E+00        1.26809289736E+04
7.67400E+00        1.26633881651E+04
7.68000E+00        1.26458834215E+04
7.68600E+00        1.26284146452E+04
7.69200E+00        1.26109817386E+04
7.69800E+00        1.25935846045E+04
7.70400E+00        1.25762231462E+04
7.71000E+00        1.25588972669E+04
7.71600E+00        1.25416068707E+04
7.72200E+00        1.25243518616E+04
7.72800E+00        1.25071321440E+04
7.73400E+00        1.24899476227E+04
7.74000E+00        1.24727982028E+04
7.74600E+00        1.24556837897E+04
7.75200E+00        1.24386042891E+04
7.75800E+00        1.24215596069E+04
7.76400E+00        1.24045496497E+04
7.77000E+00        1.23875743239E+04
7.77600E+00        1.23706335366E+04
7.78200E+00        1.23537271950E+04
7.78800E+00        1.23368552067E+04
7.79400E+00        1.23200174795E+04
7.80000E+00        1.23032139218E+04
7.80600E+00        1.22864444418E+04
7.81200E+00        1.22697089485E+04
7.81800E+00        1.22530073509E+04
7.82400E+00        1.22363395585E+04
7.83000E+00        1.22197054808E+04
7.83600E+00        1.22031050279E+04
7.84200E+00        1.21865381102E+04
7.84800E+00        1.21700046381E+04
7.85400E+00        1.21535045225E+04
7.86000E+00        1.21370376746E+04
7.86600E+00        1.21206040060E+04
7.87200E+00        1.21042034282E+04
7.87800E+00        1.20878358534E+04
7.88400E+00        1.20715011940E+04
7.89000E+00        1.20551993624E+04
7.89600E+00        1.20389302717E+04
7.90200E+00        1.20226938350E+04
7.90800E+00        1.20064899657E+04
7.91400E+00        1.19903185778E+04
7.92000E+00        1.19741795851E+04
7.92600E+00        1.19580729020E+04
7.93200E+00        1.19419984432E+04
7.93800E+00        1.19259561234E+04
7.94400E+00        1.19099458579E+04
7.95000E+00        1.18939675621E+04
7.95600E+00        1.18780211517E+04
7.96200E+00        1.18621065427E+04
7.96800E+00        1.18462236514E+04
7.97400E+00        1.18303723942E+04
7.98000E+00        1.18145526880E+04
7.98600E+00        1.17987644498E+04
7.99200E+00        1.17830075971E+04
7.99800E+00        1.17672820474E+04
8.00400E+00        1.17515877185E+04
8.01000E+00        1.17359245287E+04
8.01600E+00        1.17202923963E+04
8.02200E+00        1.17046912401E+04
8.02800E+00        1.16891209788E+04
8.03400E+00        1.16735815319E+04
8.04000E+00        1.16580728186E+04
8.04600E+00        1.16425947588E+04
8.05200E+00        1.16271472724E+04
8.05800E+00        1.16117302797E+04
8.06400E+00        1.15963437011E+04
8.07000E+00        1.15809874574E+04
8.07600E+00        1.15656614696E+04
8.08200E+00        1.15503656590E+04
8.08800E+00        1.15350999471E+04
8.09400E+00        1.15198642556E+04
8.10000E+00        1.15046585065E+04
8.10600E+00        1.14894826222E+04
8.11200E+00        1.14743365252E+04
8.11800E+00        1.14592201382E+04
8.12400E+00        1.14441333842E+04
8.13000E+00        1.14290761865E+04
8.13600E+00        1.14140484687E+04
8.14200E+00        1.13990501543E+04
8.14800E+00        1.13840811675E+04
8.15400E+00        1.13691414326E+04
8.16000E+00        1.13542308738E+04
8.16600E+00        1.13393494161E+04
8.17200E+00        1.13244969843E+04
8.17800E+00        1.13096735037E+04
8.18400E+00        1.12948788996E+04
8.19000E+00        1.12801130979E+04
8.19600E+00        1.12653760243E+04
8.20200E+00        1.12506676050E+04
8.20800E+00        1.12359877664E+04
8.21400E+00        1.12213364352E+04
8.22000E+00        1.12067135382E+04
8.22600E+00        1.11921190024E+04
8.23200E+00        1.11775527552E+04
8.23800E+00        1.11630147241E+04
8.24400E+00        1.11485048369E+04
8.25000E+00        1.11340230217E+04
8.25600E+00        1.11195692065E+04
8.26200E+00        1.11051433199E+04
8.26800E+00        1.10907452906E+04
8.27400E+00        1.10763750475E+04
8.28000E+00        1.10620325197E+04
8.28600E+00        1.10477176366E+04
8.29200E+00        1.10334303277E+04
8.29800E+00        1.10191705229E+04
8.30400E+00        1.10049381521E+04
8.31000E+00        1.09907331457E+04
8.31600E+00        1.09765554340E+04
8.32200E+00        1.09624049478E+04
8.32800E+00        1.09482816180E+04
8.33400E+00        1.09341853756E+04
8.34000E+00        1.09201161520E+04
8.34600E+00        1.09060738788E+04
8.35200E+00        1.08920584877E+04
8.35800E+00        1.08780699107E+04
8.36400E+00        1.08641080800E+04
8.37000E+00        1.08501729279E+04
8.37600E+00        1.08362643872E+04
8.38200E+00        1.08223823906E+04
8.38800E+00        1.08085268711E+04
8.39400E+00        1.07946977620E+04
8.40000E+00        1.07808949967E+04
8.40600E+00        1.07671185090E+04
8.41200E+00        1.07533682326E+04
8.41800E+00        1.07396441016E+04
8.42400E+00        1.07259460504E+04
8.43000E+00        1.07122740134E+04
8.43600E+00        1.06986279252E+04
8.44200E+00        1.06850077208E+04
8.44800E+00        1.06714133352E+04
8.45400E+00        1.06578447038E+04
8.46000E+00        1.06443017620E+04
8.46600E+00        1.06307844455E+04
8.47200E+00        1.06172926903E+04
8.47800E+00        1.06038264324E+04
8.48400E+00        1.05903856080E+04
8.49000E+00        1.05769701537E+04
8.49600E+00        1.05635800062E+04
8.50200E+00        1.05502151023E+04
8.50800E+00        1.05368753791E+04
8.51400E+00        1.05235607739E+04
8.52000E+00        1.05102712242E+04
8.52600E+00        1.04970066674E+04
8.53200E+00        1.04837670417E+04
8.53800E+00        1.04705522848E+04
8.54400E+00        1.04573623352E+04
8.55000E+00        1.04441971312E+04
8.55600E+00        1.04310566113E+04
8.56200E+00        1.04179407145E+04
8.56800E+00        1.04048493796E+04
8.57400E+00        1.03917825459E+04
8.58000E+00        1.03787401527E+04
8.58600E+00        1.03657221395E+04
8.59200E+00        1.03527284461E+04
8.59800E+00        1.03397590124E+04
8.60400E+00        1.03268137785E+04
8.61000E+00        1.03138926846E+04
8.61600E+00        1.03009956712E+04
8.62200E+00        1.02881226790E+04
8.62800E+00        1.02752736487E+04
8.63400E+00        1.02624485215E+04
8.64000E+00        1.02496472384E+04
8.64600E+00        1.02368697408E+04
8.65200E+00        1.02241159703E+04
8.65800E+00        1.02113858686E+04
8.66400E+00        1.01986793776E+04
8.67000E+00        1.01859964394E+04
8.67600E+00        1.01733369962E+04
8.68200E+00        1.01607009904E+04
8.68800E+00        1.01480883646E+04
8.69400E+00        1.01354990616E+04
8.70000E+00        1.01229330245E+04
8.70600E+00        1.01103901961E+04
8.71200E+00        1.00978705200E+04
8.71800E+00        1.00853739395E+04
8.72400E+00        1.00729003982E+04
8.73000E+00        1.00604498401E+04
8.73600E+00        1.00480222089E+04
8.74200E+00        1.00356174490E+04
8.74800E+00        1.00232355046E+04
8.75400E+00        1.00108763202E+04
8.76000E+00        9.99853984036E+03
8.76600E+00        9.98622601001E+03
8.77200E+00        9.97393477410E+03
8.77800E+00        9.96166607777E+03
8.78400E+00        9.94941986633E+03
8.79000E+00        9.93719608525E+03
8.79600E+00        9.92499468019E+03
8.80200E+00        9.91281559693E+03
8.80800E+00        9.90065878146E+03
8.81400E+00        9.88852417988E+03
8.82000E+00        9.87641173850E+03
8.82600E+00        9.86432140377E+03
8.83200E+00        9.85225312229E+03
8.83800E+00        9.84020684084E+03
8.84400E+00        9.82818250634E+03
8.85000E+00        9.81618006588E+03
8.85600E+00        9.80419946672E+03
8.86200E+00        9.79224065625E+03
8.86800E+00        9.78030358203E+03
8.87400E+00        9.76838819179E+03
8.88000E+00        9.75649443339E+03
8.88600E+00        9.74462225486E+03
8.89200E+00        9.73277160439E+03
8.89800E+00        9.72094243032E+03
8.90400E+00        9.70913468113E+03
8.91000E+00        9.69734830547E+03
8.91600E+00        9.68558325213E+03
8.92200E+00        9.67383947007E+03
8.92800E+00        9.66211690838E+03
8.93400E+00        9.65041551632E+03
8.94000E+00        9.63873524328E+03
8.94600E+00        9.62707603882E+03
8.95200E+00        9.61543785264E+03
8.95800E+00        9.60382063459E+03
8.96400E+00        9.59222433466E+03
8.97000E+00        9.58064890301E+03
8.97600E+00        9.56909428992E+03
8.98200E+00        9.55756044584E+03
8.98800E+00        9.54604732135E+03
8.99400E+00        9.53455486718E+03
9.00000E+00        9.52308303421E+03
9.00600E+00        9.51163177346E+03
9.01200E+00        9.50020103609E+03
9.01800E+00        9.48879077343E+03
9.02400E+00        9.47740093691E+03
9.03000E+00        9.46603147814E+03
9.03600E+00        9.45468234884E+03
9.04200E+00        9.44335350092E+03
9.04800E+00        9.43204488637E+03
9.05400E+00        9.42075645737E+03
9.06000E+00        9.40948816621E+03
9.06600E+00        9.39823996534E+03
9.07200E+00        9.38701180733E+03
9.07800E+00        9.37580364491E+03
9.08400E+00        9.36461543094E+03
9.09000E+00        9.35344711840E+03
9.09600E+00        9.34229866043E+03
9.10200E+00        9.33117001031E+03
9.10800E+00        9.32006112143E+03
9.11400E+00        9.30897194734E+03
9.12000E+00        9.29790244172E+03
9.12600E+00        9.28685255838E+03
9.13200E+00        9.27582225126E+03
9.13800E+00        9.26481147445E+03
9.14400E+00        9.25382018215E+03
9.15000E+00        9.24284832873E+03
9.15600E+00        9.23189586865E+03
9.16200E+00        9.22096275653E+03
9.16800E+00        9.21004894711E+03
9.17400E+00        9.19915439527E+03
9.18000E+00        9.18827905602E+03
9.18600E+00        9.17742288449E+03
9.19200E+00        9.16658583594E+03
9.19800E+00        9.15576786578E+03
9.20400E+00        9.14496892953E+03
9.21000E+00        9.13418898283E+03
9.21600E+00        9.12342798148E+03
9.22200E+00        9.11268588138E+03
9.22800E+00        9.10196263857E+03
9.23400E+00        9.09125820921E+03
9.24000E+00        9.08057254959E+03
9.24600E+00        9.06990561613E+03
9.25200E+00        9.05925736537E+03
9.25800E+00        9.04862775397E+03
9.26400E+00        9.03801673872E+03
9.27000E+00        9.02742427655E+03
9.27600E+00        9.01685032449E+03
9.28200E+00        9.00629483969E+03
9.28800E+00        8.99575777946E+03
9.29400E+00        8.98523910119E+03
9.30000E+00        8.97473876241E+03
9.30600E+00        8.96425672078E+03
9.31200E+00        8.95379293407E+03
9.31800E+00        8.94334736017E+03
9.32400E+00        8.93291995711E+03
9.33000E+00        8.92251068300E+03
9.33600E+00        8.91211949611E+03
9.34200E+00        8.90174635481E+03
9.34800E+00        8.89139121759E+03
9.35400E+00        8.88105404307E+03
9.36000E+00        8.87073478997E+03
9.36600E+00        8.86043341713E+03
9.37200E+00        8.85014988353E+03
9.37800E+00        8.83988414823E+03
9.38400E+00        8.82963617045E+03
9.39000E+00        8.81940590949E+03
9.39600E+00        8.80919332478E+03
9.40200E+00        8.79899837586E+03
9.40800E+00        8.78882102240E+03
9.41400E+00        8.77866122416E+03
9.42000E+00        8.76851894103E+03
9.42600E+00        8.75839413302E+03
9.43200E+00        8.74828676024E+03
9.43800E+00        8.73819678291E+03
9.44400E+00        8.72812416138E+03
9.45000E+00        8.71806885610E+03
9.45600E+00        8.70803082763E+03
9.46200E+00        8.69801003665E+03
9.46800E+00        8.68800644394E+03
9.47400E+00        8.67802001040E+03
9.48000E+00        8.66805069704E+03
9.48600E+00        8.65809846498E+03
9.49200E+00        8.64816327544E+03
9.49800E+00        8.63824508976E+03
9.50400E+00        8.62834386938E+03
9.51000E+00        8.61845957586E+03
9.51600E+00        8.60859217086E+03
9.52200E+00        8.59874161615E+03
9.52800E+00        8.58890787360E+03
9.53400E+00        8.57909090520E+03
9.54000E+00        8.56929067304E+03
9.54600E+00        8.55950713932E+03
9.55200E+00        8.54974026634E+03
9.55800E+00        8.53999001651E+03
9.56400E+00        8.53025635234E+03
9.57000E+00        8.52053923644E+03
9.57600E+00        8.51083863155E+03
9.58200E+00        8.50115450050E+03
9.58800E+00        8.49148680620E+03
9.59400E+00        8.48183551170E+03
9.60000E+00        8.47220058014E+03
9.60600E+00        8.46258197475E+03
9.61200E+00        8.45297965888E+03
9.61800E+00        8.44339359597E+03
9.62400E+00        8.43382374958E+03
9.63000E+00        8.42427008335E+03
9.63600E+00        8.41473256102E+03
9.64200E+00        8.40521114646E+03
9.64800E+00        8.39570580361E+03
9.65400E+00        8.38621649653E+03
9.66000E+00        8.37674318935E+03
9.66600E+00        8.36728584635E+03
9.67200E+00        8.35784443186E+03
9.67800E+00        8.34841891033E+03
9.68400E+00        8.33900924631E+03
9.69000E+00        8.32961540445E+03
9.69600E+00        8.32023734949E+03
9.70200E+00        8.31087504627E+03
9.70800E+00        8.30152845972E+03
9.71400E+00        8.29219755489E+03
9.72000E+00        8.28288229690E+03
9.72600E+00        8.27358265098E+03
9.73200E+00        8.26429858246E+03
9.73800E+00        8.25503005675E+03
9.74400E+00        8.24577703937E+03
9.75000E+00        8.23653949592E+03
9.75600E+00        8.22731739212E+03
9.76200E+00        8.21811069376E+03
9.76800E+00        8.20891936673E+03
9.77400E+00        8.19974337702E+03
9.78000E+00        8.19058269070E+03
9.78600E+00        8.18143727396E+03
9.79200E+00        8.17230709306E+03
9.79800E+00        8.16319211435E+03
9.80400E+00        8.15409230429E+03
9.81000E+00        8.14500762941E+03
9.81600E+00        8.13593805636E+03
9.82200E+00        8.12688355185E+03
9.82800E+00        8.11784408271E+03
9.83400E+00        8.10881961584E+03
9.84000E+00        8.09981011824E+03
9.84600E+00        8.09081555699E+03
9.85200E+00        8.08183589928E+03
9.85800E+00        8.07287111237E+03
9.86400E+00        8.06392116362E+03
9.87000E+00        8.05498602047E+03
9.87600E+00        8.04606565045E+03
9.88200E+00        8.03716002120E+03
9.88800E+00        8.02826910041E+03
9.89400E+00        8.01939285590E+03
9.90000E+00        8.01053125553E+03
9.90600E+00        8.00168426730E+03
9.91200E+00        7.99285185925E+03
9.91800E+00        7.98403399953E+03
9.92400E+00        7.97523065639E+03
9.93000E+00        7.96644179813E+03
9.93600E+00        7.95766739316E+03
9.94200E+00        7.94890740998E+03
9.94800E+00        7.94016181715E+03
9.95400E+00        7.93143058335E+03
9.96000E+00        7.92271367731E+03
9.96600E+00        7.91401106788E+03
9.97200E+00        7.90532272395E+03
9.97800E+00        7.89664861453E+03
9.98400E+00        7.88798870871E+03
9.99000E+00        7.87934297564E+03
9.99600E+00        7.87071138459E+03
1.00020E+01        7.86209390487E+03
1.00080E+01        7.85349050591E+03
1.00140E+01        7.84490115719E+03
1.00200E+01        7.83632582831E+03
1.00260E+01        7.82776448891E+03
1.00320E+01        7.81921710875E+03
1.00380E+01        7.81068365764E+03
1.00440E+01        7.80216410549E+03
1.00500E+01        7.79365842229E+03
1.00560E+01        7.78516657810E+03
1.00620E+01        7.77668854306E+03
1.00680E+01        7.76822428740E+03
1.00740E+01        7.75977378144E+03
1.00800E+01        7.75133699554E+03
1.00860E+01        7.74291390018E+03
1.00920E+01        7.73450446591E+03
1.00980E+01        7.72610866334E+03
1.01040E+01        7.71772646317E+03
1.01100E+01        7.70935783618E+03
1.01160E+01        7.70100275323E+03
1.01220E+01        7.69266118526E+03
1.01280E+01        7.68433310327E+03
1.01340E+01        7.67601847836E+03
1.01400E+01        7.66771728169E+03
1.01460E+01        7.65942948450E+03
1.01520E+01        7.65115505812E+03
1.01580E+01        7.64289397393E+03
1.01640E+01        7.63464620342E+03
1.01700E+01        7.62641171813E+03
1.01760E+01        7.61819048968E+03
1.01820E+01        7.60998248977E+03
1.01880E+01        7.60178769017E+03
1.01940E+01        7.59360606273E+03
1.02000E+01        7.58543757938E+03
1.02060E+01        7.57728221212E+03
1.02120E+01        7.56913993300E+03
1.02180E+01        7.56101071419E+03
1.02240E+01        7.55289452789E+03
1.02300E+01        7.54479134640E+03
1.02360E+01        7.53670114209E+03
1.02420E+01        7.52862388739E+03
1.02480E+01        7.52055955482E+03
1.02540E+01        7.51250811696E+03
1.02600E+01        7.50446954646E+03
1.02660E+01        7.49644381606E+03
1.02720E+01        7.48843089855E+03
1.02780E+01        7.48043076680E+03
1.02840E+01        7.47244339376E+03
1.02900E+01        7.46446875244E+03
1.02960E+01        7.45650681592E+03
1.03020E+01        7.44855755737E+03
1.03080E+01        7.44062095001E+03
1.03140E+01        7.43269696713E+03
1.03200E+01        7.42478558210E+03
1.03260E+01        7.41688676835E+03
1.03320E+01        7.40900049940E+03
1.03380E+01        7.40112674881E+03
1.03440E+01        7.39326549024E+03
1.03500E+01        7.38541669739E+03
1.03560E+01        7.37758034405E+03
1.03620E+01        7.36975640407E+03
1.03680E+01        7.36194485136E+03
1.03740E+01        7.35414565992E+03
1.03800E+01        7.34635880379E+03
1.03860E+01        7.33858425710E+03
1.03920E+01        7.33082199405E+03
1.03980E+01        7.32307198888E+03
1.04040E+01        7.31533421593E+03
1.04100E+01        7.30760864957E+03
1.04160E+01        7.29989526428E+03
1.04220E+01        7.29219403458E+03
1.04280E+01        7.28450493504E+03
1.04340E+01        7.27682794035E+03
1.04400E+01        7.26916302520E+03
1.04460E+01        7.26151016440E+03
1.04520E+01        7.25386933279E+03
1.04580E+01        7.24624050529E+03
1.04640E+01        7.23862365689E+03
1.04700E+01        7.23101876264E+03
1.04760E+01        7.22342579764E+03
1.04820E+01        7.21584473708E+03
1.04880E+01        7.20827555620E+03
1.04940E+01        7.20071823029E+03
1.05000E+01        7.19317273474E+03
1.05060E+01        7.18563904497E+03
1.05120E+01        7.17811713648E+03
1.05180E+01        7.17060698483E+03
1.05240E+01        7.16310856564E+03
1.05300E+01        7.15562185459E+03
1.05360E+01        7.14814682745E+03
1.05420E+01        7.14068346000E+03
1.05480E+01        7.13323172814E+03
1.05540E+01        7.12579160778E+03
1.05600E+01        7.11836307494E+03
1.05660E+01        7.11094610566E+03
1.05720E+01        7.10354067607E+03
1.05780E+01        7.09614676234E+03
1.05840E+01        7.08876434073E+03
1.05900E+01        7.08139338752E+03
1.05960E+01        7.07403387910E+03
1.06020E+01        7.06668579187E+03
1.06080E+01        7.05934910233E+03
1.06140E+01        7.05202378702E+03
1.06200E+01        7.04470982254E+03
1.06260E+01        7.03740718557E+03
1.06320E+01        7.03011585282E+03
1.06380E+01        7.02283580107E+03
1.06440E+01        7.01556700718E+03
1.06500E+01        7.00830944804E+03
1.06560E+01        7.00106310061E+03
1.06620E+01        6.99382794191E+03
1.06680E+01        6.98660394903E+03
1.06740E+01        6.97939109910E+03
1.06800E+01        6.97218936931E+03
1.06860E+01        6.96499873692E+03
1.06920E+01        6.95781917923E+03
1.06980E+01        6.95065067362E+03
1.07040E+01        6.94349319751E+03
1.07100E+01        6.93634672839E+03
1.07160E+01        6.92921124379E+03
1.07220E+01        6.92208672131E+03
1.07280E+01        6.91497313862E+03
1.07340E+01        6.90787047340E+03
1.07400E+01        6.90077870345E+03
1.07460E+01        6.89369780657E+03
1.07520E+01        6.88662776065E+03
1.07580E+01        6.87956854363E+03
1.07640E+01        6.87252013349E+03
1.07700E+01        6.86548250828E+03
1.07760E+01        6.85845564611E+03
1.07820E+01        6.85143952513E+03
1.07880E+01        6.84443412356E+03
1.07940E+01        6.83743941966E+03
1.08000E+01        6.83045539175E+03
1.08060E+01        6.82348201822E+03
1.08120E+01        6.81651927750E+03
1.08180E+01        6.80956714806E+03
1.08240E+01        6.80262560846E+03
1.08300E+01        6.79569463728E+03
1.08360E+01        6.78877421317E+03
1.08420E+01        6.78186431484E+03
1.08480E+01        6.77496492104E+03
1.08540E+01        6.76807601058E+03
1.08600E+01        6.76119756231E+03
1.08660E+01        6.75432955516E+03
1.08720E+01        6.74747196809E+03
1.08780E+01        6.74062478012E+03
1.08840E+01        6.73378797032E+03
1.08900E+01        6.72696151782E+03
1.08960E+01        6.72014540180E+03
1.09020E+01        6.71333960148E+03
1.09080E+01        6.70654409615E+03
1.09140E+01        6.69975886514E+03
1.09200E+01        6.69298388783E+03
1.09260E+01        6.68621914365E+03
1.09320E+01        6.67946461211E+03
1.09380E+01        6.67272027272E+03
1.09440E+01        6.66598610509E+03
1.09500E+01        6.65926208886E+03
1.09560E+01        6.65254820371E+03
1.09620E+01        6.64584442938E+03
1.09680E+01        6.63915074567E+03
1.09740E+01        6.63246713242E+03
1.09800E+01        6.62579356952E+03
1.09860E+01        6.61913003691E+03
1.09920E+01        6.61247651459E+03
1.09980E+01        6.60583298259E+03
1.10040E+01        6.59919942101E+03
1.10100E+01        6.59257580999E+03
1.10160E+01        6.58596212971E+03
1.10220E+01        6.57935836042E+03
1.10280E+01        6.57276448240E+03
1.10340E+01        6.56618047598E+03
1.10400E+01        6.55960632156E+03
1.10460E+01        6.55304199956E+03
1.10520E+01        6.54648749048E+03
1.10580E+01        6.53994277483E+03
1.10640E+01        6.53340783319E+03
1.10700E+01        6.52688264619E+03
1.10760E+01        6.52036719451E+03
1.10820E+01        6.51386145886E+03
1.10880E+01        6.50736542002E+03
1.10940E+01        6.50087905879E+03
1.11000E+01        6.49440235605E+03
1.11060E+01        6.48793529269E+03
1.11120E+01        6.48147784969E+03
1.11180E+01        6.47503000804E+03
1.11240E+01        6.46859174880E+03
1.11300E+01        6.46216305305E+03
1.11360E+01        6.45574390195E+03
1.11420E+01        6.44933427669E+03
1.11480E+01        6.44293415849E+03
1.11540E+01        6.43654352864E+03
1.11600E+01        6.43016236848E+03
1.11660E+01        6.42379065936E+03
1.11720E+01        6.41742838272E+03
1.11780E+01        6.41107552001E+03
1.11840E+01        6.40473205275E+03
1.11900E+01        6.39839796248E+03
1.11960E+01        6.39207323082E+03
1.12020E+01        6.38575783940E+03
1.12080E+01        6.37945176991E+03
1.12140E+01        6.37315500409E+03
1.12200E+01        6.36686752372E+03
1.12260E+01        6.36058931062E+03
1.12320E+01        6.35432034666E+03
1.12380E+01        6.34806061374E+03
1.12440E+01        6.34181009383E+03
1.12500E+01        6.33556876892E+03
1.12560E+01        6.32933662106E+03
1.12620E+01        6.32311363233E+03
1.12680E+01        6.31689978487E+03
1.12740E+01        6.31069506084E+03
1.12800E+01        6.30449944247E+03
1.12860E+01        6.29831291201E+03
1.12920E+01        6.29213545177E+03
1.12980E+01        6.28596704409E+03
1.13040E+01        6.27980767136E+03
1.13100E+01        6.27365731602E+03
1.13160E+01        6.26751596053E+03
1.13220E+01        6.26138358741E+03
1.13280E+01        6.25526017923E+03
1.13340E+01        6.24914571857E+03
1.13400E+01        6.24304018809E+03
1.13460E+01        6.23694357047E+03
1.13520E+01        6.23085584843E+03
1.13580E+01        6.22477700475E+03
1.13640E+01        6.21870702223E+03
1.13700E+01        6.21264588371E+03
1.13760E+01        6.20659357211E+03
1.13820E+01        6.20055007034E+03
1.13880E+01        6.19451536138E+03
1.13940E+01        6.18848942825E+03
1.14000E+01        6.18247225401E+03
1.14060E+01        6.17646382174E+03
1.14120E+01        6.17046411459E+03
1.14180E+01        6.16447311573E+03
1.14240E+01        6.15849080839E+03
1.14300E+01        6.15251717582E+03
1.14360E+01        6.14655220132E+03
1.14420E+01        6.14059586823E+03
1.14480E+01        6.13464815992E+03
1.14540E+01        6.12870905982E+03
1.14600E+01        6.12277855139E+03
1.14660E+01        6.11685661811E+03
1.14720E+01        6.11094324353E+03
1.14780E+01        6.10503841122E+03
1.14840E+01        6.09914210481E+03
1.14900E+01        6.09325430793E+03
1.14960E+01        6.08737500429E+03
1.15020E+01        6.08150417763E+03
1.15080E+01        6.07564181170E+03
1.15140E+01        6.06978789032E+03
1.15200E+01        6.06394239734E+03
1.15260E+01        6.05810531664E+03
1.15320E+01        6.05227663216E+03
1.15380E+01        6.04645632785E+03
1.15440E+01        6.04064438771E+03
1.15500E+01        6.03484079579E+03
1.15560E+01        6.02904553616E+03
1.15620E+01        6.02325859293E+03
1.15680E+01        6.01747995027E+03
1.15740E+01        6.01170959235E+03
1.15800E+01        6.00594750342E+03
1.15860E+01        6.00019366772E+03
1.15920E+01        5.99444806958E+03
1.15980E+01        5.98871069331E+03
1.16040E+01        5.98298152331E+03
1.16100E+01        5.97726054399E+03
1.16160E+01        5.97154773979E+03
1.16220E+01        5.96584309520E+03
1.16280E+01        5.96014659476E+03
1.16340E+01        5.95445822300E+03
1.16400E+01        5.94877796455E+03
1.16460E+01        5.94310580402E+03
1.16520E+01        5.93744172609E+03
1.16580E+01        5.93178571546E+03
1.16640E+01        5.92613775687E+03
1.16700E+01        5.92049783510E+03
1.16760E+01        5.91486593497E+03
1.16820E+01        5.90924204132E+03
1.16880E+01        5.90362613904E+03
1.16940E+01        5.89801821305E+03
1.17000E+01        5.89241824830E+03
1.17060E+01        5.88682622978E+03
1.17120E+01        5.88124214252E+03
1.17180E+01        5.87566597159E+03
1.17240E+01        5.87009770207E+03
1.17300E+01        5.86453731910E+03
1.17360E+01        5.85898480784E+03
1.17420E+01        5.85344015350E+03
1.17480E+01        5.84790334131E+03
1.17540E+01        5.84237435653E+03
1.17600E+01        5.83685318448E+03
1.17660E+01        5.83133981050E+03
1.17720E+01        5.82583421994E+03
1.17780E+01        5.82033639823E+03
1.17840E+01        5.81484633081E+03
1.17900E+01        5.80936400314E+03
1.17960E+01        5.80388940073E+03
1.18020E+01        5.79842250914E+03
1.18080E+01        5.79296331393E+03
1.18140E+01        5.78751180072E+03
1.18200E+01        5.78206795514E+03
1.18260E+01        5.77663176288E+03
1.18320E+01        5.77120320964E+03
1.18380E+01        5.76578228118E+03
1.18440E+01        5.76036896325E+03
1.18500E+01        5.75496324168E+03
1.18560E+01        5.74956510231E+03
1.18620E+01        5.74417453101E+03
1.18680E+01        5.73879151369E+03
1.18740E+01        5.73341603629E+03
1.18800E+01        5.72804808478E+03
1.18860E+01        5.72268764517E+03
1.18920E+01        5.71733470349E+03
1.18980E+01        5.71198924582E+03
1.19040E+01        5.70665125826E+03
1.19100E+01        5.70132072695E+03
1.19160E+01        5.69599763804E+03
1.19220E+01        5.69068197775E+03
1.19280E+01        5.68537373229E+03
1.19340E+01        5.68007288794E+03
1.19400E+01        5.67477943098E+03
1.19460E+01        5.66949334774E+03
1.19520E+01        5.66421462458E+03
1.19580E+01        5.65894324789E+03
1.19640E+01        5.65367920408E+03
1.19700E+01        5.64842247961E+03
1.19760E+01        5.64317306096E+03
1.19820E+01        5.63793093464E+03
1.19880E+01        5.63269608720E+03
1.19940E+01        5.62746850521E+03
1.20000E+01        5.62224817528E+03
1.20060E+01        5.61703508404E+03
1.20120E+01        5.61182921816E+03
1.20180E+01        5.60663056435E+03
1.20240E+01        5.60143910932E+03
1.20300E+01        5.59625483984E+03
1.20360E+01        5.59107774270E+03
1.20420E+01        5.58590780471E+03
1.20480E+01        5.58074501273E+03
1.20540E+01        5.57558935363E+03
1.20600E+01        5.57044081433E+03
1.20660E+01        5.56529938176E+03
1.20720E+01        5.56016504289E+03
1.20780E+01        5.55503778473E+03
1.20840E+01        5.54991759429E+03
1.20900E+01        5.54480445865E+03
1.20960E+01        5.53969836488E+03
1.21020E+01        5.53459930011E+03
1.21080E+01        5.52950725147E+03
1.21140E+01        5.52442220616E+03
1.21200E+01        5.51934415136E+03
1.21260E+01        5.51427307432E+03
1.21320E+01        5.50920896230E+03
1.21380E+01        5.50415180259E+03
1.21440E+01        5.49910158251E+03
1.21500E+01        5.49405828942E+03
1.21560E+01        5.48902191068E+03
1.21620E+01        5.48399243371E+03
1.21680E+01        5.47896984595E+03
1.21740E+01        5.47395413485E+03
1.21800E+01        5.46894528791E+03
1.21860E+01        5.46394329264E+03
1.21920E+01        5.45894813661E+03
1.21980E+01        5.45395980739E+03
1.22040E+01        5.44897829257E+03
1.22100E+01        5.44400357980E+03
1.22160E+01        5.43903565674E+03
1.22220E+01        5.43407451107E+03
1.22280E+01        5.42912013052E+03
1.22340E+01        5.42417250282E+03
1.22400E+01        5.41923161575E+03
1.22460E+01        5.41429745711E+03
1.22520E+01        5.40937001473E+03
1.22580E+01        5.40444927646E+03
1.22640E+01        5.39953523018E+03
1.22700E+01        5.39462786380E+03
1.22760E+01        5.38972716527E+03
1.22820E+01        5.38483312253E+03
1.22880E+01        5.37994572359E+03
1.22940E+01        5.37506495647E+03
1.23000E+01        5.37019080919E+03
1.23060E+01        5.36532326985E+03
1.23120E+01        5.36046232653E+03
1.23180E+01        5.35560796737E+03
1.23240E+01        5.35076018050E+03
1.23300E+01        5.34591895412E+03
1.23360E+01        5.34108427642E+03
1.23420E+01        5.33625613563E+03
1.23480E+01        5.33143452003E+03
1.23540E+01        5.32661941787E+03
1.23600E+01        5.32181081749E+03
1.23660E+01        5.31700870720E+03
1.23720E+01        5.31221307539E+03
1.23780E+01        5.30742391042E+03
1.23840E+01        5.30264120072E+03
1.23900E+01        5.29786493473E+03
1.23960E+01        5.29309510091E+03
1.24020E+01        5.28833168775E+03
1.24080E+01        5.28357468377E+03
1.24140E+01        5.27882407752E+03
1.24200E+01        5.27407985755E+03
1.24260E+01        5.26934201247E+03
1.24320E+01        5.26461053089E+03
1.24380E+01        5.25988540145E+03
1.24440E+01        5.25516661283E+03
1.24500E+01        5.25045415373E+03
1.24560E+01        5.24574801285E+03
1.24620E+01        5.24104817894E+03
1.24680E+01        5.23635464078E+03
1.24740E+01        5.23166738716E+03
1.24800E+01        5.22698640689E+03
1.24860E+01        5.22231168883E+03
1.24920E+01        5.21764322183E+03
1.24980E+01        5.21298099480E+03
1.25040E+01        5.20832499665E+03
1.25100E+01        5.20367521632E+03
1.25160E+01        5.19903164279E+03
1.25220E+01        5.19439426504E+03
1.25280E+01        5.18976307208E+03
1.25340E+01        5.18513805296E+03
1.25400E+01        5.18051919675E+03
1.25460E+01        5.17590649252E+03
1.25520E+01        5.17129992940E+03
1.25580E+01        5.16669949651E+03
1.25640E+01        5.16210518302E+03
1.25700E+01        5.15751697812E+03
1.25760E+01        5.15293487100E+03
1.25820E+01        5.14835885091E+03
1.25880E+01        5.14378890709E+03
1.25940E+01        5.13922502883E+03
1.26000E+01        5.13466720543E+03
1.26060E+01        5.13011542621E+03
1.26120E+01        5.12556968053E+03
1.26180E+01        5.12102995775E+03
1.26240E+01        5.11649624728E+03
1.26300E+01        5.11196853852E+03
1.26360E+01        5.10744682094E+03
1.26420E+01        5.10293108398E+03
1.26480E+01        5.09842131714E+03
1.26540E+01        5.09391750993E+03
1.26600E+01        5.08941965188E+03
1.26660E+01        5.08492773256E+03
1.26720E+01        5.08044174154E+03
1.26780E+01        5.07596166843E+03
1.26840E+01        5.07148750285E+03
1.26900E+01        5.06701923445E+03
1.26960E+01        5.06255685290E+03
1.27020E+01        5.05810034789E+03
1.27080E+01        5.05364970915E+03
1.27140E+01        5.04920492641E+03
1.27200E+01        5.04476598943E+03
1.27260E+01        5.04033288799E+03
1.27320E+01        5.03590561190E+03
1.27380E+01        5.03148415098E+03
1.27440E+01        5.02706849509E+03
1.27500E+01        5.02265863411E+03
1.27560E+01        5.01825455791E+03
1.27620E+01        5.01385625642E+03
1.27680E+01        5.00946371957E+03
1.27740E+01        5.00507693733E+03
1.27800E+01        5.00069589968E+03
1.27860E+01        4.99632059661E+03
1.27920E+01        4.99195101816E+03
1.27980E+01        4.98758715437E+03
1.28040E+01        4.98322899530E+03
1.28100E+01        4.97887653106E+03
1.28160E+01        4.97452975173E+03
1.28220E+01        4.97018864747E+03
1.28280E+01        4.96585320843E+03
1.28340E+01        4.96152342477E+03
1.28400E+01        4.95719928669E+03
1.28460E+01        4.95288078442E+03
1.28520E+01        4.94856790818E+03
1.28580E+01        4.94426064824E+03
1.28640E+01        4.93995899488E+03
1.28700E+01        4.93566293841E+03
1.28760E+01        4.93137246913E+03
1.28820E+01        4.92708757740E+03
1.28880E+01        4.92280825358E+03
1.28940E+01        4.91853448805E+03
1.29000E+01        4.91426627122E+03
1.29060E+01        4.91000359352E+03
1.29120E+01        4.90574644539E+03
1.29180E+01        4.90149481729E+03
1.29240E+01        4.89724869972E+03
1.29300E+01        4.89300808319E+03
1.29360E+01        4.88877295822E+03
1.29420E+01        4.88454331535E+03
1.29480E+01        4.88031914517E+03
1.29540E+01        4.87610043825E+03
1.29600E+01        4.87188718521E+03
1.29660E+01        4.86767937668E+03
1.29720E+01        4.86347700330E+03
1.29780E+01        4.85928005575E+03
1.29840E+01        4.85508852472E+03
1.29900E+01        4.85090240090E+03
1.29960E+01        4.84672167504E+03
1.30020E+01        4.84254633788E+03
1.30080E+01        4.83837638019E+03
1.30140E+01        4.83421179276E+03
1.30200E+01        4.83005256640E+03
1.30260E+01        4.82589869193E+03
1.30320E+01        4.82175016020E+03
1.30380E+01        4.81760696207E+03
1.30440E+01        4.81346908844E+03
1.30500E+01        4.80933653021E+03
1.30560E+01        4.80520927831E+03
1.30620E+01        4.80108732367E+03
1.30680E+01        4.79697065726E+03
1.30740E+01        4.79285927007E+03
1.30800E+01        4.78875315309E+03
1.30860E+01        4.78465229735E+03
1.30920E+01        4.78055669388E+03
1.30980E+01        4.77646633375E+03
1.31040E+01        4.77238120803E+03
1.31100E+01        4.76830130782E+03
1.31160E+01        4.76422662424E+03
1.31220E+01        4.76015714842E+03
1.31280E+01        4.75609287151E+03
1.31340E+01        4.75203378468E+03
1.31400E+01        4.74797987913E+03
1.31460E+01        4.74393114606E+03
1.31520E+01        4.73988757671E+03
1.31580E+01        4.73584916231E+03
1.31640E+01        4.73181589414E+03
1.31700E+01        4.72778776348E+03
1.31760E+01        4.72376476162E+03
1.31820E+01        4.71974687989E+03
1.31880E+01        4.71573410963E+03
1.31940E+01        4.71172644219E+03
1.32000E+01        4.70772386895E+03
1.32060E+01        4.70372638130E+03
1.32120E+01        4.69973397065E+03
1.32180E+01        4.69574662844E+03
1.32240E+01        4.69176434610E+03
1.32300E+01        4.68778711511E+03
1.32360E+01        4.68381492694E+03
1.32420E+01        4.67984777310E+03
1.32480E+01        4.67588564510E+03
1.32540E+01        4.67192853449E+03
1.32600E+01        4.66797643282E+03
1.32660E+01        4.66402933165E+03
1.32720E+01        4.66008722259E+03
1.32780E+01        4.65615009723E+03
1.32840E+01        4.65221794720E+03
1.32900E+01        4.64829076415E+03
1.32960E+01        4.64436853973E+03
1.33020E+01        4.64045126562E+03
1.33080E+01        4.63653893352E+03
1.33140E+01        4.63263153513E+03
1.33200E+01        4.62872906219E+03
1.33260E+01        4.62483150645E+03
1.33320E+01        4.62093885967E+03
1.33380E+01        4.61705111362E+03
1.33440E+01        4.61316826012E+03
1.33500E+01        4.60929029096E+03
1.33560E+01        4.60541719800E+03
1.33620E+01        4.60154897306E+03
1.33680E+01        4.59768560803E+03
1.33740E+01        4.59382709479E+03
1.33800E+01        4.58997342523E+03
1.33860E+01        4.58612459127E+03
1.33920E+01        4.58228058485E+03
1.33980E+01        4.57844139792E+03
1.34040E+01        4.57460702244E+03
1.34100E+01        4.57077745040E+03
1.34160E+01        4.56695267380E+03
1.34220E+01        4.56313268466E+03
1.34280E+01        4.55931747501E+03
1.34340E+01        4.55550703690E+03
1.34400E+01        4.55170136240E+03
1.34460E+01        4.54790044359E+03
1.34520E+01        4.54410427257E+03
1.34580E+01        4.54031284146E+03
1.34640E+01        4.53652614239E+03
1.34700E+01        4.53274416750E+03
1.34760E+01        4.52896690897E+03
1.34820E+01        4.52519435898E+03
1.34880E+01        4.52142650971E+03
1.34940E+01        4.51766335340E+03
1.35000E+01        4.51390488225E+03
1.35060E+01        4.51015108853E+03
1.35120E+01        4.50640196448E+03
1.35180E+01        4.50265750240E+03
1.35240E+01        4.49891769457E+03
1.35300E+01        4.49518253330E+03
1.35360E+01        4.49145201091E+03
1.35420E+01        4.48772611975E+03
1.35480E+01        4.48400485218E+03
1.35540E+01        4.48028820056E+03
1.35600E+01        4.47657615729E+03
1.35660E+01        4.47286871476E+03
1.35720E+01        4.46916586540E+03
1.35780E+01        4.46546760164E+03
1.35840E+01        4.46177391594E+03
1.35900E+01        4.45808480075E+03
1.35960E+01        4.45440024856E+03
1.36020E+01        4.45072025186E+03
1.36080E+01        4.44704480318E+03
1.36140E+01        4.44337389503E+03
1.36200E+01        4.43970751995E+03
1.36260E+01        4.43604567051E+03
1.36320E+01        4.43238833928E+03
1.36380E+01        4.42873551885E+03
1.36440E+01        4.42508720182E+03
1.36500E+01        4.42144338081E+03
1.36560E+01        4.41780404845E+03
1.36620E+01        4.41416919739E+03
1.36680E+01        4.41053882029E+03
1.36740E+01        4.40691290984E+03
1.36800E+01        4.40329145873E+03
1.36860E+01        4.39967445967E+03
1.36920E+01        4.39606190537E+03
1.36980E+01        4.39245378858E+03
1.37040E+01        4.38885010206E+03
1.37100E+01        4.38525083856E+03
1.37160E+01        4.38165599087E+03
1.37220E+01        4.37806555179E+03
1.37280E+01        4.37447951413E+03
1.37340E+01        4.37089787072E+03
1.37400E+01        4.36732061439E+03
1.37460E+01        4.36374773801E+03
1.37520E+01        4.36017923443E+03
1.37580E+01        4.35661509656E+03
1.37640E+01        4.35305531728E+03
1.37700E+01        4.34949988951E+03
1.37760E+01        4.34594880618E+03
1.37820E+01        4.34240206022E+03
1.37880E+01        4.33885964460E+03
1.37940E+01        4.33532155229E+03
1.38000E+01        4.33178777626E+03
1.38060E+01        4.32825830953E+03
1.38120E+01        4.32473314510E+03
1.38180E+01        4.32121227599E+03
1.38240E+01        4.31769569526E+03
1.38300E+01        4.31418339595E+03
1.38360E+01        4.31067537114E+03
1.38420E+01        4.30717161390E+03
1.38480E+01        4.30367211734E+03
1.38540E+01        4.30017687457E+03
1.38600E+01        4.29668587871E+03
1.38660E+01        4.29319912290E+03
1.38720E+01        4.28971660029E+03
1.38780E+01        4.28623830405E+03
1.38840E+01        4.28276422736E+03
1.38900E+01        4.27929436342E+03
1.38960E+01        4.27582870543E+03
1.39020E+01        4.27236724661E+03
1.39080E+01        4.26890998020E+03
1.39140E+01        4.26545689944E+03
1.39200E+01        4.26200799761E+03
1.39260E+01        4.25856326796E+03
1.39320E+01        4.25512270380E+03
1.39380E+01        4.25168629843E+03
1.39440E+01        4.24825404515E+03
1.39500E+01        4.24482593731E+03
1.39560E+01        4.24140196824E+03
1.39620E+01        4.23798213130E+03
1.39680E+01        4.23456641985E+03
1.39740E+01        4.23115482729E+03
1.39800E+01        4.22774734701E+03
1.39860E+01        4.22434397241E+03
1.39920E+01        4.22094469691E+03
1.39980E+01        4.21754951396E+03
1.40040E+01        4.21415841700E+03
