# %ECSV 0.9
# ---
# datatype:
# - {name: wavelength, unit: micron, datatype: float64}
# - {name: flux, unit: microJansky, datatype: float64}
# schema: astropy-2.0
#
#
#  - - File generated by ExoNoodle - -
#         V1.0.0 - MML (CEA-Saclay)
#       2021-02-26 14:01:48.325215
wavelength flux 
3.00000E+00        5.70076052502E+04
3.00600E+00        5.68532818517E+04
3.01200E+00        5.66995174313E+04
3.01800E+00        5.65463098849E+04
3.02400E+00        5.63936571109E+04
3.03000E+00        5.62415570104E+04
3.03600E+00        5.60900074875E+04
3.04200E+00        5.59390064495E+04
3.04800E+00        5.57885518066E+04
3.05400E+00        5.56386414723E+04
3.06000E+00        5.54892733636E+04
3.06600E+00        5.53404454008E+04
3.07200E+00        5.51921555081E+04
3.07800E+00        5.50444016132E+04
3.08400E+00        5.48971816475E+04
3.09000E+00        5.47504935466E+04
3.09600E+00        5.46043352500E+04
3.10200E+00        5.44587047011E+04
3.10800E+00        5.43135998478E+04
3.11400E+00        5.41690186421E+04
3.12000E+00        5.40249590405E+04
3.12600E+00        5.38814190038E+04
3.13200E+00        5.37383964974E+04
3.13800E+00        5.35958894914E+04
3.14400E+00        5.34538959606E+04
3.15000E+00        5.33124138844E+04
3.15600E+00        5.31714412472E+04
3.16200E+00        5.30309760382E+04
3.16800E+00        5.28910162517E+04
3.17400E+00        5.27515598871E+04
3.18000E+00        5.26126049486E+04
3.18600E+00        5.24741494460E+04
3.19200E+00        5.23361913941E+04
3.19800E+00        5.21987288129E+04
3.20400E+00        5.20617597279E+04
3.21000E+00        5.19252821701E+04
3.21600E+00        5.17892941757E+04
3.22200E+00        5.16537937867E+04
3.22800E+00        5.15187790503E+04
3.23400E+00        5.13842480197E+04
3.24000E+00        5.12501987536E+04
3.24600E+00        5.11166293162E+04
3.25200E+00        5.09835377777E+04
3.25800E+00        5.08509222139E+04
3.26400E+00        5.07187807066E+04
3.27000E+00        5.05871113434E+04
3.27600E+00        5.04559122177E+04
3.28200E+00        5.03251814289E+04
3.28800E+00        5.01949170823E+04
3.29400E+00        5.00651172894E+04
3.30000E+00        4.99357801674E+04
3.30600E+00        4.98069038399E+04
3.31200E+00        4.96784864363E+04
3.31800E+00        4.95505260923E+04
3.32400E+00        4.94230209496E+04
3.33000E+00        4.92959691562E+04
3.33600E+00        4.91693688663E+04
3.34200E+00        4.90432182402E+04
3.34800E+00        4.89175154443E+04
3.35400E+00        4.87922586516E+04
3.36000E+00        4.86674460412E+04
3.36600E+00        4.85430757984E+04
3.37200E+00        4.84191461149E+04
3.37800E+00        4.82956551887E+04
3.38400E+00        4.81726012241E+04
3.39000E+00        4.80499824319E+04
3.39600E+00        4.79277970291E+04
3.40200E+00        4.78060432391E+04
3.40800E+00        4.76847192918E+04
3.41400E+00        4.75638234234E+04
3.42000E+00        4.74433538764E+04
3.42600E+00        4.73233089000E+04
3.43200E+00        4.72036867496E+04
3.43800E+00        4.70844856872E+04
3.44400E+00        4.69657039810E+04
3.45000E+00        4.68473399058E+04
3.45600E+00        4.67293917428E+04
3.46200E+00        4.66118577798E+04
3.46800E+00        4.64947363108E+04
3.47400E+00        4.63780256365E+04
3.48000E+00        4.62617240639E+04
3.48600E+00        4.61458299066E+04
3.49200E+00        4.60303414844E+04
3.49800E+00        4.59152571239E+04
3.50400E+00        4.58005751579E+04
3.51000E+00        4.56862939257E+04
3.51600E+00        4.55724117733E+04
3.52200E+00        4.54589270529E+04
3.52800E+00        4.53458381232E+04
3.53400E+00        4.52331433494E+04
3.54000E+00        4.51208411031E+04
3.54600E+00        4.50089297624E+04
3.55200E+00        4.48974077117E+04
3.55800E+00        4.47862733421E+04
3.56400E+00        4.46755250508E+04
3.57000E+00        4.45651612416E+04
3.57600E+00        4.44551803247E+04
3.58200E+00        4.43455807168E+04
3.58800E+00        4.42363608407E+04
3.59400E+00        4.41275191259E+04
3.60000E+00        4.40190540081E+04
3.60600E+00        4.39109639294E+04
3.61200E+00        4.38032473383E+04
3.61800E+00        4.36959026896E+04
3.62400E+00        4.35889284445E+04
3.63000E+00        4.34823230705E+04
3.63600E+00        4.33760850415E+04
3.64200E+00        4.32702128375E+04
3.64800E+00        4.31647049449E+04
3.65400E+00        4.30595598565E+04
3.66000E+00        4.29547760712E+04
3.66600E+00        4.28503520943E+04
3.67200E+00        4.27462864373E+04
3.67800E+00        4.26425776178E+04
3.68400E+00        4.25392241598E+04
3.69000E+00        4.24362245934E+04
3.69600E+00        4.23335774549E+04
3.70200E+00        4.22312812869E+04
3.70800E+00        4.21293346381E+04
3.71400E+00        4.20277360631E+04
3.72000E+00        4.19264841230E+04
3.72600E+00        4.18255773849E+04
3.73200E+00        4.17250144219E+04
3.73800E+00        4.16247938132E+04
3.74400E+00        4.15249141441E+04
3.75000E+00        4.14253740061E+04
3.75600E+00        4.13261719966E+04
3.76200E+00        4.12273067189E+04
3.76800E+00        4.11287767826E+04
3.77400E+00        4.10305808030E+04
3.78000E+00        4.09327174015E+04
3.78600E+00        4.08351852055E+04
3.79200E+00        4.07379828483E+04
3.79800E+00        4.06411089690E+04
3.80400E+00        4.05445622128E+04
3.81000E+00        4.04483412307E+04
3.81600E+00        4.03524446794E+04
3.82200E+00        4.02568712218E+04
3.82800E+00        4.01616195262E+04
3.83400E+00        4.00666882671E+04
3.84000E+00        3.99720761246E+04
3.84600E+00        3.98777817845E+04
3.85200E+00        3.97838039386E+04
3.85800E+00        3.96901412842E+04
3.86400E+00        3.95967925243E+04
3.87000E+00        3.95037563679E+04
3.87600E+00        3.94110315293E+04
3.88200E+00        3.93186167288E+04
3.88800E+00        3.92265106921E+04
3.89400E+00        3.91347121505E+04
3.90000E+00        3.90432198411E+04
3.90600E+00        3.89520325065E+04
3.91200E+00        3.88611488948E+04
3.91800E+00        3.87705677597E+04
3.92400E+00        3.86802878603E+04
3.93000E+00        3.85903079615E+04
3.93600E+00        3.85006268333E+04
3.94200E+00        3.84112432514E+04
3.94800E+00        3.83221559969E+04
3.95400E+00        3.82333638564E+04
3.96000E+00        3.81448656217E+04
3.96600E+00        3.80566600901E+04
3.97200E+00        3.79687460644E+04
3.97800E+00        3.78811223524E+04
3.98400E+00        3.77937877675E+04
3.99000E+00        3.77067411284E+04
3.99600E+00        3.76199812590E+04
4.00200E+00        3.75335069883E+04
4.00800E+00        3.74473171509E+04
4.01400E+00        3.73614105864E+04
4.02000E+00        3.72757861395E+04
4.02600E+00        3.71904426603E+04
4.03200E+00        3.71053790039E+04
4.03800E+00        3.70205940307E+04
4.04400E+00        3.69360866060E+04
4.05000E+00        3.68518556004E+04
4.05600E+00        3.67678998896E+04
4.06200E+00        3.66842183540E+04
4.06800E+00        3.66008098795E+04
4.07400E+00        3.65176733567E+04
4.08000E+00        3.64348076813E+04
4.08600E+00        3.63522117540E+04
4.09200E+00        3.62698844805E+04
4.09800E+00        3.61878247713E+04
4.10400E+00        3.61060315418E+04
4.11000E+00        3.60245037125E+04
4.11600E+00        3.59432402086E+04
4.12200E+00        3.58622399602E+04
4.12800E+00        3.57815019022E+04
4.13400E+00        3.57010249744E+04
4.14000E+00        3.56208081213E+04
4.14600E+00        3.55408502922E+04
4.15200E+00        3.54611504411E+04
4.15800E+00        3.53817075270E+04
4.16400E+00        3.53025205132E+04
4.17000E+00        3.52235883679E+04
4.17600E+00        3.51449100641E+04
4.18200E+00        3.50664845792E+04
4.18800E+00        3.49883108954E+04
4.19400E+00        3.49103879995E+04
4.20000E+00        3.48327148827E+04
4.20600E+00        3.47552905410E+04
4.21200E+00        3.46781139749E+04
4.21800E+00        3.46011841893E+04
4.22400E+00        3.45245001939E+04
4.23000E+00        3.44480610025E+04
4.23600E+00        3.43718656337E+04
4.24200E+00        3.42959131104E+04
4.24800E+00        3.42202024599E+04
4.25400E+00        3.41447327140E+04
4.26000E+00        3.40695029090E+04
4.26600E+00        3.39945120852E+04
4.27200E+00        3.39197592877E+04
4.27800E+00        3.38452435656E+04
4.28400E+00        3.37709639724E+04
4.29000E+00        3.36969195661E+04
4.29600E+00        3.36231094087E+04
4.30200E+00        3.35495325667E+04
4.30800E+00        3.34761881105E+04
4.31400E+00        3.34030751151E+04
4.32000E+00        3.33301926595E+04
4.32600E+00        3.32575398269E+04
4.33200E+00        3.31851157046E+04
4.33800E+00        3.31129193843E+04
4.34400E+00        3.30409499614E+04
4.35000E+00        3.29692065358E+04
4.35600E+00        3.28976882113E+04
4.36200E+00        3.28263940958E+04
4.36800E+00        3.27553233013E+04
4.37400E+00        3.26844749436E+04
4.38000E+00        3.26138481429E+04
4.38600E+00        3.25434420232E+04
4.39200E+00        3.24732557122E+04
4.39800E+00        3.24032883421E+04
4.40400E+00        3.23335390486E+04
4.41000E+00        3.22640069716E+04
4.41600E+00        3.21946912547E+04
4.42200E+00        3.21255910454E+04
4.42800E+00        3.20567054952E+04
4.43400E+00        3.19880337594E+04
4.44000E+00        3.19195749971E+04
4.44600E+00        3.18513283713E+04
4.45200E+00        3.17832930485E+04
4.45800E+00        3.17154681994E+04
4.46400E+00        3.16478529982E+04
4.47000E+00        3.15804466228E+04
4.47600E+00        3.15132482550E+04
4.48200E+00        3.14462570803E+04
4.48800E+00        3.13794722877E+04
4.49400E+00        3.13128930700E+04
4.50000E+00        3.12465186236E+04
4.50600E+00        3.11803481487E+04
4.51200E+00        3.11143808489E+04
4.51800E+00        3.10486159316E+04
4.52400E+00        3.09830526076E+04
4.53000E+00        3.09176900913E+04
4.53600E+00        3.08525276009E+04
4.54200E+00        3.07875643578E+04
4.54800E+00        3.07227995871E+04
4.55400E+00        3.06582325173E+04
4.56000E+00        3.05938623806E+04
4.56600E+00        3.05296884124E+04
4.57200E+00        3.04657098517E+04
4.57800E+00        3.04019259409E+04
4.58400E+00        3.03383359258E+04
4.59000E+00        3.02749390557E+04
4.59600E+00        3.02117345832E+04
4.60200E+00        3.01487217642E+04
4.60800E+00        3.00858998582E+04
4.61400E+00        3.00232681277E+04
4.62000E+00        2.99608258389E+04
4.62600E+00        2.98985722609E+04
4.63200E+00        2.98365066665E+04
4.63800E+00        2.97746283314E+04
4.64400E+00        2.97129365348E+04
4.65000E+00        2.96514305591E+04
4.65600E+00        2.95901096900E+04
4.66200E+00        2.95289732161E+04
4.66800E+00        2.94680204296E+04
4.67400E+00        2.94072506256E+04
4.68000E+00        2.93466631025E+04
4.68600E+00        2.92862571619E+04
4.69200E+00        2.92260321083E+04
4.69800E+00        2.91659872495E+04
4.70400E+00        2.91061218965E+04
4.71000E+00        2.90464353631E+04
4.71600E+00        2.89869269665E+04
4.72200E+00        2.89275960268E+04
4.72800E+00        2.88684418670E+04
4.73400E+00        2.88094638135E+04
4.74000E+00        2.87506611953E+04
4.74600E+00        2.86920333448E+04
4.75200E+00        2.86335795970E+04
4.75800E+00        2.85752992902E+04
4.76400E+00        2.85171917655E+04
4.77000E+00        2.84592563670E+04
4.77600E+00        2.84014924416E+04
4.78200E+00        2.83438993393E+04
4.78800E+00        2.82864764130E+04
4.79400E+00        2.82292230182E+04
4.80000E+00        2.81721385136E+04
4.80600E+00        2.81152222607E+04
4.81200E+00        2.80584736238E+04
4.81800E+00        2.80018919698E+04
4.82400E+00        2.79454766689E+04
4.83000E+00        2.78892270938E+04
4.83600E+00        2.78331426199E+04
4.84200E+00        2.77772226256E+04
4.84800E+00        2.77214664921E+04
4.85400E+00        2.76658736030E+04
4.86000E+00        2.76104433450E+04
4.86600E+00        2.75551751075E+04
4.87200E+00        2.75000682823E+04
4.87800E+00        2.74451222642E+04
4.88400E+00        2.73903364506E+04
4.89000E+00        2.73357102416E+04
4.89600E+00        2.72812430398E+04
4.90200E+00        2.72269342506E+04
4.90800E+00        2.71727832821E+04
4.91400E+00        2.71187895449E+04
4.92000E+00        2.70649524521E+04
4.92600E+00        2.70112714196E+04
4.93200E+00        2.69577458658E+04
4.93800E+00        2.69043752118E+04
4.94400E+00        2.68511588809E+04
4.95000E+00        2.67980962993E+04
4.95600E+00        2.67451868956E+04
4.96200E+00        2.66924301009E+04
4.96800E+00        2.66398253489E+04
4.97400E+00        2.65873720756E+04
4.98000E+00        2.65350697198E+04
4.98600E+00        2.64829177224E+04
4.99200E+00        2.64309155271E+04
4.99800E+00        2.63790625798E+04
5.00400E+00        2.63273583290E+04
5.01000E+00        2.62758022255E+04
5.01600E+00        2.62243937225E+04
5.02200E+00        2.61731322758E+04
5.02800E+00        2.61220173433E+04
5.03400E+00        2.60710483855E+04
5.04000E+00        2.60202248653E+04
5.04600E+00        2.59695462477E+04
5.05200E+00        2.59190120002E+04
5.05800E+00        2.58686215927E+04
5.06400E+00        2.58183744973E+04
5.07000E+00        2.57682701884E+04
5.07600E+00        2.57183081428E+04
5.08200E+00        2.56684878395E+04
5.08800E+00        2.56188087598E+04
5.09400E+00        2.55692703873E+04
5.10000E+00        2.55198722078E+04
5.10600E+00        2.54706137094E+04
5.11200E+00        2.54214943823E+04
5.11800E+00        2.53725137191E+04
5.12400E+00        2.53236712145E+04
5.13000E+00        2.52749663654E+04
5.13600E+00        2.52263986709E+04
5.14200E+00        2.51779676323E+04
5.14800E+00        2.51296727531E+04
5.15400E+00        2.50815135388E+04
5.16000E+00        2.50334894972E+04
5.16600E+00        2.49856001382E+04
5.17200E+00        2.49378449738E+04
5.17800E+00        2.48902235182E+04
5.18400E+00        2.48427352874E+04
5.19000E+00        2.47953798000E+04
5.19600E+00        2.47481565762E+04
5.20200E+00        2.47010651387E+04
5.20800E+00        2.46541050118E+04
5.21400E+00        2.46072757222E+04
5.22000E+00        2.45605767985E+04
5.22600E+00        2.45140077715E+04
5.23200E+00        2.44675681738E+04
5.23800E+00        2.44212575401E+04
5.24400E+00        2.43750754071E+04
5.25000E+00        2.43290213136E+04
5.25600E+00        2.42830948002E+04
5.26200E+00        2.42372954096E+04
5.26800E+00        2.41916226865E+04
5.27400E+00        2.41460761774E+04
5.28000E+00        2.41006554309E+04
5.28600E+00        2.40553599974E+04
5.29200E+00        2.40101894294E+04
5.29800E+00        2.39651432811E+04
5.30400E+00        2.39202211088E+04
5.31000E+00        2.38754224707E+04
5.31600E+00        2.38307469267E+04
5.32200E+00        2.37861940388E+04
5.32800E+00        2.37417633707E+04
5.33400E+00        2.36974544880E+04
5.34000E+00        2.36532669583E+04
5.34600E+00        2.36092003509E+04
5.35200E+00        2.35652542370E+04
5.35800E+00        2.35214281895E+04
5.36400E+00        2.34777217833E+04
5.37000E+00        2.34341345951E+04
5.37600E+00        2.33906662032E+04
5.38200E+00        2.33473161879E+04
5.38800E+00        2.33040841312E+04
5.39400E+00        2.32609696168E+04
5.40000E+00        2.32179722304E+04
5.40600E+00        2.31750915592E+04
5.41200E+00        2.31323271923E+04
5.41800E+00        2.30896787205E+04
5.42400E+00        2.30471457363E+04
5.43000E+00        2.30047278341E+04
5.43600E+00        2.29624246097E+04
5.44200E+00        2.29202356609E+04
5.44800E+00        2.28781605870E+04
5.45400E+00        2.28361989891E+04
5.46000E+00        2.27943504700E+04
5.46600E+00        2.27526146342E+04
5.47200E+00        2.27109910876E+04
5.47800E+00        2.26694794382E+04
5.48400E+00        2.26280792952E+04
5.49000E+00        2.25867902698E+04
5.49600E+00        2.25456119747E+04
5.50200E+00        2.25045440241E+04
5.50800E+00        2.24635860341E+04
5.51400E+00        2.24227376221E+04
5.52000E+00        2.23819984074E+04
5.52600E+00        2.23413680107E+04
5.53200E+00        2.23008460543E+04
5.53800E+00        2.22604321622E+04
5.54400E+00        2.22201259599E+04
5.55000E+00        2.21799270745E+04
5.55600E+00        2.21398351345E+04
5.56200E+00        2.20998497702E+04
5.56800E+00        2.20599706134E+04
5.57400E+00        2.20201972971E+04
5.58000E+00        2.19805294563E+04
5.58600E+00        2.19409667273E+04
5.59200E+00        2.19015087479E+04
5.59800E+00        2.18621551575E+04
5.60400E+00        2.18229055968E+04
5.61000E+00        2.17837597083E+04
5.61600E+00        2.17447171356E+04
5.62200E+00        2.17057775243E+04
5.62800E+00        2.16669405209E+04
5.63400E+00        2.16282057738E+04
5.64000E+00        2.15895729327E+04
5.64600E+00        2.15510416486E+04
5.65200E+00        2.15126115743E+04
5.65800E+00        2.14742823637E+04
5.66400E+00        2.14360536722E+04
5.67000E+00        2.13979251569E+04
5.67600E+00        2.13598964759E+04
5.68200E+00        2.13219672891E+04
5.68800E+00        2.12841372574E+04
5.69400E+00        2.12464060435E+04
5.70000E+00        2.12087733113E+04
5.70600E+00        2.11712387260E+04
5.71200E+00        2.11338019543E+04
5.71800E+00        2.10964626642E+04
5.72400E+00        2.10592205252E+04
5.73000E+00        2.10220752081E+04
5.73600E+00        2.09850263848E+04
5.74200E+00        2.09480737290E+04
5.74800E+00        2.09112169154E+04
5.75400E+00        2.08744556202E+04
5.76000E+00        2.08377895207E+04
5.76600E+00        2.08012182959E+04
5.77200E+00        2.07647416257E+04
5.77800E+00        2.07283591916E+04
5.78400E+00        2.06920706763E+04
5.79000E+00        2.06558757638E+04
5.79600E+00        2.06197741394E+04
5.80200E+00        2.05837654897E+04
5.80800E+00        2.05478495025E+04
5.81400E+00        2.05120258669E+04
5.82000E+00        2.04762942734E+04
5.82600E+00        2.04406544135E+04
5.83200E+00        2.04051059803E+04
5.83800E+00        2.03696486677E+04
5.84400E+00        2.03342821713E+04
5.85000E+00        2.02990061877E+04
5.85600E+00        2.02638204147E+04
5.86200E+00        2.02287245514E+04
5.86800E+00        2.01937182981E+04
5.87400E+00        2.01588013564E+04
5.88000E+00        2.01239734289E+04
5.88600E+00        2.00892342196E+04
5.89200E+00        2.00545834336E+04
5.89800E+00        2.00200207772E+04
5.90400E+00        1.99855459580E+04
5.91000E+00        1.99511586845E+04
5.91600E+00        1.99168586668E+04
5.92200E+00        1.98826456156E+04
5.92800E+00        1.98485192434E+04
5.93400E+00        1.98144792634E+04
5.94000E+00        1.97805253901E+04
5.94600E+00        1.97466573391E+04
5.95200E+00        1.97128748273E+04
5.95800E+00        1.96791775725E+04
5.96400E+00        1.96455652938E+04
5.97000E+00        1.96120377115E+04
5.97600E+00        1.95785945467E+04
5.98200E+00        1.95452355220E+04
5.98800E+00        1.95119603608E+04
5.99400E+00        1.94787687877E+04
6.00000E+00        1.94456605286E+04
6.00600E+00        1.94126353102E+04
6.01200E+00        1.93796928605E+04
6.01800E+00        1.93468329084E+04
6.02400E+00        1.93140551840E+04
6.03000E+00        1.92813594186E+04
6.03600E+00        1.92487453442E+04
6.04200E+00        1.92162126943E+04
6.04800E+00        1.91837612032E+04
6.05400E+00        1.91513906063E+04
6.06000E+00        1.91191006400E+04
6.06600E+00        1.90868910418E+04
6.07200E+00        1.90547615504E+04
6.07800E+00        1.90227119052E+04
6.08400E+00        1.89907418469E+04
6.09000E+00        1.89588511172E+04
6.09600E+00        1.89270394587E+04
6.10200E+00        1.88953066150E+04
6.10800E+00        1.88636523310E+04
6.11400E+00        1.88320763522E+04
6.12000E+00        1.88005784254E+04
6.12600E+00        1.87691582982E+04
6.13200E+00        1.87378157195E+04
6.13800E+00        1.87065504388E+04
6.14400E+00        1.86753622068E+04
6.15000E+00        1.86442507753E+04
6.15600E+00        1.86132158968E+04
6.16200E+00        1.85822573249E+04
6.16800E+00        1.85513748142E+04
6.17400E+00        1.85205681202E+04
6.18000E+00        1.84898369994E+04
6.18600E+00        1.84591812093E+04
6.19200E+00        1.84286005083E+04
6.19800E+00        1.83980946556E+04
6.20400E+00        1.83676634116E+04
6.21000E+00        1.83373065375E+04
6.21600E+00        1.83070237954E+04
6.22200E+00        1.82768149484E+04
6.22800E+00        1.82466797605E+04
6.23400E+00        1.82166179967E+04
6.24000E+00        1.81866294228E+04
6.24600E+00        1.81567138055E+04
6.25200E+00        1.81268709124E+04
6.25800E+00        1.80971005122E+04
6.26400E+00        1.80674023743E+04
6.27000E+00        1.80377762691E+04
6.27600E+00        1.80082219678E+04
6.28200E+00        1.79787392425E+04
6.28800E+00        1.79493278663E+04
6.29400E+00        1.79199876130E+04
6.30000E+00        1.78907182574E+04
6.30600E+00        1.78615195752E+04
6.31200E+00        1.78323913429E+04
6.31800E+00        1.78033333378E+04
6.32400E+00        1.77743453382E+04
6.33000E+00        1.77454271232E+04
6.33600E+00        1.77165784727E+04
6.34200E+00        1.76877991675E+04
6.34800E+00        1.76590889893E+04
6.35400E+00        1.76304477204E+04
6.36000E+00        1.76018751443E+04
6.36600E+00        1.75733710450E+04
6.37200E+00        1.75449352076E+04
6.37800E+00        1.75165674178E+04
6.38400E+00        1.74882674623E+04
6.39000E+00        1.74600351285E+04
6.39600E+00        1.74318702046E+04
6.40200E+00        1.74037724797E+04
6.40800E+00        1.73757417437E+04
6.41400E+00        1.73477777873E+04
6.42000E+00        1.73198804019E+04
6.42600E+00        1.72920493798E+04
6.43200E+00        1.72642845140E+04
6.43800E+00        1.72365855985E+04
6.44400E+00        1.72089524279E+04
6.45000E+00        1.71813847975E+04
6.45600E+00        1.71538825036E+04
6.46200E+00        1.71264453432E+04
6.46800E+00        1.70990731140E+04
6.47400E+00        1.70717656145E+04
6.48000E+00        1.70445226440E+04
6.48600E+00        1.70173440026E+04
6.49200E+00        1.69902294910E+04
6.49800E+00        1.69631789109E+04
6.50400E+00        1.69361920645E+04
6.51000E+00        1.69092687548E+04
6.51600E+00        1.68824087857E+04
6.52200E+00        1.68556119618E+04
6.52800E+00        1.68288780883E+04
6.53400E+00        1.68022069711E+04
6.54000E+00        1.67755984172E+04
6.54600E+00        1.67490522340E+04
6.55200E+00        1.67225682296E+04
6.55800E+00        1.66961462129E+04
6.56400E+00        1.66697859938E+04
6.57000E+00        1.66434873824E+04
6.57600E+00        1.66172501899E+04
6.58200E+00        1.65910742280E+04
6.58800E+00        1.65649593094E+04
6.59400E+00        1.65389052470E+04
6.60000E+00        1.65129118549E+04
6.60600E+00        1.64869789477E+04
6.61200E+00        1.64611063405E+04
6.61800E+00        1.64352938495E+04
6.62400E+00        1.64095412912E+04
6.63000E+00        1.63838484831E+04
6.63600E+00        1.63582152431E+04
6.64200E+00        1.63326413899E+04
6.64800E+00        1.63071267431E+04
6.65400E+00        1.62816711225E+04
6.66000E+00        1.62562743491E+04
6.66600E+00        1.62309362440E+04
6.67200E+00        1.62056566295E+04
6.67800E+00        1.61804353283E+04
6.68400E+00        1.61552721637E+04
6.69000E+00        1.61301669598E+04
6.69600E+00        1.61051195412E+04
6.70200E+00        1.60801297334E+04
6.70800E+00        1.60551973623E+04
6.71400E+00        1.60303222546E+04
6.72000E+00        1.60055042374E+04
6.72600E+00        1.59807431389E+04
6.73200E+00        1.59560387874E+04
6.73800E+00        1.59313910123E+04
6.74400E+00        1.59067996432E+04
6.75000E+00        1.58822645108E+04
6.75600E+00        1.58577854459E+04
6.76200E+00        1.58333622804E+04
6.76800E+00        1.58089948465E+04
6.77400E+00        1.57846829773E+04
6.78000E+00        1.57604265061E+04
6.78600E+00        1.57362252672E+04
6.79200E+00        1.57120790954E+04
6.79800E+00        1.56879878261E+04
6.80400E+00        1.56639512951E+04
6.81000E+00        1.56399693391E+04
6.81600E+00        1.56160417953E+04
6.82200E+00        1.55921685014E+04
6.82800E+00        1.55683492959E+04
6.83400E+00        1.55445840176E+04
6.84000E+00        1.55208725062E+04
6.84600E+00        1.54972146017E+04
6.85200E+00        1.54736101449E+04
6.85800E+00        1.54500589770E+04
6.86400E+00        1.54265609401E+04
6.87000E+00        1.54031158764E+04
6.87600E+00        1.53797236291E+04
6.88200E+00        1.53563840418E+04
6.88800E+00        1.53330969586E+04
6.89400E+00        1.53098622242E+04
6.90000E+00        1.52866796839E+04
6.90600E+00        1.52635491837E+04
6.91200E+00        1.52404705699E+04
6.91800E+00        1.52174436895E+04
6.92400E+00        1.51944683901E+04
6.93000E+00        1.51715445197E+04
6.93600E+00        1.51486719269E+04
6.94200E+00        1.51258504610E+04
6.94800E+00        1.51030799717E+04
6.95400E+00        1.50803603092E+04
6.96000E+00        1.50576913243E+04
6.96600E+00        1.50350728684E+04
6.97200E+00        1.50125047934E+04
6.97800E+00        1.49899869517E+04
6.98400E+00        1.49675191962E+04
6.99000E+00        1.49451013805E+04
6.99600E+00        1.49227333584E+04
7.00200E+00        1.49004149847E+04
7.00800E+00        1.48781461142E+04
7.01400E+00        1.48559266025E+04
7.02000E+00        1.48337563059E+04
7.02600E+00        1.48116350808E+04
7.03200E+00        1.47895627844E+04
7.03800E+00        1.47675392743E+04
7.04400E+00        1.47455644087E+04
7.05000E+00        1.47236380462E+04
7.05600E+00        1.47017600459E+04
7.06200E+00        1.46799302676E+04
7.06800E+00        1.46581485713E+04
7.07400E+00        1.46364148177E+04
7.08000E+00        1.46147288680E+04
7.08600E+00        1.45930905839E+04
7.09200E+00        1.45714998274E+04
7.09800E+00        1.45499564611E+04
7.10400E+00        1.45284603483E+04
7.11000E+00        1.45070113525E+04
7.11600E+00        1.44856093378E+04
7.12200E+00        1.44642541688E+04
7.12800E+00        1.44429457105E+04
7.13400E+00        1.44216838284E+04
7.14000E+00        1.44004683886E+04
7.14600E+00        1.43792992575E+04
7.15200E+00        1.43581763021E+04
7.15800E+00        1.43370993898E+04
7.16400E+00        1.43160683885E+04
7.17000E+00        1.42950831666E+04
7.17600E+00        1.42741435929E+04
7.18200E+00        1.42532495366E+04
7.18800E+00        1.42324008675E+04
7.19400E+00        1.42115974558E+04
7.20000E+00        1.41908391722E+04
7.20600E+00        1.41701258878E+04
7.21200E+00        1.41494574741E+04
7.21800E+00        1.41288338033E+04
7.22400E+00        1.41082547476E+04
7.23000E+00        1.40877201802E+04
7.23600E+00        1.40672299742E+04
7.24200E+00        1.40467840036E+04
7.24800E+00        1.40263821426E+04
7.25400E+00        1.40060242658E+04
7.26000E+00        1.39857102484E+04
7.26600E+00        1.39654399660E+04
7.27200E+00        1.39452132946E+04
7.27800E+00        1.39250301105E+04
7.28400E+00        1.39048902907E+04
7.29000E+00        1.38847937124E+04
7.29600E+00        1.38647402534E+04
7.30200E+00        1.38447297918E+04
7.30800E+00        1.38247622061E+04
7.31400E+00        1.38048373755E+04
7.32000E+00        1.37849551792E+04
7.32600E+00        1.37651154971E+04
7.33200E+00        1.37453182095E+04
7.33800E+00        1.37255631970E+04
7.34400E+00        1.37058503406E+04
7.35000E+00        1.36861795220E+04
7.35600E+00        1.36665506230E+04
7.36200E+00        1.36469635259E+04
7.36800E+00        1.36274181133E+04
7.37400E+00        1.36079142686E+04
7.38000E+00        1.35884518750E+04
7.38600E+00        1.35690308167E+04
7.39200E+00        1.35496509779E+04
7.39800E+00        1.35303122433E+04
7.40400E+00        1.35110144981E+04
7.41000E+00        1.34917576278E+04
7.41600E+00        1.34725415182E+04
7.42200E+00        1.34533660558E+04
7.42800E+00        1.34342311272E+04
7.43400E+00        1.34151366195E+04
7.44000E+00        1.33960824201E+04
7.44600E+00        1.33770684170E+04
7.45200E+00        1.33580944983E+04
7.45800E+00        1.33391605527E+04
7.46400E+00        1.33202664693E+04
7.47000E+00        1.33014121373E+04
7.47600E+00        1.32825974466E+04
7.48200E+00        1.32638222873E+04
7.48800E+00        1.32450865499E+04
7.49400E+00        1.32263901253E+04
7.50000E+00        1.32077329048E+04
7.50600E+00        1.31891147800E+04
7.51200E+00        1.31705356430E+04
7.51800E+00        1.31519953860E+04
7.52400E+00        1.31334939019E+04
7.53000E+00        1.31150310837E+04
7.53600E+00        1.30966068250E+04
7.54200E+00        1.30782210195E+04
7.54800E+00        1.30598735614E+04
7.55400E+00        1.30415643453E+04
7.56000E+00        1.30232932661E+04
7.56600E+00        1.30050602190E+04
7.57200E+00        1.29868650997E+04
7.57800E+00        1.29687078041E+04
7.58400E+00        1.29505882287E+04
7.59000E+00        1.29325062699E+04
7.59600E+00        1.29144618249E+04
7.60200E+00        1.28964547911E+04
7.60800E+00        1.28784850661E+04
7.61400E+00        1.28605525480E+04
7.62000E+00        1.28426571352E+04
7.62600E+00        1.28247987265E+04
7.63200E+00        1.28069772209E+04
7.63800E+00        1.27891925180E+04
7.64400E+00        1.27714445173E+04
7.65000E+00        1.27537331192E+04
7.65600E+00        1.27360582239E+04
7.66200E+00        1.27184197323E+04
7.66800E+00        1.27008175455E+04
7.67400E+00        1.26832515648E+04
7.68000E+00        1.26657216922E+04
7.68600E+00        1.26482278296E+04
7.69200E+00        1.26307698795E+04
7.69800E+00        1.26133477447E+04
7.70400E+00        1.25959613282E+04
7.71000E+00        1.25786105334E+04
7.71600E+00        1.25612952640E+04
7.72200E+00        1.25440154241E+04
7.72800E+00        1.25267709181E+04
7.73400E+00        1.25095616506E+04
7.74000E+00        1.24923875267E+04
7.74600E+00        1.24752484516E+04
7.75200E+00        1.24581443309E+04
7.75800E+00        1.24410750707E+04
7.76400E+00        1.24240405771E+04
7.77000E+00        1.24070407568E+04
7.77600E+00        1.23900755166E+04
7.78200E+00        1.23731447637E+04
7.78800E+00        1.23562484056E+04
7.79400E+00        1.23393863501E+04
7.80000E+00        1.23225585053E+04
7.80600E+00        1.23057647796E+04
7.81200E+00        1.22890050817E+04
7.81800E+00        1.22722793206E+04
7.82400E+00        1.22555874057E+04
7.83000E+00        1.22389292465E+04
7.83600E+00        1.22223047531E+04
7.84200E+00        1.22057138355E+04
7.84800E+00        1.21891564042E+04
7.85400E+00        1.21726323702E+04
7.86000E+00        1.21561416444E+04
7.86600E+00        1.21396841383E+04
7.87200E+00        1.21232597635E+04
7.87800E+00        1.21068684320E+04
7.88400E+00        1.20905100560E+04
7.89000E+00        1.20741845482E+04
7.89600E+00        1.20578918212E+04
7.90200E+00        1.20416317883E+04
7.90800E+00        1.20254043628E+04
7.91400E+00        1.20092094585E+04
7.92000E+00        1.19930469892E+04
7.92600E+00        1.19769168692E+04
7.93200E+00        1.19608190131E+04
7.93800E+00        1.19447533356E+04
7.94400E+00        1.19287197519E+04
7.95000E+00        1.19127181772E+04
7.95600E+00        1.18967485273E+04
7.96200E+00        1.18808107180E+04
7.96800E+00        1.18649046656E+04
7.97400E+00        1.18490302864E+04
7.98000E+00        1.18331874972E+04
7.98600E+00        1.18173762151E+04
7.99200E+00        1.18015963572E+04
7.99800E+00        1.17858478411E+04
8.00400E+00        1.17701305846E+04
8.01000E+00        1.17544445058E+04
8.01600E+00        1.17387895230E+04
8.02200E+00        1.17231655548E+04
8.02800E+00        1.17075725201E+04
8.03400E+00        1.16920103380E+04
8.04000E+00        1.16764789279E+04
8.04600E+00        1.16609782094E+04
8.05200E+00        1.16455081024E+04
8.05800E+00        1.16300685272E+04
8.06400E+00        1.16146594041E+04
8.07000E+00        1.15992806538E+04
8.07600E+00        1.15839321972E+04
8.08200E+00        1.15686139556E+04
8.08800E+00        1.15533258503E+04
8.09400E+00        1.15380678031E+04
8.10000E+00        1.15228397359E+04
8.10600E+00        1.15076415708E+04
8.11200E+00        1.14924732305E+04
8.11800E+00        1.14773346375E+04
8.12400E+00        1.14622257147E+04
8.13000E+00        1.14471463855E+04
8.13600E+00        1.14320965731E+04
8.14200E+00        1.14170762013E+04
8.14800E+00        1.14020851941E+04
8.15400E+00        1.13871234755E+04
8.16000E+00        1.13721909700E+04
8.16600E+00        1.13572876022E+04
8.17200E+00        1.13424132970E+04
8.17800E+00        1.13275679797E+04
8.18400E+00        1.13127515754E+04
8.19000E+00        1.12979640098E+04
8.19600E+00        1.12832052089E+04
8.20200E+00        1.12684750985E+04
8.20800E+00        1.12537736052E+04
8.21400E+00        1.12391006553E+04
8.22000E+00        1.12244561757E+04
8.22600E+00        1.12098400934E+04
8.23200E+00        1.11952523357E+04
8.23800E+00        1.11806928300E+04
8.24400E+00        1.11661615040E+04
8.25000E+00        1.11516582857E+04
8.25600E+00        1.11371831032E+04
8.26200E+00        1.11227358849E+04
8.26800E+00        1.11083165594E+04
8.27400E+00        1.10939250555E+04
8.28000E+00        1.10795613024E+04
8.28600E+00        1.10652252293E+04
8.29200E+00        1.10509167657E+04
8.29800E+00        1.10366358414E+04
8.30400E+00        1.10223823863E+04
8.31000E+00        1.10081563306E+04
8.31600E+00        1.09939576046E+04
8.32200E+00        1.09797861391E+04
8.32800E+00        1.09656418647E+04
8.33400E+00        1.09515247126E+04
8.34000E+00        1.09374346141E+04
8.34600E+00        1.09233715006E+04
8.35200E+00        1.09093353037E+04
8.35800E+00        1.08953259555E+04
8.36400E+00        1.08813433880E+04
8.37000E+00        1.08673875336E+04
8.37600E+00        1.08534583249E+04
8.38200E+00        1.08395556944E+04
8.38800E+00        1.08256795754E+04
8.39400E+00        1.08118299008E+04
8.40000E+00        1.07980066041E+04
8.40600E+00        1.07842096189E+04
8.41200E+00        1.07704388791E+04
8.41800E+00        1.07566943185E+04
8.42400E+00        1.07429758713E+04
8.43000E+00        1.07292834722E+04
8.43600E+00        1.07156170555E+04
8.44200E+00        1.07019765562E+04
8.44800E+00        1.06883619093E+04
8.45400E+00        1.06747730500E+04
8.46000E+00        1.06612099137E+04
8.46600E+00        1.06476724361E+04
8.47200E+00        1.06341605529E+04
8.47800E+00        1.06206742003E+04
8.48400E+00        1.06072133144E+04
8.49000E+00        1.05937778316E+04
8.49600E+00        1.05803676886E+04
8.50200E+00        1.05669828222E+04
8.50800E+00        1.05536231693E+04
8.51400E+00        1.05402886673E+04
8.52000E+00        1.05269792534E+04
8.52600E+00        1.05136948653E+04
8.53200E+00        1.05004354407E+04
8.53800E+00        1.04872009176E+04
8.54400E+00        1.04739912343E+04
8.55000E+00        1.04608063289E+04
8.55600E+00        1.04476461401E+04
8.56200E+00        1.04345106067E+04
8.56800E+00        1.04213996674E+04
8.57400E+00        1.04083132615E+04
8.58000E+00        1.03952513282E+04
8.58600E+00        1.03822138070E+04
8.59200E+00        1.03692006376E+04
8.59800E+00        1.03562117597E+04
8.60400E+00        1.03432471136E+04
8.61000E+00        1.03303066392E+04
8.61600E+00        1.03173902772E+04
8.62200E+00        1.03044979679E+04
8.62800E+00        1.02916296523E+04
8.63400E+00        1.02787852712E+04
8.64000E+00        1.02659647658E+04
8.64600E+00        1.02531680773E+04
8.65200E+00        1.02403951473E+04
8.65800E+00        1.02276459174E+04
8.66400E+00        1.02149203294E+04
8.67000E+00        1.02022183254E+04
8.67600E+00        1.01895398475E+04
8.68200E+00        1.01768848381E+04
8.68800E+00        1.01642532398E+04
8.69400E+00        1.01516449952E+04
8.70000E+00        1.01390600473E+04
8.70600E+00        1.01264983390E+04
8.71200E+00        1.01139598137E+04
8.71800E+00        1.01014444148E+04
8.72400E+00        1.00889520857E+04
8.73000E+00        1.00764827704E+04
8.73600E+00        1.00640364126E+04
8.74200E+00        1.00516129564E+04
8.74800E+00        1.00392123462E+04
8.75400E+00        1.00268345263E+04
8.76000E+00        1.00144794414E+04
8.76600E+00        1.00021470361E+04
8.77200E+00        9.98983725542E+03
8.77800E+00        9.97755004444E+03
8.78400E+00        9.96528534841E+03
8.79000E+00        9.95304311274E+03
8.79600E+00        9.94082328302E+03
8.80200E+00        9.92862580499E+03
8.80800E+00        9.91645062455E+03
8.81400E+00        9.90429768779E+03
8.82000E+00        9.89216694092E+03
8.82600E+00        9.88005833035E+03
8.83200E+00        9.86797180262E+03
8.83800E+00        9.85590730444E+03
8.84400E+00        9.84386478270E+03
8.85000E+00        9.83184418442E+03
8.85600E+00        9.81984545679E+03
8.86200E+00        9.80786854715E+03
8.86800E+00        9.79591340302E+03
8.87400E+00        9.78397997204E+03
8.88000E+00        9.77206820205E+03
8.88600E+00        9.76017804100E+03
8.89200E+00        9.74830943702E+03
8.89800E+00        9.73646233841E+03
8.90400E+00        9.72463669358E+03
8.91000E+00        9.71283245113E+03
8.91600E+00        9.70104955980E+03
8.92200E+00        9.68928796848E+03
8.92800E+00        9.67754762622E+03
8.93400E+00        9.66582848220E+03
8.94000E+00        9.65413048579E+03
8.94600E+00        9.64245358646E+03
8.95200E+00        9.63079773388E+03
8.95800E+00        9.61916287782E+03
8.96400E+00        9.60754896825E+03
8.97000E+00        9.59595595523E+03
8.97600E+00        9.58438378902E+03
8.98200E+00        9.57283242000E+03
8.98800E+00        9.56130179870E+03
8.99400E+00        9.54979187579E+03
9.00000E+00        9.53830260211E+03
9.00600E+00        9.52683392861E+03
9.01200E+00        9.51538580641E+03
9.01800E+00        9.50395818676E+03
9.02400E+00        9.49255102106E+03
9.03000E+00        9.48116426086E+03
9.03600E+00        9.46979785783E+03
9.04200E+00        9.45845176381E+03
9.04800E+00        9.44712593075E+03
9.05400E+00        9.43582031078E+03
9.06000E+00        9.42453485613E+03
9.06600E+00        9.41326951919E+03
9.07200E+00        9.40202425249E+03
9.07800E+00        9.39079900870E+03
9.08400E+00        9.37959374062E+03
9.09000E+00        9.36840840120E+03
9.09600E+00        9.35724294351E+03
9.10200E+00        9.34609732077E+03
9.10800E+00        9.33497148633E+03
9.11400E+00        9.32386539369E+03
9.12000E+00        9.31277899647E+03
9.12600E+00        9.30171224842E+03
9.13200E+00        9.29066510345E+03
9.13800E+00        9.27963751558E+03
9.14400E+00        9.26862943898E+03
9.15000E+00        9.25764082793E+03
9.15600E+00        9.24667163687E+03
9.16200E+00        9.23572182036E+03
9.16800E+00        9.22479133309E+03
9.17400E+00        9.21388012989E+03
9.18000E+00        9.20298816570E+03
9.18600E+00        9.19211539562E+03
9.19200E+00        9.18126177486E+03
9.19800E+00        9.17042725877E+03
9.20400E+00        9.15961180281E+03
9.21000E+00        9.14881536260E+03
9.21600E+00        9.13803789385E+03
9.22200E+00        9.12727935244E+03
9.22800E+00        9.11653969435E+03
9.23400E+00        9.10581887569E+03
9.24000E+00        9.09511685269E+03
9.24600E+00        9.08443358173E+03
9.25200E+00        9.07376901930E+03
9.25800E+00        9.06312312201E+03
9.26400E+00        9.05249584660E+03
9.27000E+00        9.04188714995E+03
9.27600E+00        9.03129698903E+03
9.28200E+00        9.02072532096E+03
9.28800E+00        9.01017210298E+03
9.29400E+00        8.99963729245E+03
9.30000E+00        8.98912084685E+03
9.30600E+00        8.97862272377E+03
9.31200E+00        8.96814288095E+03
9.31800E+00        8.95768127623E+03
9.32400E+00        8.94723786757E+03
9.33000E+00        8.93681261306E+03
9.33600E+00        8.92640547091E+03
9.34200E+00        8.91601639944E+03
9.34800E+00        8.90564535710E+03
9.35400E+00        8.89529230244E+03
9.36000E+00        8.88495719415E+03
9.36600E+00        8.87463999102E+03
9.37200E+00        8.86434065198E+03
9.37800E+00        8.85405913605E+03
9.38400E+00        8.84379540239E+03
9.39000E+00        8.83354941025E+03
9.39600E+00        8.82332111903E+03
9.40200E+00        8.81311048821E+03
9.40800E+00        8.80291747741E+03
9.41400E+00        8.79274204635E+03
9.42000E+00        8.78258415488E+03
9.42600E+00        8.77244376294E+03
9.43200E+00        8.76232083061E+03
9.43800E+00        8.75221531807E+03
9.44400E+00        8.74212718560E+03
9.45000E+00        8.73205639362E+03
9.45600E+00        8.72200290265E+03
9.46200E+00        8.71196667330E+03
9.46800E+00        8.70194766632E+03
9.47400E+00        8.69194584257E+03
9.48000E+00        8.68196116300E+03
9.48600E+00        8.67199358868E+03
9.49200E+00        8.66204308080E+03
9.49800E+00        8.65210960064E+03
9.50400E+00        8.64219310961E+03
9.51000E+00        8.63229356921E+03
9.51600E+00        8.62241094107E+03
9.52200E+00        8.61254518689E+03
9.52800E+00        8.60269626852E+03
9.53400E+00        8.59286414789E+03
9.54000E+00        8.58304878705E+03
9.54600E+00        8.57325014815E+03
9.55200E+00        8.56346819345E+03
9.55800E+00        8.55370288531E+03
9.56400E+00        8.54395418621E+03
9.57000E+00        8.53422205870E+03
9.57600E+00        8.52450646548E+03
9.58200E+00        8.51480736932E+03
9.58800E+00        8.50512473312E+03
9.59400E+00        8.49545851986E+03
9.60000E+00        8.48580869264E+03
9.60600E+00        8.47617521465E+03
9.61200E+00        8.46655804919E+03
9.61800E+00        8.45695715966E+03
9.62400E+00        8.44737250958E+03
9.63000E+00        8.43780406254E+03
9.63600E+00        8.42825178224E+03
9.64200E+00        8.41871563250E+03
9.64800E+00        8.40919557723E+03
9.65400E+00        8.39969158043E+03
9.66000E+00        8.39020360620E+03
9.66600E+00        8.38073161877E+03
9.67200E+00        8.37127558243E+03
9.67800E+00        8.36183546158E+03
9.68400E+00        8.35241122074E+03
9.69000E+00        8.34300282451E+03
9.69600E+00        8.33361023758E+03
9.70200E+00        8.32423342475E+03
9.70800E+00        8.31487235092E+03
9.71400E+00        8.30552698109E+03
9.72000E+00        8.29619728033E+03
9.72600E+00        8.28688321384E+03
9.73200E+00        8.27758474690E+03
9.73800E+00        8.26830184488E+03
9.74400E+00        8.25903447326E+03
9.75000E+00        8.24978259760E+03
9.75600E+00        8.24054618357E+03
9.76200E+00        8.23132519692E+03
9.76800E+00        8.22211960350E+03
9.77400E+00        8.21292936926E+03
9.78000E+00        8.20375446024E+03
9.78600E+00        8.19459484256E+03
9.79200E+00        8.18545048246E+03
9.79800E+00        8.17632134625E+03
9.80400E+00        8.16720740033E+03
9.81000E+00        8.15810861121E+03
9.81600E+00        8.14902494549E+03
9.82200E+00        8.13995636984E+03
9.82800E+00        8.13090285105E+03
9.83400E+00        8.12186435597E+03
9.84000E+00        8.11284085157E+03
9.84600E+00        8.10383230489E+03
9.85200E+00        8.09483868308E+03
9.85800E+00        8.08585995335E+03
9.86400E+00        8.07689608302E+03
9.87000E+00        8.06794703950E+03
9.87600E+00        8.05901279028E+03
9.88200E+00        8.05009330295E+03
9.88800E+00        8.04118854518E+03
9.89400E+00        8.03229848471E+03
9.90000E+00        8.02342308941E+03
9.90600E+00        8.01456232720E+03
9.91200E+00        8.00571616610E+03
9.91800E+00        7.99688457423E+03
9.92400E+00        7.98806751977E+03
9.93000E+00        7.97926497100E+03
9.93600E+00        7.97047689630E+03
9.94200E+00        7.96170326411E+03
9.94800E+00        7.95294404297E+03
9.95400E+00        7.94419920150E+03
9.96000E+00        7.93546870841E+03
9.96600E+00        7.92675253249E+03
9.97200E+00        7.91805064262E+03
9.97800E+00        7.90936300776E+03
9.98400E+00        7.90068959695E+03
9.99000E+00        7.89203037931E+03
9.99600E+00        7.88338532406E+03
1.00020E+01        7.87475440050E+03
1.00080E+01        7.86613757799E+03
1.00140E+01        7.85753482600E+03
1.00200E+01        7.84894611406E+03
1.00260E+01        7.84037141181E+03
1.00320E+01        7.83181068893E+03
1.00380E+01        7.82326391523E+03
1.00440E+01        7.81473106056E+03
1.00500E+01        7.80621209488E+03
1.00560E+01        7.79770698820E+03
1.00620E+01        7.78921571065E+03
1.00680E+01        7.78073823240E+03
1.00740E+01        7.77227452373E+03
1.00800E+01        7.76382455498E+03
1.00860E+01        7.75538829658E+03
1.00920E+01        7.74696571904E+03
1.00980E+01        7.73855679295E+03
1.01040E+01        7.73016148896E+03
1.01100E+01        7.72177977782E+03
1.01160E+01        7.71341163034E+03
1.01220E+01        7.70505701743E+03
1.01280E+01        7.69671591006E+03
1.01340E+01        7.68838827929E+03
1.01400E+01        7.68007409624E+03
1.01460E+01        7.67177333211E+03
1.01520E+01        7.66348595821E+03
1.01580E+01        7.65521194587E+03
1.01640E+01        7.64695126654E+03
1.01700E+01        7.63870389173E+03
1.01760E+01        7.63046979303E+03
1.01820E+01        7.62224894209E+03
1.01880E+01        7.61404131067E+03
1.01940E+01        7.60584687056E+03
1.02000E+01        7.59766559365E+03
1.02060E+01        7.58949745192E+03
1.02120E+01        7.58134241739E+03
1.02180E+01        7.57320046217E+03
1.02240E+01        7.56507155845E+03
1.02300E+01        7.55695567848E+03
1.02360E+01        7.54885279459E+03
1.02420E+01        7.54076287919E+03
1.02480E+01        7.53268590475E+03
1.02540E+01        7.52462184383E+03
1.02600E+01        7.51657066904E+03
1.02660E+01        7.50853235307E+03
1.02720E+01        7.50050686869E+03
1.02780E+01        7.49249418874E+03
1.02840E+01        7.48449428613E+03
1.02900E+01        7.47650713383E+03
1.02960E+01        7.46853270489E+03
1.03020E+01        7.46057097244E+03
1.03080E+01        7.45262190967E+03
1.03140E+01        7.44468548984E+03
1.03200E+01        7.43676168628E+03
1.03260E+01        7.42885047239E+03
1.03320E+01        7.42095182165E+03
1.03380E+01        7.41306570759E+03
1.03440E+01        7.40519210383E+03
1.03500E+01        7.39733098405E+03
1.03560E+01        7.38948232199E+03
1.03620E+01        7.38164609147E+03
1.03680E+01        7.37382226637E+03
1.03740E+01        7.36601082066E+03
1.03800E+01        7.35821172835E+03
1.03860E+01        7.35042496352E+03
1.03920E+01        7.34265050035E+03
1.03980E+01        7.33488831304E+03
1.04040E+01        7.32713837589E+03
1.04100E+01        7.31940066327E+03
1.04160E+01        7.31167514958E+03
1.04220E+01        7.30396180933E+03
1.04280E+01        7.29626061708E+03
1.04340E+01        7.28857154743E+03
1.04400E+01        7.28089457510E+03
1.04460E+01        7.27322967482E+03
1.04520E+01        7.26557682142E+03
1.04580E+01        7.25793598979E+03
1.04640E+01        7.25030715488E+03
1.04700E+01        7.24269029170E+03
1.04760E+01        7.23508537533E+03
1.04820E+01        7.22749238092E+03
1.04880E+01        7.21991128367E+03
1.04940E+01        7.21234205887E+03
1.05000E+01        7.20478468184E+03
1.05060E+01        7.19723912799E+03
1.05120E+01        7.18970537278E+03
1.05180E+01        7.18218339174E+03
1.05240E+01        7.17467316046E+03
1.05300E+01        7.16717465459E+03
1.05360E+01        7.15968784985E+03
1.05420E+01        7.15221272203E+03
1.05480E+01        7.14474924694E+03
1.05540E+01        7.13729740052E+03
1.05600E+01        7.12985715870E+03
1.05660E+01        7.12242849753E+03
1.05720E+01        7.11501139310E+03
1.05780E+01        7.10760582154E+03
1.05840E+01        7.10021175908E+03
1.05900E+01        7.09282918198E+03
1.05960E+01        7.08545806658E+03
1.06020E+01        7.07809838927E+03
1.06080E+01        7.07075012650E+03
1.06140E+01        7.06341325479E+03
1.06200E+01        7.05608775072E+03
1.06260E+01        7.04877359090E+03
1.06320E+01        7.04147075205E+03
1.06380E+01        7.03417921091E+03
1.06440E+01        7.02689894430E+03
1.06500E+01        7.01962992908E+03
1.06560E+01        7.01237214219E+03
1.06620E+01        7.00512556062E+03
1.06680E+01        6.99789016141E+03
1.06740E+01        6.99066592167E+03
1.06800E+01        6.98345281857E+03
1.06860E+01        6.97625082933E+03
1.06920E+01        6.96905993122E+03
1.06980E+01        6.96188010160E+03
1.07040E+01        6.95471131785E+03
1.07100E+01        6.94755355742E+03
1.07160E+01        6.94040679783E+03
1.07220E+01        6.93327101665E+03
1.07280E+01        6.92614619150E+03
1.07340E+01        6.91903230006E+03
1.07400E+01        6.91192932007E+03
1.07460E+01        6.90483722933E+03
1.07520E+01        6.89775600567E+03
1.07580E+01        6.89068562702E+03
1.07640E+01        6.88362607133E+03
1.07700E+01        6.87657731662E+03
1.07760E+01        6.86953934096E+03
1.07820E+01        6.86251212248E+03
1.07880E+01        6.85549563937E+03
1.07940E+01        6.84848986986E+03
1.08000E+01        6.84149479225E+03
1.08060E+01        6.83451038489E+03
1.08120E+01        6.82753662617E+03
1.08180E+01        6.82057349456E+03
1.08240E+01        6.81362096857E+03
1.08300E+01        6.80667902677E+03
1.08360E+01        6.79974764776E+03
1.08420E+01        6.79282681023E+03
1.08480E+01        6.78591649291E+03
1.08540E+01        6.77901667456E+03
1.08600E+01        6.77212733403E+03
1.08660E+01        6.76524845021E+03
1.08720E+01        6.75838000202E+03
1.08780E+01        6.75152196846E+03
1.08840E+01        6.74467432858E+03
1.08900E+01        6.73783706148E+03
1.08960E+01        6.73101014629E+03
1.09020E+01        6.72419356224E+03
1.09080E+01        6.71738728855E+03
1.09140E+01        6.71059130455E+03
1.09200E+01        6.70380558959E+03
1.09260E+01        6.69703012308E+03
1.09320E+01        6.69026488447E+03
1.09380E+01        6.68350985328E+03
1.09440E+01        6.67676500907E+03
1.09500E+01        6.67003033145E+03
1.09560E+01        6.66330580008E+03
1.09620E+01        6.65659139468E+03
1.09680E+01        6.64988709502E+03
1.09740E+01        6.64319288090E+03
1.09800E+01        6.63650873220E+03
1.09860E+01        6.62983462882E+03
1.09920E+01        6.62317055074E+03
1.09980E+01        6.61651647796E+03
1.10040E+01        6.60987239055E+03
1.10100E+01        6.60323826863E+03
1.10160E+01        6.59661409235E+03
1.10220E+01        6.58999984193E+03
1.10280E+01        6.58339549763E+03
1.10340E+01        6.57680103975E+03
1.10400E+01        6.57021644866E+03
1.10460E+01        6.56364170477E+03
1.10520E+01        6.55707678852E+03
1.10580E+01        6.55052168042E+03
1.10640E+01        6.54397636102E+03
1.10700E+01        6.53744081092E+03
1.10760E+01        6.53091501078E+03
1.10820E+01        6.52439894127E+03
1.10880E+01        6.51789258315E+03
1.10940E+01        6.51139591721E+03
1.11000E+01        6.50490892428E+03
1.11060E+01        6.49843158525E+03
1.11120E+01        6.49196388104E+03
1.11180E+01        6.48550579264E+03
1.11240E+01        6.47905730107E+03
1.11300E+01        6.47261838740E+03
1.11360E+01        6.46618903275E+03
1.11420E+01        6.45976921828E+03
1.11480E+01        6.45335892521E+03
1.11540E+01        6.44695813479E+03
1.11600E+01        6.44056682831E+03
1.11660E+01        6.43418498714E+03
1.11720E+01        6.42781259266E+03
1.11780E+01        6.42144962631E+03
1.11840E+01        6.41509606958E+03
1.11900E+01        6.40875190400E+03
1.11960E+01        6.40241711113E+03
1.12020E+01        6.39609167261E+03
1.12080E+01        6.38977557009E+03
1.12140E+01        6.38346878528E+03
1.12200E+01        6.37717129994E+03
1.12260E+01        6.37088309586E+03
1.12320E+01        6.36460415490E+03
1.12380E+01        6.35833445892E+03
1.12440E+01        6.35207398988E+03
1.12500E+01        6.34582272973E+03
1.12560E+01        6.33958066050E+03
1.12620E+01        6.33334776426E+03
1.12680E+01        6.32712402309E+03
1.12740E+01        6.32090941917E+03
1.12800E+01        6.31470393467E+03
1.12860E+01        6.30850755183E+03
1.12920E+01        6.30232025294E+03
1.12980E+01        6.29614202031E+03
1.13040E+01        6.28997283631E+03
1.13100E+01        6.28381268334E+03
1.13160E+01        6.27766154386E+03
1.13220E+01        6.27151940035E+03
1.13280E+01        6.26538623536E+03
1.13340E+01        6.25926203145E+03
1.13400E+01        6.25314677124E+03
1.13460E+01        6.24704043741E+03
1.13520E+01        6.24094301264E+03
1.13580E+01        6.23485447968E+03
1.13640E+01        6.22877482132E+03
1.13700E+01        6.22270402039E+03
1.13760E+01        6.21664205975E+03
1.13820E+01        6.21058892231E+03
1.13880E+01        6.20454459103E+03
1.13940E+01        6.19850904889E+03
1.14000E+01        6.19248227893E+03
1.14060E+01        6.18646426422E+03
1.14120E+01        6.18045498788E+03
1.14180E+01        6.17445443306E+03
1.14240E+01        6.16846258295E+03
1.14300E+01        6.16247942079E+03
1.14360E+01        6.15650492986E+03
1.14420E+01        6.15053909346E+03
1.14480E+01        6.14458189496E+03
1.14540E+01        6.13863331776E+03
1.14600E+01        6.13269334527E+03
1.14660E+01        6.12676196099E+03
1.14720E+01        6.12083914843E+03
1.14780E+01        6.11492489113E+03
1.14840E+01        6.10901917269E+03
1.14900E+01        6.10312197674E+03
1.14960E+01        6.09723328695E+03
1.15020E+01        6.09135308704E+03
1.15080E+01        6.08548136075E+03
1.15140E+01        6.07961809186E+03
1.15200E+01        6.07376326421E+03
1.15260E+01        6.06791686166E+03
1.15320E+01        6.06207886811E+03
1.15380E+01        6.05624926750E+03
1.15440E+01        6.05042804381E+03
1.15500E+01        6.04461518106E+03
1.15560E+01        6.03881066330E+03
1.15620E+01        6.03301447463E+03
1.15680E+01        6.02722659917E+03
1.15740E+01        6.02144702110E+03
1.15800E+01        6.01567572462E+03
1.15860E+01        6.00991269398E+03
1.15920E+01        6.00415791345E+03
1.15980E+01        5.99841136735E+03
1.16040E+01        5.99267304004E+03
1.16100E+01        5.98694291590E+03
1.16160E+01        5.98122097938E+03
1.16220E+01        5.97550721493E+03
1.16280E+01        5.96980160705E+03
1.16340E+01        5.96410414029E+03
1.16400E+01        5.95841479921E+03
1.16460E+01        5.95273356844E+03
1.16520E+01        5.94706043261E+03
1.16580E+01        5.94139537642E+03
1.16640E+01        5.93573838458E+03
1.16700E+01        5.93008944185E+03
1.16760E+01        5.92444853302E+03
1.16820E+01        5.91881564291E+03
1.16880E+01        5.91319075640E+03
1.16940E+01        5.90757385838E+03
1.17000E+01        5.90196493378E+03
1.17060E+01        5.89636396758E+03
1.17120E+01        5.89077094477E+03
1.17180E+01        5.88518585040E+03
1.17240E+01        5.87960866955E+03
1.17300E+01        5.87403938732E+03
1.17360E+01        5.86847798886E+03
1.17420E+01        5.86292445935E+03
1.17480E+01        5.85737878400E+03
1.17540E+01        5.85184094807E+03
1.17600E+01        5.84631093683E+03
1.17660E+01        5.84078873560E+03
1.17720E+01        5.83527432974E+03
1.17780E+01        5.82976770463E+03
1.17840E+01        5.82426884569E+03
1.17900E+01        5.81877773838E+03
1.17960E+01        5.81329436818E+03
1.18020E+01        5.80781872062E+03
1.18080E+01        5.80235078125E+03
1.18140E+01        5.79689053567E+03
1.18200E+01        5.79143796949E+03
1.18260E+01        5.78599306837E+03
1.18320E+01        5.78055581800E+03
1.18380E+01        5.77512620411E+03
1.18440E+01        5.76970421245E+03
1.18500E+01        5.76428982881E+03
1.18560E+01        5.75888303901E+03
1.18620E+01        5.75348382890E+03
1.18680E+01        5.74809218438E+03
1.18740E+01        5.74270809137E+03
1.18800E+01        5.73733153582E+03
1.18860E+01        5.73196250371E+03
1.18920E+01        5.72660098106E+03
1.18980E+01        5.72124695393E+03
1.19040E+01        5.71590040839E+03
1.19100E+01        5.71056133056E+03
1.19160E+01        5.70522970659E+03
1.19220E+01        5.69990552265E+03
1.19280E+01        5.69458876497E+03
1.19340E+01        5.68927941977E+03
1.19400E+01        5.68397747334E+03
1.19460E+01        5.67868291198E+03
1.19520E+01        5.67339572203E+03
1.19580E+01        5.66811588985E+03
1.19640E+01        5.66284340185E+03
1.19700E+01        5.65757824446E+03
1.19760E+01        5.65232040415E+03
1.19820E+01        5.64706986739E+03
1.19880E+01        5.64182662073E+03
1.19940E+01        5.63659065072E+03
1.20000E+01        5.63136194394E+03
1.20060E+01        5.62614048702E+03
1.20120E+01        5.62092626659E+03
1.20180E+01        5.61571926934E+03
1.20240E+01        5.61051948198E+03
1.20300E+01        5.60532689125E+03
1.20360E+01        5.60014148392E+03
1.20420E+01        5.59496324678E+03
1.20480E+01        5.58979216668E+03
1.20540E+01        5.58462823047E+03
1.20600E+01        5.57947142503E+03
1.20660E+01        5.57432173730E+03
1.20720E+01        5.56917915422E+03
1.20780E+01        5.56404366278E+03
1.20840E+01        5.55891524998E+03
1.20900E+01        5.55379390286E+03
1.20960E+01        5.54867960850E+03
1.21020E+01        5.54357235398E+03
1.21080E+01        5.53847212645E+03
1.21140E+01        5.53337891305E+03
1.21200E+01        5.52829270097E+03
1.21260E+01        5.52321347744E+03
1.21320E+01        5.51814122969E+03
1.21380E+01        5.51307594499E+03
1.21440E+01        5.50801761066E+03
1.21500E+01        5.50296621402E+03
1.21560E+01        5.49792174243E+03
1.21620E+01        5.49288418328E+03
1.21680E+01        5.48785352399E+03
1.21740E+01        5.48282975201E+03
1.21800E+01        5.47781285480E+03
1.21860E+01        5.47280281988E+03
1.21920E+01        5.46779963477E+03
1.21980E+01        5.46280328704E+03
1.22040E+01        5.45781376426E+03
1.22100E+01        5.45283105406E+03
1.22160E+01        5.44785514408E+03
1.22220E+01        5.44288602199E+03
1.22280E+01        5.43792367549E+03
1.22340E+01        5.43296809231E+03
1.22400E+01        5.42801926020E+03
1.22460E+01        5.42307716694E+03
1.22520E+01        5.41814180035E+03
1.22580E+01        5.41321314825E+03
1.22640E+01        5.40829119853E+03
1.22700E+01        5.40337593906E+03
1.22760E+01        5.39846735777E+03
1.22820E+01        5.39356544260E+03
1.22880E+01        5.38867018152E+03
1.22940E+01        5.38378156255E+03
1.23000E+01        5.37889957369E+03
1.23060E+01        5.37402420302E+03
1.23120E+01        5.36915543861E+03
1.23180E+01        5.36429326856E+03
1.23240E+01        5.35943768101E+03
1.23300E+01        5.35458866413E+03
1.23360E+01        5.34974620610E+03
1.23420E+01        5.34491029513E+03
1.23480E+01        5.34008091947E+03
1.23540E+01        5.33525806737E+03
1.23600E+01        5.33044172714E+03
1.23660E+01        5.32563188710E+03
1.23720E+01        5.32082853558E+03
1.23780E+01        5.31603166096E+03
1.23840E+01        5.31124125164E+03
1.23900E+01        5.30645729603E+03
1.23960E+01        5.30167978260E+03
1.24020E+01        5.29690869980E+03
1.24080E+01        5.29214403615E+03
1.24140E+01        5.28738578017E+03
1.24200E+01        5.28263392041E+03
1.24260E+01        5.27788844544E+03
1.24320E+01        5.27314934387E+03
1.24380E+01        5.26841660433E+03
1.24440E+01        5.26369021547E+03
1.24500E+01        5.25897016597E+03
1.24560E+01        5.25425644452E+03
1.24620E+01        5.24954903986E+03
1.24680E+01        5.24484794075E+03
1.24740E+01        5.24015313595E+03
1.24800E+01        5.23546461428E+03
1.24860E+01        5.23078236455E+03
1.24920E+01        5.22610637563E+03
1.24980E+01        5.22143663639E+03
1.25040E+01        5.21677313574E+03
1.25100E+01        5.21211586259E+03
1.25160E+01        5.20746480590E+03
1.25220E+01        5.20281995464E+03
1.25280E+01        5.19818129782E+03
1.25340E+01        5.19354882446E+03
1.25400E+01        5.18892252360E+03
1.25460E+01        5.18430238432E+03
1.25520E+01        5.17968839571E+03
1.25580E+01        5.17508054690E+03
1.25640E+01        5.17047882703E+03
1.25700E+01        5.16588322527E+03
1.25760E+01        5.16129373080E+03
1.25820E+01        5.15671033285E+03
1.25880E+01        5.15213302066E+03
1.25940E+01        5.14756178348E+03
1.26000E+01        5.14299661061E+03
1.26060E+01        5.13843749136E+03
1.26120E+01        5.13388441505E+03
1.26180E+01        5.12933737105E+03
1.26240E+01        5.12479634874E+03
1.26300E+01        5.12026133752E+03
1.26360E+01        5.11573232681E+03
1.26420E+01        5.11120930608E+03
1.26480E+01        5.10669226478E+03
1.26540E+01        5.10218119242E+03
1.26600E+01        5.09767607852E+03
1.26660E+01        5.09317691262E+03
1.26720E+01        5.08868368428E+03
1.26780E+01        5.08419638309E+03
1.26840E+01        5.07971499867E+03
1.26900E+01        5.07523952064E+03
1.26960E+01        5.07076993866E+03
1.27020E+01        5.06630624242E+03
1.27080E+01        5.06184842161E+03
1.27140E+01        5.05739646595E+03
1.27200E+01        5.05295036519E+03
1.27260E+01        5.04851010910E+03
1.27320E+01        5.04407568747E+03
1.27380E+01        5.03964709011E+03
1.27440E+01        5.03522430685E+03
1.27500E+01        5.03080732757E+03
1.27560E+01        5.02639614212E+03
1.27620E+01        5.02199074041E+03
1.27680E+01        5.01759111238E+03
1.27740E+01        5.01319724795E+03
1.27800E+01        5.00880913710E+03
1.27860E+01        5.00442676982E+03
1.27920E+01        5.00005013611E+03
1.27980E+01        4.99567922601E+03
1.28040E+01        4.99131402956E+03
1.28100E+01        4.98695453686E+03
1.28160E+01        4.98260073798E+03
1.28220E+01        4.97825262306E+03
1.28280E+01        4.97391018222E+03
1.28340E+01        4.96957340562E+03
1.28400E+01        4.96524228346E+03
1.28460E+01        4.96091680593E+03
1.28520E+01        4.95659696326E+03
1.28580E+01        4.95228274569E+03
1.28640E+01        4.94797414348E+03
1.28700E+01        4.94367114693E+03
1.28760E+01        4.93937374634E+03
1.28820E+01        4.93508193204E+03
1.28880E+01        4.93079569438E+03
1.28940E+01        4.92651502373E+03
1.29000E+01        4.92223991048E+03
1.29060E+01        4.91797034504E+03
1.29120E+01        4.91370631785E+03
1.29180E+01        4.90944781936E+03
1.29240E+01        4.90519484004E+03
1.29300E+01        4.90094737039E+03
1.29360E+01        4.89670540091E+03
1.29420E+01        4.89246892215E+03
1.29480E+01        4.88823792466E+03
1.29540E+01        4.88401239901E+03
1.29600E+01        4.87979233581E+03
1.29660E+01        4.87557772565E+03
1.29720E+01        4.87136855919E+03
1.29780E+01        4.86716482707E+03
1.29840E+01        4.86296651998E+03
1.29900E+01        4.85877362860E+03
1.29960E+01        4.85458614365E+03
1.30020E+01        4.85040405588E+03
1.30080E+01        4.84622735602E+03
1.30140E+01        4.84205603486E+03
1.30200E+01        4.83789008319E+03
1.30260E+01        4.83372949182E+03
1.30320E+01        4.82957425160E+03
1.30380E+01        4.82542435336E+03
1.30440E+01        4.82127978799E+03
1.30500E+01        4.81714054638E+03
1.30560E+01        4.81300661943E+03
1.30620E+01        4.80887799808E+03
1.30680E+01        4.80475467328E+03
1.30740E+01        4.80063663599E+03
1.30800E+01        4.79652387721E+03
1.30860E+01        4.79241638794E+03
1.30920E+01        4.78831415922E+03
1.30980E+01        4.78421718207E+03
1.31040E+01        4.78012544758E+03
1.31100E+01        4.77603894682E+03
1.31160E+01        4.77195767089E+03
1.31220E+01        4.76788161092E+03
1.31280E+01        4.76381075805E+03
1.31340E+01        4.75974510343E+03
1.31400E+01        4.75568463825E+03
1.31460E+01        4.75162935369E+03
1.31520E+01        4.74757924098E+03
1.31580E+01        4.74353429134E+03
1.31640E+01        4.73949449604E+03
1.31700E+01        4.73545984633E+03
1.31760E+01        4.73143033351E+03
1.31820E+01        4.72740594888E+03
1.31880E+01        4.72338668378E+03
1.31940E+01        4.71937252954E+03
1.32000E+01        4.71536347752E+03
1.32060E+01        4.71135951912E+03
1.32120E+01        4.70736064571E+03
1.32180E+01        4.70336684873E+03
1.32240E+01        4.69937811960E+03
1.32300E+01        4.69539444977E+03
1.32360E+01        4.69141583073E+03
1.32420E+01        4.68744225395E+03
1.32480E+01        4.68347371094E+03
1.32540E+01        4.67951019323E+03
1.32600E+01        4.67555169236E+03
1.32660E+01        4.67159819988E+03
1.32720E+01        4.66764970738E+03
1.32780E+01        4.66370620645E+03
1.32840E+01        4.65976768870E+03
1.32900E+01        4.65583414576E+03
1.32960E+01        4.65190556927E+03
1.33020E+01        4.64798195092E+03
1.33080E+01        4.64406328237E+03
1.33140E+01        4.64014955532E+03
1.33200E+01        4.63624076150E+03
1.33260E+01        4.63233689264E+03
1.33320E+01        4.62843794048E+03
1.33380E+01        4.62454389681E+03
1.33440E+01        4.62065475339E+03
1.33500E+01        4.61677050205E+03
1.33560E+01        4.61289113459E+03
1.33620E+01        4.60901664286E+03
1.33680E+01        4.60514701871E+03
1.33740E+01        4.60128225400E+03
1.33800E+01        4.59742234064E+03
1.33860E+01        4.59356727052E+03
1.33920E+01        4.58971703557E+03
1.33980E+01        4.58587162771E+03
1.34040E+01        4.58203103892E+03
1.34100E+01        4.57819526116E+03
1.34160E+01        4.57436428642E+03
1.34220E+01        4.57053810671E+03
1.34280E+01        4.56671671404E+03
1.34340E+01        4.56290010046E+03
1.34400E+01        4.55908825802E+03
1.34460E+01        4.55528117880E+03
1.34520E+01        4.55147885487E+03
1.34580E+01        4.54768127835E+03
1.34640E+01        4.54388844135E+03
1.34700E+01        4.54010033602E+03
1.34760E+01        4.53631695450E+03
1.34820E+01        4.53253828897E+03
1.34880E+01        4.52876433160E+03
1.34940E+01        4.52499507461E+03
1.35000E+01        4.52123051021E+03
1.35060E+01        4.51747063063E+03
1.35120E+01        4.51371542812E+03
1.35180E+01        4.50996489495E+03
1.35240E+01        4.50621902340E+03
1.35300E+01        4.50247780577E+03
1.35360E+01        4.49874123437E+03
1.35420E+01        4.49500930154E+03
1.35480E+01        4.49128199960E+03
1.35540E+01        4.48755932094E+03
1.35600E+01        4.48384125792E+03
1.35660E+01        4.48012780293E+03
1.35720E+01        4.47641894839E+03
1.35780E+01        4.47271468671E+03
1.35840E+01        4.46901501034E+03
1.35900E+01        4.46531991173E+03
1.35960E+01        4.46162938334E+03
1.36020E+01        4.45794341768E+03
1.36080E+01        4.45426200723E+03
1.36140E+01        4.45058514451E+03
1.36200E+01        4.44691282205E+03
1.36260E+01        4.44324503241E+03
1.36320E+01        4.43958176813E+03
1.36380E+01        4.43592302181E+03
1.36440E+01        4.43226878603E+03
1.36500E+01        4.42861905339E+03
1.36560E+01        4.42497381653E+03
1.36620E+01        4.42133306808E+03
1.36680E+01        4.41769680068E+03
1.36740E+01        4.41406500702E+03
1.36800E+01        4.41043767977E+03
1.36860E+01        4.40681481163E+03
1.36920E+01        4.40319639531E+03
1.36980E+01        4.39958242354E+03
1.37040E+01        4.39597288906E+03
1.37100E+01        4.39236778463E+03
1.37160E+01        4.38876710302E+03
1.37220E+01        4.38517083701E+03
1.37280E+01        4.38157897941E+03
1.37340E+01        4.37799152304E+03
1.37400E+01        4.37440846071E+03
1.37460E+01        4.37082978528E+03
1.37520E+01        4.36725548961E+03
1.37580E+01        4.36368556657E+03
1.37640E+01        4.36012000904E+03
1.37700E+01        4.35655880994E+03
1.37760E+01        4.35300196217E+03
1.37820E+01        4.34944945867E+03
1.37880E+01        4.34590129238E+03
1.37940E+01        4.34235745627E+03
1.38000E+01        4.33881794330E+03
1.38060E+01        4.33528274648E+03
1.38120E+01        4.33175185879E+03
1.38180E+01        4.32822527325E+03
1.38240E+01        4.32470298290E+03
1.38300E+01        4.32118498078E+03
1.38360E+01        4.31767125995E+03
1.38420E+01        4.31416181349E+03
1.38480E+01        4.31065663447E+03
1.38540E+01        4.30715571600E+03
1.38600E+01        4.30365905119E+03
1.38660E+01        4.30016663318E+03
1.38720E+01        4.29667845510E+03
1.38780E+01        4.29319451012E+03
1.38840E+01        4.28971479139E+03
1.38900E+01        4.28623929211E+03
1.38960E+01        4.28276800547E+03
1.39020E+01        4.27930092468E+03
1.39080E+01        4.27583804298E+03
1.39140E+01        4.27237935358E+03
1.39200E+01        4.26892484976E+03
1.39260E+01        4.26547452476E+03
1.39320E+01        4.26202837188E+03
1.39380E+01        4.25858638440E+03
1.39440E+01        4.25514855563E+03
1.39500E+01        4.25171487889E+03
1.39560E+01        4.24828534751E+03
1.39620E+01        4.24485995484E+03
1.39680E+01        4.24143869423E+03
1.39740E+01        4.23802155906E+03
1.39800E+01        4.23460854272E+03
1.39860E+01        4.23119963860E+03
1.39920E+01        4.22779484011E+03
1.39980E+01        4.22439414069E+03
1.40040E+01        4.22099753376E+03
