# %ECSV 0.9
# ---
# datatype:
# - {name: wavelength, unit: micron, datatype: float64}
# - {name: flux, unit: microJansky, datatype: float64}
# schema: astropy-2.0
#
#
#  - - File generated by ExoNoodle - -
#         V1.0.0 - MML (CEA-Saclay)
#       2021-02-26 14:01:48.325215
wavelength flux 
3.00000E+00        5.70076772930E+04
3.00600E+00        5.68533538712E+04
3.01200E+00        5.66995894268E+04
3.01800E+00        5.65463818556E+04
3.02400E+00        5.63937290561E+04
3.03000E+00        5.62416289294E+04
3.03600E+00        5.60900793798E+04
3.04200E+00        5.59390783142E+04
3.04800E+00        5.57886236431E+04
3.05400E+00        5.56387132799E+04
3.06000E+00        5.54893451416E+04
3.06600E+00        5.53405171487E+04
3.07200E+00        5.51922272251E+04
3.07800E+00        5.50444732987E+04
3.08400E+00        5.48972533009E+04
3.09000E+00        5.47505651673E+04
3.09600E+00        5.46044068372E+04
3.10200E+00        5.44587762544E+04
3.10800E+00        5.43136713665E+04
3.11400E+00        5.41690901256E+04
3.12000E+00        5.40250304881E+04
3.12600E+00        5.38814904150E+04
3.13200E+00        5.37384678716E+04
3.13800E+00        5.35959608280E+04
3.14400E+00        5.34539672590E+04
3.15000E+00        5.33124851441E+04
3.15600E+00        5.31715124676E+04
3.16200E+00        5.30310472187E+04
3.16800E+00        5.28910873919E+04
3.17400E+00        5.27516309863E+04
3.18000E+00        5.26126760064E+04
3.18600E+00        5.24742204617E+04
3.19200E+00        5.23362623672E+04
3.19800E+00        5.21987997429E+04
3.20400E+00        5.20618306144E+04
3.21000E+00        5.19253530124E+04
3.21600E+00        5.17893649734E+04
3.22200E+00        5.16538645393E+04
3.22800E+00        5.15188497573E+04
3.23400E+00        5.13843186807E+04
3.24000E+00        5.12502693679E+04
3.24600E+00        5.11166998834E+04
3.25200E+00        5.09836082974E+04
3.25800E+00        5.08509926856E+04
3.26400E+00        5.07188511299E+04
3.27000E+00        5.05871817177E+04
3.27600E+00        5.04559825426E+04
3.28200E+00        5.03252517040E+04
3.28800E+00        5.01949873071E+04
3.29400E+00        5.00651874635E+04
3.30000E+00        4.99358502903E+04
3.30600E+00        4.98069739112E+04
3.31200E+00        4.96785564556E+04
3.31800E+00        4.95505960592E+04
3.32400E+00        4.94230908637E+04
3.33000E+00        4.92960390171E+04
3.33600E+00        4.91694386735E+04
3.34200E+00        4.90432879933E+04
3.34800E+00        4.89175851430E+04
3.35400E+00        4.87923282955E+04
3.36000E+00        4.86675156298E+04
3.36600E+00        4.85431453314E+04
3.37200E+00        4.84192155919E+04
3.37800E+00        4.82957246093E+04
3.38400E+00        4.81726705881E+04
3.39000E+00        4.80500517388E+04
3.39600E+00        4.79278662785E+04
3.40200E+00        4.78061124307E+04
3.40800E+00        4.76847884253E+04
3.41400E+00        4.75638924983E+04
3.42000E+00        4.74434228926E+04
3.42600E+00        4.73233778570E+04
3.43200E+00        4.72037556471E+04
3.43800E+00        4.70845545248E+04
3.44400E+00        4.69657727584E+04
3.45000E+00        4.68474086227E+04
3.45600E+00        4.67294603990E+04
3.46200E+00        4.66119263749E+04
3.46800E+00        4.64948048445E+04
3.47400E+00        4.63780941085E+04
3.48000E+00        4.62617924738E+04
3.48600E+00        4.61458982541E+04
3.49200E+00        4.60304097694E+04
3.49800E+00        4.59153253459E+04
3.50400E+00        4.58006433167E+04
3.51000E+00        4.56863620211E+04
3.51600E+00        4.55724798050E+04
3.52200E+00        4.54589950205E+04
3.52800E+00        4.53459060266E+04
3.53400E+00        4.52332111882E+04
3.54000E+00        4.51209088770E+04
3.54600E+00        4.50089974712E+04
3.55200E+00        4.48974753552E+04
3.55800E+00        4.47863409200E+04
3.56400E+00        4.46755925628E+04
3.57000E+00        4.45652286876E+04
3.57600E+00        4.44552477044E+04
3.58200E+00        4.43456480299E+04
3.58800E+00        4.42364280870E+04
3.59400E+00        4.41275863051E+04
3.60000E+00        4.40191211200E+04
3.60600E+00        4.39110309739E+04
3.61200E+00        4.38033143150E+04
3.61800E+00        4.36959695984E+04
3.62400E+00        4.35889952852E+04
3.63000E+00        4.34823898429E+04
3.63600E+00        4.33761517453E+04
3.64200E+00        4.32702794725E+04
3.64800E+00        4.31647715109E+04
3.65400E+00        4.30596263534E+04
3.66000E+00        4.29548424987E+04
3.66600E+00        4.28504184523E+04
3.67200E+00        4.27463527255E+04
3.67800E+00        4.26426438360E+04
3.68400E+00        4.25392903079E+04
3.69000E+00        4.24362906712E+04
3.69600E+00        4.23336434623E+04
3.70200E+00        4.22313472236E+04
3.70800E+00        4.21294005039E+04
3.71400E+00        4.20278018579E+04
3.72000E+00        4.19265498467E+04
3.72600E+00        4.18256430372E+04
3.73200E+00        4.17250800027E+04
3.73800E+00        4.16248593223E+04
3.74400E+00        4.15249795815E+04
3.75000E+00        4.14254393715E+04
3.75600E+00        4.13262372899E+04
3.76200E+00        4.12273719399E+04
3.76800E+00        4.11288419312E+04
3.77400E+00        4.10306458790E+04
3.78000E+00        4.09327824049E+04
3.78600E+00        4.08352501360E+04
3.79200E+00        4.07380477058E+04
3.79800E+00        4.06411737535E+04
3.80400E+00        4.05446269241E+04
3.81000E+00        4.04484058686E+04
3.81600E+00        4.03525092438E+04
3.82200E+00        4.02569357126E+04
3.82800E+00        4.01616839433E+04
3.83400E+00        4.00667526103E+04
3.84000E+00        3.99721403938E+04
3.84600E+00        3.98778459797E+04
3.85200E+00        3.97838680596E+04
3.85800E+00        3.96902053308E+04
3.86400E+00        3.95968564966E+04
3.87000E+00        3.95038202657E+04
3.87600E+00        3.94110953525E+04
3.88200E+00        3.93186804773E+04
3.88800E+00        3.92265743657E+04
3.89400E+00        3.91347757493E+04
3.90000E+00        3.90432833649E+04
3.90600E+00        3.89520959552E+04
3.91200E+00        3.88612122683E+04
3.91800E+00        3.87706310579E+04
3.92400E+00        3.86803510833E+04
3.93000E+00        3.85903711090E+04
3.93600E+00        3.85006899053E+04
3.94200E+00        3.84113062478E+04
3.94800E+00        3.83222189177E+04
3.95400E+00        3.82334267014E+04
3.96000E+00        3.81449283909E+04
3.96600E+00        3.80567227834E+04
3.97200E+00        3.79688086817E+04
3.97800E+00        3.78811848937E+04
3.98400E+00        3.77938502328E+04
3.99000E+00        3.77068035175E+04
3.99600E+00        3.76200435719E+04
4.00200E+00        3.75335692250E+04
4.00800E+00        3.74473793112E+04
4.01400E+00        3.73614726703E+04
4.02000E+00        3.72758481470E+04
4.02600E+00        3.71905045913E+04
4.03200E+00        3.71054408584E+04
4.03800E+00        3.70206558085E+04
4.04400E+00        3.69361483073E+04
4.05000E+00        3.68519172250E+04
4.05600E+00        3.67679614374E+04
4.06200E+00        3.66842798251E+04
4.06800E+00        3.66008712737E+04
4.07400E+00        3.65177346741E+04
4.08000E+00        3.64348689218E+04
4.08600E+00        3.63522729177E+04
4.09200E+00        3.62699455672E+04
4.09800E+00        3.61878857810E+04
4.10400E+00        3.61060924745E+04
4.11000E+00        3.60245645681E+04
4.11600E+00        3.59433009872E+04
4.12200E+00        3.58623006616E+04
4.12800E+00        3.57815625265E+04
4.13400E+00        3.57010855216E+04
4.14000E+00        3.56208685913E+04
4.14600E+00        3.55409106850E+04
4.15200E+00        3.54612107568E+04
4.15800E+00        3.53817677654E+04
4.16400E+00        3.53025806744E+04
4.17000E+00        3.52236484519E+04
4.17600E+00        3.51449700708E+04
4.18200E+00        3.50665445086E+04
4.18800E+00        3.49883707475E+04
4.19400E+00        3.49104477743E+04
4.20000E+00        3.48327745802E+04
4.20600E+00        3.47553501612E+04
4.21200E+00        3.46781735177E+04
4.21800E+00        3.46012436549E+04
4.22400E+00        3.45245595821E+04
4.23000E+00        3.44481203134E+04
4.23600E+00        3.43719248673E+04
4.24200E+00        3.42959722666E+04
4.24800E+00        3.42202615388E+04
4.25400E+00        3.41447917157E+04
4.26000E+00        3.40695618333E+04
4.26600E+00        3.39945709322E+04
4.27200E+00        3.39198180574E+04
4.27800E+00        3.38453022580E+04
4.28400E+00        3.37710225875E+04
4.29000E+00        3.36969781040E+04
4.29600E+00        3.36231678693E+04
4.30200E+00        3.35495909500E+04
4.30800E+00        3.34762464167E+04
4.31400E+00        3.34031333440E+04
4.32000E+00        3.33302508112E+04
4.32600E+00        3.32575979014E+04
4.33200E+00        3.31851737020E+04
4.33800E+00        3.31129773045E+04
4.34400E+00        3.30410078045E+04
4.35000E+00        3.29692643018E+04
4.35600E+00        3.28977459002E+04
4.36200E+00        3.28264517077E+04
4.36800E+00        3.27553808361E+04
4.37400E+00        3.26845324014E+04
4.38000E+00        3.26139055238E+04
4.38600E+00        3.25434993270E+04
4.39200E+00        3.24733129392E+04
4.39800E+00        3.24033454922E+04
4.40400E+00        3.23335961218E+04
4.41000E+00        3.22640639679E+04
4.41600E+00        3.21947481742E+04
4.42200E+00        3.21256478882E+04
4.42800E+00        3.20567622613E+04
4.43400E+00        3.19880904488E+04
4.44000E+00        3.19196316098E+04
4.44600E+00        3.18513849073E+04
4.45200E+00        3.17833495080E+04
4.45800E+00        3.17155245823E+04
4.46400E+00        3.16479093046E+04
4.47000E+00        3.15805028528E+04
4.47600E+00        3.15133044086E+04
4.48200E+00        3.14463131574E+04
4.48800E+00        3.13795282884E+04
4.49400E+00        3.13129489944E+04
4.50000E+00        3.12465744718E+04
4.50600E+00        3.11804039207E+04
4.51200E+00        3.11144365447E+04
4.51800E+00        3.10486715513E+04
4.52400E+00        3.09831081512E+04
4.53000E+00        3.09177455589E+04
4.53600E+00        3.08525829925E+04
4.54200E+00        3.07876196735E+04
4.54800E+00        3.07228548269E+04
4.55400E+00        3.06582876813E+04
4.56000E+00        3.05939174688E+04
4.56600E+00        3.05297434248E+04
4.57200E+00        3.04657647885E+04
4.57800E+00        3.04019808020E+04
4.58400E+00        3.03383907114E+04
4.59000E+00        3.02749937658E+04
4.59600E+00        3.02117892178E+04
4.60200E+00        3.01487763235E+04
4.60800E+00        3.00859543421E+04
4.61400E+00        3.00233225363E+04
4.62000E+00        2.99608801722E+04
4.62600E+00        2.98986265191E+04
4.63200E+00        2.98365608496E+04
4.63800E+00        2.97746824394E+04
4.64400E+00        2.97129905679E+04
4.65000E+00        2.96514845173E+04
4.65600E+00        2.95901635732E+04
4.66200E+00        2.95290270246E+04
4.66800E+00        2.94680741633E+04
4.67400E+00        2.94073042846E+04
4.68000E+00        2.93467166869E+04
4.68600E+00        2.92863106717E+04
4.69200E+00        2.92260855436E+04
4.69800E+00        2.91660406104E+04
4.70400E+00        2.91061751831E+04
4.71000E+00        2.90464885754E+04
4.71600E+00        2.89869801046E+04
4.72200E+00        2.89276490907E+04
4.72800E+00        2.88684948569E+04
4.73400E+00        2.88095167293E+04
4.74000E+00        2.87507140372E+04
4.74600E+00        2.86920861128E+04
4.75200E+00        2.86336322912E+04
4.75800E+00        2.85753519107E+04
4.76400E+00        2.85172443123E+04
4.77000E+00        2.84593088402E+04
4.77600E+00        2.84015448413E+04
4.78200E+00        2.83439516655E+04
4.78800E+00        2.82865286658E+04
4.79400E+00        2.82292751977E+04
4.80000E+00        2.81721906199E+04
4.80600E+00        2.81152742938E+04
4.81200E+00        2.80585255838E+04
4.81800E+00        2.80019438568E+04
4.82400E+00        2.79455284830E+04
4.83000E+00        2.78892788350E+04
4.83600E+00        2.78331942883E+04
4.84200E+00        2.77772742213E+04
4.84800E+00        2.77215180151E+04
4.85400E+00        2.76659250535E+04
4.86000E+00        2.76104947231E+04
4.86600E+00        2.75552264131E+04
4.87200E+00        2.75001195156E+04
4.87800E+00        2.74451734253E+04
4.88400E+00        2.73903875395E+04
4.89000E+00        2.73357612584E+04
4.89600E+00        2.72812939846E+04
4.90200E+00        2.72269851235E+04
4.90800E+00        2.71728340832E+04
4.91400E+00        2.71188402741E+04
4.92000E+00        2.70650031097E+04
4.92600E+00        2.70113220056E+04
4.93200E+00        2.69577963803E+04
4.93800E+00        2.69044256548E+04
4.94400E+00        2.68512092525E+04
4.95000E+00        2.67981465996E+04
4.95600E+00        2.67452371248E+04
4.96200E+00        2.66924802590E+04
4.96800E+00        2.66398754359E+04
4.97400E+00        2.65874220917E+04
4.98000E+00        2.65351196650E+04
4.98600E+00        2.64829675969E+04
4.99200E+00        2.64309653309E+04
4.99800E+00        2.63791123130E+04
5.00400E+00        2.63274079916E+04
5.01000E+00        2.62758518177E+04
5.01600E+00        2.62244432443E+04
5.02200E+00        2.61731817273E+04
5.02800E+00        2.61220667247E+04
5.03400E+00        2.60710976968E+04
5.04000E+00        2.60202741066E+04
5.04600E+00        2.59695954190E+04
5.05200E+00        2.59190611017E+04
5.05800E+00        2.58686706245E+04
5.06400E+00        2.58184234594E+04
5.07000E+00        2.57683190809E+04
5.07600E+00        2.57183569658E+04
5.08200E+00        2.56685365931E+04
5.08800E+00        2.56188574441E+04
5.09400E+00        2.55693190024E+04
5.10000E+00        2.55199207538E+04
5.10600E+00        2.54706621863E+04
5.11200E+00        2.54215427903E+04
5.11800E+00        2.53725620582E+04
5.12400E+00        2.53237194848E+04
5.13000E+00        2.52750145670E+04
5.13600E+00        2.52264468040E+04
5.14200E+00        2.51780156969E+04
5.14800E+00        2.51297207492E+04
5.15400E+00        2.50815614666E+04
5.16000E+00        2.50335373567E+04
5.16600E+00        2.49856479296E+04
5.17200E+00        2.49378926971E+04
5.17800E+00        2.48902711735E+04
5.18400E+00        2.48427828749E+04
5.19000E+00        2.47954273197E+04
5.19600E+00        2.47482040282E+04
5.20200E+00        2.47011125230E+04
5.20800E+00        2.46541523286E+04
5.21400E+00        2.46073229716E+04
5.22000E+00        2.45606239806E+04
5.22600E+00        2.45140548863E+04
5.23200E+00        2.44676152214E+04
5.23800E+00        2.44213045207E+04
5.24400E+00        2.43751223208E+04
5.25000E+00        2.43290681604E+04
5.25600E+00        2.42831415802E+04
5.26200E+00        2.42373421229E+04
5.26800E+00        2.41916693332E+04
5.27400E+00        2.41461227576E+04
5.28000E+00        2.41007019447E+04
5.28600E+00        2.40554064449E+04
5.29200E+00        2.40102358106E+04
5.29800E+00        2.39651895962E+04
5.30400E+00        2.39202673579E+04
5.31000E+00        2.38754686539E+04
5.31600E+00        2.38307930440E+04
5.32200E+00        2.37862400903E+04
5.32800E+00        2.37418093565E+04
5.33400E+00        2.36975004083E+04
5.34000E+00        2.36533128132E+04
5.34600E+00        2.36092461404E+04
5.35200E+00        2.35652999611E+04
5.35800E+00        2.35214738485E+04
5.36400E+00        2.34777673772E+04
5.37000E+00        2.34341801239E+04
5.37600E+00        2.33907116671E+04
5.38200E+00        2.33473615870E+04
5.38800E+00        2.33041294655E+04
5.39400E+00        2.32610148865E+04
5.40000E+00        2.32180174356E+04
5.40600E+00        2.31751366999E+04
5.41200E+00        2.31323722687E+04
5.41800E+00        2.30897237327E+04
5.42400E+00        2.30471906843E+04
5.43000E+00        2.30047727180E+04
5.43600E+00        2.29624694297E+04
5.44200E+00        2.29202804169E+04
5.44800E+00        2.28782052793E+04
5.45400E+00        2.28362436177E+04
5.46000E+00        2.27943950350E+04
5.46600E+00        2.27526591357E+04
5.47200E+00        2.27110355257E+04
5.47800E+00        2.26695238129E+04
5.48400E+00        2.26281236068E+04
5.49000E+00        2.25868345182E+04
5.49600E+00        2.25456561601E+04
5.50200E+00        2.25045881466E+04
5.50800E+00        2.24636300937E+04
5.51400E+00        2.24227816190E+04
5.52000E+00        2.23820423416E+04
5.52600E+00        2.23414118824E+04
5.53200E+00        2.23008898636E+04
5.53800E+00        2.22604759091E+04
5.54400E+00        2.22201696445E+04
5.55000E+00        2.21799706969E+04
5.55600E+00        2.21398786949E+04
5.56200E+00        2.20998932686E+04
5.56800E+00        2.20600140498E+04
5.57400E+00        2.20202406718E+04
5.58000E+00        2.19805727693E+04
5.58600E+00        2.19410099787E+04
5.59200E+00        2.19015519378E+04
5.59800E+00        2.18621982859E+04
5.60400E+00        2.18229486639E+04
5.61000E+00        2.17838027142E+04
5.61600E+00        2.17447600804E+04
5.62200E+00        2.17058204080E+04
5.62800E+00        2.16669833437E+04
5.63400E+00        2.16282485358E+04
5.64000E+00        2.15896156339E+04
5.64600E+00        2.15510842892E+04
5.65200E+00        2.15126541543E+04
5.65800E+00        2.14743248832E+04
5.66400E+00        2.14360961314E+04
5.67000E+00        2.13979675557E+04
5.67600E+00        2.13599388146E+04
5.68200E+00        2.13220095676E+04
5.68800E+00        2.12841794760E+04
5.69400E+00        2.12464482022E+04
5.70000E+00        2.12088154101E+04
5.70600E+00        2.11712807651E+04
5.71200E+00        2.11338439338E+04
5.71800E+00        2.10965045842E+04
5.72400E+00        2.10592623858E+04
5.73000E+00        2.10221170093E+04
5.73600E+00        2.09850681268E+04
5.74200E+00        2.09481154119E+04
5.74800E+00        2.09112585392E+04
5.75400E+00        2.08744971850E+04
5.76000E+00        2.08378310267E+04
5.76600E+00        2.08012597431E+04
5.77200E+00        2.07647830142E+04
5.77800E+00        2.07284005215E+04
5.78400E+00        2.06921119478E+04
5.79000E+00        2.06559169769E+04
5.79600E+00        2.06198152942E+04
5.80200E+00        2.05838065862E+04
5.80800E+00        2.05478905409E+04
5.81400E+00        2.05120668473E+04
5.82000E+00        2.04763351958E+04
5.82600E+00        2.04406952781E+04
5.83200E+00        2.04051467871E+04
5.83800E+00        2.03696894169E+04
5.84400E+00        2.03343228630E+04
5.85000E+00        2.02990468219E+04
5.85600E+00        2.02638609915E+04
5.86200E+00        2.02287650710E+04
5.86800E+00        2.01937587605E+04
5.87400E+00        2.01588417617E+04
5.88000E+00        2.01240137772E+04
5.88600E+00        2.00892745110E+04
5.89200E+00        2.00546236681E+04
5.89800E+00        2.00200609550E+04
5.90400E+00        1.99855860792E+04
5.91000E+00        1.99511987492E+04
5.91600E+00        1.99168986750E+04
5.92200E+00        1.98826855675E+04
5.92800E+00        1.98485591390E+04
5.93400E+00        1.98145191028E+04
5.94000E+00        1.97805651734E+04
5.94600E+00        1.97466970665E+04
5.95200E+00        1.97129144987E+04
5.95800E+00        1.96792171882E+04
5.96400E+00        1.96456048538E+04
5.97000E+00        1.96120772158E+04
5.97600E+00        1.95786339955E+04
5.98200E+00        1.95452749153E+04
5.98800E+00        1.95119996988E+04
5.99400E+00        1.94788080705E+04
6.00000E+00        1.94456997562E+04
6.00600E+00        1.94126744827E+04
6.01200E+00        1.93797319780E+04
6.01800E+00        1.93468719710E+04
6.02400E+00        1.93140941919E+04
6.03000E+00        1.92813983717E+04
6.03600E+00        1.92487842428E+04
6.04200E+00        1.92162515384E+04
6.04800E+00        1.91837999928E+04
6.05400E+00        1.91514293415E+04
6.06000E+00        1.91191393210E+04
6.06600E+00        1.90869296687E+04
6.07200E+00        1.90548001231E+04
6.07800E+00        1.90227504240E+04
6.08400E+00        1.89907803118E+04
6.09000E+00        1.89588895283E+04
6.09600E+00        1.89270778160E+04
6.10200E+00        1.88953449188E+04
6.10800E+00        1.88636905812E+04
6.11400E+00        1.88321145489E+04
6.12000E+00        1.88006165687E+04
6.12600E+00        1.87691963883E+04
6.13200E+00        1.87378537564E+04
6.13800E+00        1.87065884226E+04
6.14400E+00        1.86754001377E+04
6.15000E+00        1.86442886532E+04
6.15600E+00        1.86132537219E+04
6.16200E+00        1.85822950973E+04
6.16800E+00        1.85514125339E+04
6.17400E+00        1.85206057874E+04
6.18000E+00        1.84898746141E+04
6.18600E+00        1.84592187716E+04
6.19200E+00        1.84286380183E+04
6.19800E+00        1.83981321134E+04
6.20400E+00        1.83677008173E+04
6.21000E+00        1.83373438911E+04
6.21600E+00        1.83070610971E+04
6.22200E+00        1.82768521983E+04
6.22800E+00        1.82467169587E+04
6.23400E+00        1.82166551432E+04
6.24000E+00        1.81866665176E+04
6.24600E+00        1.81567508488E+04
6.25200E+00        1.81269079044E+04
6.25800E+00        1.80971374528E+04
6.26400E+00        1.80674392637E+04
6.27000E+00        1.80378131073E+04
6.27600E+00        1.80082587549E+04
6.28200E+00        1.79787759786E+04
6.28800E+00        1.79493645515E+04
6.29400E+00        1.79200242474E+04
6.30000E+00        1.78907548411E+04
6.30600E+00        1.78615561083E+04
6.31200E+00        1.78324278254E+04
6.31800E+00        1.78033697699E+04
6.32400E+00        1.77743817199E+04
6.33000E+00        1.77454634546E+04
6.33600E+00        1.77166147539E+04
6.34200E+00        1.76878353986E+04
6.34800E+00        1.76591251703E+04
6.35400E+00        1.76304838515E+04
6.36000E+00        1.76019112255E+04
6.36600E+00        1.75734070764E+04
6.37200E+00        1.75449711893E+04
6.37800E+00        1.75166033499E+04
6.38400E+00        1.74883033448E+04
6.39000E+00        1.74600709615E+04
6.39600E+00        1.74319059883E+04
6.40200E+00        1.74038082141E+04
6.40800E+00        1.73757774289E+04
6.41400E+00        1.73478134234E+04
6.42000E+00        1.73199159890E+04
6.42600E+00        1.72920849179E+04
6.43200E+00        1.72643200033E+04
6.43800E+00        1.72366210390E+04
6.44400E+00        1.72089878197E+04
6.45000E+00        1.71814201407E+04
6.45600E+00        1.71539177983E+04
6.46200E+00        1.71264805895E+04
6.46800E+00        1.70991083119E+04
6.47400E+00        1.70718007641E+04
6.48000E+00        1.70445577454E+04
6.48600E+00        1.70173790559E+04
6.49200E+00        1.69902644963E+04
6.49800E+00        1.69632138682E+04
6.50400E+00        1.69362269739E+04
6.51000E+00        1.69093036165E+04
6.51600E+00        1.68824435997E+04
6.52200E+00        1.68556467281E+04
6.52800E+00        1.68289128071E+04
6.53400E+00        1.68022416425E+04
6.54000E+00        1.67756330412E+04
6.54600E+00        1.67490868107E+04
6.55200E+00        1.67226027590E+04
6.55800E+00        1.66961806953E+04
6.56400E+00        1.66698204291E+04
6.57000E+00        1.66435217707E+04
6.57600E+00        1.66172845313E+04
6.58200E+00        1.65911085227E+04
6.58800E+00        1.65649935573E+04
6.59400E+00        1.65389394483E+04
6.60000E+00        1.65129460096E+04
6.60600E+00        1.64870130559E+04
6.61200E+00        1.64611404023E+04
6.61800E+00        1.64353278649E+04
6.62400E+00        1.64095752604E+04
6.63000E+00        1.63838824061E+04
6.63600E+00        1.63582491200E+04
6.64200E+00        1.63326752209E+04
6.64800E+00        1.63071605281E+04
6.65400E+00        1.62817048617E+04
6.66000E+00        1.62563080425E+04
6.66600E+00        1.62309698917E+04
6.67200E+00        1.62056902316E+04
6.67800E+00        1.61804688848E+04
6.68400E+00        1.61553056748E+04
6.69000E+00        1.61302004255E+04
6.69600E+00        1.61051529616E+04
6.70200E+00        1.60801631086E+04
6.70800E+00        1.60552306923E+04
6.71400E+00        1.60303555395E+04
6.72000E+00        1.60055374774E+04
6.72600E+00        1.59807763340E+04
6.73200E+00        1.59560719377E+04
6.73800E+00        1.59314241178E+04
6.74400E+00        1.59068327040E+04
6.75000E+00        1.58822975270E+04
6.75600E+00        1.58578184176E+04
6.76200E+00        1.58333952076E+04
6.76800E+00        1.58090277294E+04
6.77400E+00        1.57847158158E+04
6.78000E+00        1.57604593005E+04
6.78600E+00        1.57362580174E+04
6.79200E+00        1.57121118016E+04
6.79800E+00        1.56880204882E+04
6.80400E+00        1.56639839133E+04
6.81000E+00        1.56400019135E+04
6.81600E+00        1.56160743259E+04
6.82200E+00        1.55922009884E+04
6.82800E+00        1.55683817392E+04
6.83400E+00        1.55446164174E+04
6.84000E+00        1.55209048625E+04
6.84600E+00        1.54972469146E+04
6.85200E+00        1.54736424145E+04
6.85800E+00        1.54500912034E+04
6.86400E+00        1.54265931233E+04
6.87000E+00        1.54031480166E+04
6.87600E+00        1.53797557263E+04
6.88200E+00        1.53564160960E+04
6.88800E+00        1.53331289699E+04
6.89400E+00        1.53098941927E+04
6.90000E+00        1.52867116097E+04
6.90600E+00        1.52635810669E+04
6.91200E+00        1.52405024105E+04
6.91800E+00        1.52174754877E+04
6.92400E+00        1.51945001458E+04
6.93000E+00        1.51715762330E+04
6.93600E+00        1.51487035980E+04
6.94200E+00        1.51258820899E+04
6.94800E+00        1.51031115584E+04
6.95400E+00        1.50803918538E+04
6.96000E+00        1.50577228270E+04
6.96600E+00        1.50351043292E+04
6.97200E+00        1.50125362124E+04
6.97800E+00        1.49900183289E+04
6.98400E+00        1.49675505317E+04
6.99000E+00        1.49451326743E+04
6.99600E+00        1.49227646107E+04
7.00200E+00        1.49004461955E+04
7.00800E+00        1.48781772836E+04
7.01400E+00        1.48559577306E+04
7.02000E+00        1.48337873927E+04
7.02600E+00        1.48116661264E+04
7.03200E+00        1.47895937889E+04
7.03800E+00        1.47675702378E+04
7.04400E+00        1.47455953312E+04
7.05000E+00        1.47236689277E+04
7.05600E+00        1.47017908866E+04
7.06200E+00        1.46799610675E+04
7.06800E+00        1.46581793305E+04
7.07400E+00        1.46364455364E+04
7.08000E+00        1.46147595461E+04
7.08600E+00        1.45931212215E+04
7.09200E+00        1.45715304245E+04
7.09800E+00        1.45499870180E+04
7.10400E+00        1.45284908649E+04
7.11000E+00        1.45070418289E+04
7.11600E+00        1.44856397740E+04
7.12200E+00        1.44642845649E+04
7.12800E+00        1.44429760666E+04
7.13400E+00        1.44217141446E+04
7.14000E+00        1.44004986649E+04
7.14600E+00        1.43793294941E+04
7.15200E+00        1.43582064989E+04
7.15800E+00        1.43371295470E+04
7.16400E+00        1.43160985061E+04
7.17000E+00        1.42951132447E+04
7.17600E+00        1.42741736315E+04
7.18200E+00        1.42532795358E+04
7.18800E+00        1.42324308274E+04
7.19400E+00        1.42116273765E+04
7.20000E+00        1.41908690537E+04
7.20600E+00        1.41701557302E+04
7.21200E+00        1.41494872775E+04
7.21800E+00        1.41288635676E+04
7.22400E+00        1.41082844731E+04
7.23000E+00        1.40877498668E+04
7.23600E+00        1.40672596221E+04
7.24200E+00        1.40468136127E+04
7.24800E+00        1.40264117131E+04
7.25400E+00        1.40060537977E+04
7.26000E+00        1.39857397418E+04
7.26600E+00        1.39654694210E+04
7.27200E+00        1.39452427112E+04
7.27800E+00        1.39250594888E+04
7.28400E+00        1.39049196307E+04
7.29000E+00        1.38848230143E+04
7.29600E+00        1.38647695171E+04
7.30200E+00        1.38447590175E+04
7.30800E+00        1.38247913939E+04
7.31400E+00        1.38048665253E+04
7.32000E+00        1.37849842911E+04
7.32600E+00        1.37651445713E+04
7.33200E+00        1.37453472459E+04
7.33800E+00        1.37255921958E+04
7.34400E+00        1.37058793019E+04
7.35000E+00        1.36862084457E+04
7.35600E+00        1.36665795092E+04
7.36200E+00        1.36469923747E+04
7.36800E+00        1.36274469249E+04
7.37400E+00        1.36079430428E+04
7.38000E+00        1.35884806121E+04
7.38600E+00        1.35690595166E+04
7.39200E+00        1.35496796407E+04
7.39800E+00        1.35303408691E+04
7.40400E+00        1.35110430870E+04
7.41000E+00        1.34917861798E+04
7.41600E+00        1.34725700334E+04
7.42200E+00        1.34533945342E+04
7.42800E+00        1.34342595689E+04
7.43400E+00        1.34151650246E+04
7.44000E+00        1.33961107886E+04
7.44600E+00        1.33770967490E+04
7.45200E+00        1.33581227939E+04
7.45800E+00        1.33391888119E+04
7.46400E+00        1.33202946921E+04
7.47000E+00        1.33014403239E+04
7.47600E+00        1.32826255970E+04
7.48200E+00        1.32638504015E+04
7.48800E+00        1.32451146281E+04
7.49400E+00        1.32264181675E+04
7.50000E+00        1.32077609111E+04
7.50600E+00        1.31891427504E+04
7.51200E+00        1.31705635775E+04
7.51800E+00        1.31520232848E+04
7.52400E+00        1.31335217650E+04
7.53000E+00        1.31150589112E+04
7.53600E+00        1.30966346169E+04
7.54200E+00        1.30782487758E+04
7.54800E+00        1.30599012823E+04
7.55400E+00        1.30415920308E+04
7.56000E+00        1.30233209162E+04
7.56600E+00        1.30050878339E+04
7.57200E+00        1.29868926794E+04
7.57800E+00        1.29687353487E+04
7.58400E+00        1.29506157381E+04
7.59000E+00        1.29325337443E+04
7.59600E+00        1.29144892644E+04
7.60200E+00        1.28964821956E+04
7.60800E+00        1.28785124357E+04
7.61400E+00        1.28605798829E+04
7.62000E+00        1.28426844353E+04
7.62600E+00        1.28248259920E+04
7.63200E+00        1.28070044518E+04
7.63800E+00        1.27892197143E+04
7.64400E+00        1.27714716792E+04
7.65000E+00        1.27537602465E+04
7.65600E+00        1.27360853169E+04
7.66200E+00        1.27184467910E+04
7.66800E+00        1.27008445699E+04
7.67400E+00        1.26832785550E+04
7.68000E+00        1.26657486482E+04
7.68600E+00        1.26482547516E+04
7.69200E+00        1.26307967675E+04
7.69800E+00        1.26133745986E+04
7.70400E+00        1.25959881482E+04
7.71000E+00        1.25786373196E+04
7.71600E+00        1.25613220164E+04
7.72200E+00        1.25440421428E+04
7.72800E+00        1.25267976031E+04
7.73400E+00        1.25095883020E+04
7.74000E+00        1.24924141445E+04
7.74600E+00        1.24752750358E+04
7.75200E+00        1.24581708817E+04
7.75800E+00        1.24411015881E+04
7.76400E+00        1.24240670612E+04
7.77000E+00        1.24070672076E+04
7.77600E+00        1.23901019342E+04
7.78200E+00        1.23731711481E+04
7.78800E+00        1.23562747569E+04
7.79400E+00        1.23394126683E+04
7.80000E+00        1.23225847905E+04
7.80600E+00        1.23057910319E+04
7.81200E+00        1.22890313011E+04
7.81800E+00        1.22723055072E+04
7.82400E+00        1.22556135595E+04
7.83000E+00        1.22389553676E+04
7.83600E+00        1.22223308415E+04
7.84200E+00        1.22057398913E+04
7.84800E+00        1.21891824275E+04
7.85400E+00        1.21726583609E+04
7.86000E+00        1.21561676027E+04
7.86600E+00        1.21397100642E+04
7.87200E+00        1.21232856571E+04
7.87800E+00        1.21068942933E+04
7.88400E+00        1.20905358851E+04
7.89000E+00        1.20742103451E+04
7.89600E+00        1.20579175860E+04
7.90200E+00        1.20416575210E+04
7.90800E+00        1.20254300635E+04
7.91400E+00        1.20092351272E+04
7.92000E+00        1.19930726260E+04
7.92600E+00        1.19769424742E+04
7.93200E+00        1.19608445863E+04
7.93800E+00        1.19447788771E+04
7.94400E+00        1.19287452617E+04
7.95000E+00        1.19127436554E+04
7.95600E+00        1.18967739739E+04
7.96200E+00        1.18808361331E+04
7.96800E+00        1.18649300492E+04
7.97400E+00        1.18490556386E+04
7.98000E+00        1.18332128180E+04
7.98600E+00        1.18174015046E+04
7.99200E+00        1.18016216154E+04
7.99800E+00        1.17858730681E+04
8.00400E+00        1.17701557805E+04
8.01000E+00        1.17544696705E+04
8.01600E+00        1.17388146567E+04
8.02200E+00        1.17231906575E+04
8.02800E+00        1.17075975919E+04
8.03400E+00        1.16920353789E+04
8.04000E+00        1.16765039379E+04
8.04600E+00        1.16610031886E+04
8.05200E+00        1.16455330510E+04
8.05800E+00        1.16300934450E+04
8.06400E+00        1.16146842913E+04
8.07000E+00        1.15993055104E+04
8.07600E+00        1.15839570233E+04
8.08200E+00        1.15686387512E+04
8.08800E+00        1.15533506155E+04
8.09400E+00        1.15380925379E+04
8.10000E+00        1.15228644403E+04
8.10600E+00        1.15076662451E+04
8.11200E+00        1.14924978745E+04
8.11800E+00        1.14773592513E+04
8.12400E+00        1.14622502984E+04
8.13000E+00        1.14471709391E+04
8.13600E+00        1.14321210967E+04
8.14200E+00        1.14171006950E+04
8.14800E+00        1.14021096578E+04
8.15400E+00        1.13871479093E+04
8.16000E+00        1.13722153740E+04
8.16600E+00        1.13573119764E+04
8.17200E+00        1.13424376416E+04
8.17800E+00        1.13275922945E+04
8.18400E+00        1.13127758606E+04
8.19000E+00        1.12979882655E+04
8.19600E+00        1.12832294350E+04
8.20200E+00        1.12684992952E+04
8.20800E+00        1.12537977724E+04
8.21400E+00        1.12391247932E+04
8.22000E+00        1.12244802843E+04
8.22600E+00        1.12098641727E+04
8.23200E+00        1.11952763857E+04
8.23800E+00        1.11807168509E+04
8.24400E+00        1.11661854957E+04
8.25000E+00        1.11516822483E+04
8.25600E+00        1.11372070368E+04
8.26200E+00        1.11227597895E+04
8.26800E+00        1.11083404351E+04
8.27400E+00        1.10939489023E+04
8.28000E+00        1.10795851204E+04
8.28600E+00        1.10652490185E+04
8.29200E+00        1.10509405262E+04
8.29800E+00        1.10366595731E+04
8.30400E+00        1.10224060894E+04
8.31000E+00        1.10081800050E+04
8.31600E+00        1.09939812505E+04
8.32200E+00        1.09798097565E+04
8.32800E+00        1.09656654537E+04
8.33400E+00        1.09515482732E+04
8.34000E+00        1.09374581463E+04
8.34600E+00        1.09233950044E+04
8.35200E+00        1.09093587793E+04
8.35800E+00        1.08953494029E+04
8.36400E+00        1.08813668072E+04
8.37000E+00        1.08674109247E+04
8.37600E+00        1.08534816878E+04
8.38200E+00        1.08395790294E+04
8.38800E+00        1.08257028823E+04
8.39400E+00        1.08118531798E+04
8.40000E+00        1.07980298552E+04
8.40600E+00        1.07842328422E+04
8.41200E+00        1.07704620745E+04
8.41800E+00        1.07567174861E+04
8.42400E+00        1.07429990113E+04
8.43000E+00        1.07293065845E+04
8.43600E+00        1.07156401402E+04
8.44200E+00        1.07019996133E+04
8.44800E+00        1.06883849389E+04
8.45400E+00        1.06747960521E+04
8.46000E+00        1.06612328883E+04
8.46600E+00        1.06476953833E+04
8.47200E+00        1.06341834728E+04
8.47800E+00        1.06206970929E+04
8.48400E+00        1.06072361797E+04
8.49000E+00        1.05938006697E+04
8.49600E+00        1.05803904995E+04
8.50200E+00        1.05670056060E+04
8.50800E+00        1.05536459261E+04
8.51400E+00        1.05403113970E+04
8.52000E+00        1.05270019561E+04
8.52600E+00        1.05137175410E+04
8.53200E+00        1.05004580896E+04
8.53800E+00        1.04872235396E+04
8.54400E+00        1.04740138294E+04
8.55000E+00        1.04608288973E+04
8.55600E+00        1.04476686818E+04
8.56200E+00        1.04345331217E+04
8.56800E+00        1.04214221558E+04
8.57400E+00        1.04083357233E+04
8.58000E+00        1.03952737634E+04
8.58600E+00        1.03822362157E+04
8.59200E+00        1.03692230198E+04
8.59800E+00        1.03562341156E+04
8.60400E+00        1.03432694430E+04
8.61000E+00        1.03303289424E+04
8.61600E+00        1.03174125540E+04
8.62200E+00        1.03045202185E+04
8.62800E+00        1.02916518767E+04
8.63400E+00        1.02788074694E+04
8.64000E+00        1.02659869379E+04
8.64600E+00        1.02531902233E+04
8.65200E+00        1.02404172673E+04
8.65800E+00        1.02276680114E+04
8.66400E+00        1.02149423974E+04
8.67000E+00        1.02022403675E+04
8.67600E+00        1.01895618638E+04
8.68200E+00        1.01769068286E+04
8.68800E+00        1.01642752044E+04
8.69400E+00        1.01516669341E+04
8.70000E+00        1.01390819605E+04
8.70600E+00        1.01265202266E+04
8.71200E+00        1.01139816757E+04
8.71800E+00        1.01014662512E+04
8.72400E+00        1.00889738966E+04
8.73000E+00        1.00765045558E+04
8.73600E+00        1.00640581725E+04
8.74200E+00        1.00516346910E+04
8.74800E+00        1.00392340554E+04
8.75400E+00        1.00268562102E+04
8.76000E+00        1.00145010999E+04
8.76600E+00        1.00021686694E+04
8.77200E+00        9.98985886356E+03
8.77800E+00        9.97757162743E+03
8.78400E+00        9.96530690628E+03
8.79000E+00        9.95306464554E+03
8.79600E+00        9.94084479078E+03
8.80200E+00        9.92864728775E+03
8.80800E+00        9.91647208237E+03
8.81400E+00        9.90431912069E+03
8.82000E+00        9.89218834895E+03
8.82600E+00        9.88007971354E+03
8.83200E+00        9.86799316102E+03
8.83800E+00        9.85592863809E+03
8.84400E+00        9.84388609164E+03
8.85000E+00        9.83186546868E+03
8.85600E+00        9.81986671642E+03
8.86200E+00        9.80788978219E+03
8.86800E+00        9.79593461350E+03
8.87400E+00        9.78400115801E+03
8.88000E+00        9.77208936354E+03
8.88600E+00        9.76019917806E+03
8.89200E+00        9.74833054969E+03
8.89800E+00        9.73648342672E+03
8.90400E+00        9.72465775757E+03
8.91000E+00        9.71285349085E+03
8.91600E+00        9.70107057528E+03
8.92200E+00        9.68930895976E+03
8.92800E+00        9.67756859333E+03
8.93400E+00        9.66584942520E+03
8.94000E+00        9.65415140470E+03
8.94600E+00        9.64247448134E+03
8.95200E+00        9.63081860474E+03
8.95800E+00        9.61918372472E+03
8.96400E+00        9.60756979122E+03
8.97000E+00        9.59597675432E+03
8.97600E+00        9.58440456426E+03
8.98200E+00        9.57285317142E+03
8.98800E+00        9.56132252635E+03
8.99400E+00        9.54981257970E+03
9.00000E+00        9.53832328232E+03
9.00600E+00        9.52685458516E+03
9.01200E+00        9.51540643933E+03
9.01800E+00        9.50397879610E+03
9.02400E+00        9.49257160686E+03
9.03000E+00        9.48118482315E+03
9.03600E+00        9.46981839665E+03
9.04200E+00        9.45847227919E+03
9.04800E+00        9.44714642274E+03
9.05400E+00        9.43584077940E+03
9.06000E+00        9.42455530143E+03
9.06600E+00        9.41328994121E+03
9.07200E+00        9.40204465127E+03
9.07800E+00        9.39081938427E+03
9.08400E+00        9.37961409302E+03
9.09000E+00        9.36842873046E+03
9.09600E+00        9.35726324967E+03
9.10200E+00        9.34611760386E+03
9.10800E+00        9.33499174640E+03
9.11400E+00        9.32388563077E+03
9.12000E+00        9.31279921060E+03
9.12600E+00        9.30173243964E+03
9.13200E+00        9.29068527179E+03
9.13800E+00        9.27965766107E+03
9.14400E+00        9.26864956166E+03
9.15000E+00        9.25766092784E+03
9.15600E+00        9.24669171405E+03
9.16200E+00        9.23574187484E+03
9.16800E+00        9.22481136491E+03
9.17400E+00        9.21390013908E+03
9.18000E+00        9.20300815231E+03
9.18600E+00        9.19213535967E+03
9.19200E+00        9.18128171639E+03
9.19800E+00        9.17044717782E+03
9.20400E+00        9.15963169941E+03
9.21000E+00        9.14883523679E+03
9.21600E+00        9.13805774567E+03
9.22200E+00        9.12729918192E+03
9.22800E+00        9.11655950152E+03
9.23400E+00        9.10583866059E+03
9.24000E+00        9.09513661536E+03
9.24600E+00        9.08445332220E+03
9.25200E+00        9.07378873760E+03
9.25800E+00        9.06314281818E+03
9.26400E+00        9.05251552068E+03
9.27000E+00        9.04190680197E+03
9.27600E+00        9.03131661902E+03
9.28200E+00        9.02074492897E+03
9.28800E+00        9.01019168904E+03
9.29400E+00        8.99965685658E+03
9.30000E+00        8.98914038909E+03
9.30600E+00        8.97864224416E+03
9.31200E+00        8.96816237953E+03
9.31800E+00        8.95770075302E+03
9.32400E+00        8.94725732262E+03
9.33000E+00        8.93683204639E+03
9.33600E+00        8.92642488256E+03
9.34200E+00        8.91603578945E+03
9.34800E+00        8.90566472549E+03
9.35400E+00        8.89531164925E+03
9.36000E+00        8.88497651942E+03
9.36600E+00        8.87465929479E+03
9.37200E+00        8.86435993427E+03
9.37800E+00        8.85407839690E+03
9.38400E+00        8.84381464183E+03
9.39000E+00        8.83356862832E+03
9.39600E+00        8.82334031575E+03
9.40200E+00        8.81312966362E+03
9.40800E+00        8.80293663154E+03
9.41400E+00        8.79276117925E+03
9.42000E+00        8.78260326656E+03
9.42600E+00        8.77246285345E+03
9.43200E+00        8.76233989998E+03
9.43800E+00        8.75223436633E+03
9.44400E+00        8.74214621279E+03
9.45000E+00        8.73207539976E+03
9.45600E+00        8.72202188777E+03
9.46200E+00        8.71198563745E+03
9.46800E+00        8.70196660953E+03
9.47400E+00        8.69196476486E+03
9.48000E+00        8.68198006441E+03
9.48600E+00        8.67201246925E+03
9.49200E+00        8.66206194055E+03
9.49800E+00        8.65212843961E+03
9.50400E+00        8.64221192783E+03
9.51000E+00        8.63231236672E+03
9.51600E+00        8.62242971789E+03
9.52200E+00        8.61256394306E+03
9.52800E+00        8.60271500407E+03
9.53400E+00        8.59288286285E+03
9.54000E+00        8.58306748145E+03
9.54600E+00        8.57326882203E+03
9.55200E+00        8.56348684684E+03
9.55800E+00        8.55372151824E+03
9.56400E+00        8.54397279870E+03
9.57000E+00        8.53424065079E+03
9.57600E+00        8.52452503721E+03
9.58200E+00        8.51482592072E+03
9.58800E+00        8.50514326421E+03
9.59400E+00        8.49547703068E+03
9.60000E+00        8.48582718321E+03
9.60600E+00        8.47619368502E+03
9.61200E+00        8.46657649938E+03
9.61800E+00        8.45697558971E+03
9.62400E+00        8.44739091951E+03
9.63000E+00        8.43782245238E+03
9.63600E+00        8.42827015204E+03
9.64200E+00        8.41873398228E+03
9.64800E+00        8.40921390701E+03
9.65400E+00        8.39970989025E+03
9.66000E+00        8.39022189610E+03
9.66600E+00        8.38074988876E+03
9.67200E+00        8.37129383255E+03
9.67800E+00        8.36185369187E+03
9.68400E+00        8.35242943122E+03
9.69000E+00        8.34302101521E+03
9.69600E+00        8.33362840853E+03
9.70200E+00        8.32425157599E+03
9.70800E+00        8.31489048248E+03
9.71400E+00        8.30554509299E+03
9.72000E+00        8.29621537261E+03
9.72600E+00        8.28690128653E+03
9.73200E+00        8.27760280002E+03
9.73800E+00        8.26831987847E+03
9.74400E+00        8.25905248734E+03
9.75000E+00        8.24980059221E+03
9.75600E+00        8.24056415873E+03
9.76200E+00        8.23134315267E+03
9.76800E+00        8.22213753986E+03
9.77400E+00        8.21294728627E+03
9.78000E+00        8.20377235792E+03
9.78600E+00        8.19461272095E+03
9.79200E+00        8.18546834158E+03
9.79800E+00        8.17633918613E+03
9.80400E+00        8.16722522100E+03
9.81000E+00        8.15812641271E+03
9.81600E+00        8.14904272783E+03
9.82200E+00        8.13997413307E+03
9.82800E+00        8.13092059518E+03
9.83400E+00        8.12188208104E+03
9.84000E+00        8.11285855761E+03
9.84600E+00        8.10384999193E+03
9.85200E+00        8.09485635114E+03
9.85800E+00        8.08587760247E+03
9.86400E+00        8.07691371322E+03
9.87000E+00        8.06796465082E+03
9.87600E+00        8.05903038274E+03
9.88200E+00        8.05011087658E+03
9.88800E+00        8.04120610000E+03
9.89400E+00        8.03231602076E+03
9.90000E+00        8.02344060672E+03
9.90600E+00        8.01457982579E+03
9.91200E+00        8.00573364601E+03
9.91800E+00        7.99690203547E+03
9.92400E+00        7.98808496238E+03
9.93000E+00        7.97928239501E+03
9.93600E+00        7.97049430174E+03
9.94200E+00        7.96172065100E+03
9.94800E+00        7.95296141134E+03
9.95400E+00        7.94421655138E+03
9.96000E+00        7.93548603983E+03
9.96600E+00        7.92676984548E+03
9.97200E+00        7.91806793720E+03
9.97800E+00        7.90938028396E+03
9.98400E+00        7.90070685480E+03
9.99000E+00        7.89204761884E+03
9.99600E+00        7.88340254530E+03
1.00020E+01        7.87477160346E+03
1.00080E+01        7.86615476272E+03
1.00140E+01        7.85755199251E+03
1.00200E+01        7.84896326239E+03
1.00260E+01        7.84038854198E+03
1.00320E+01        7.83182780098E+03
1.00380E+01        7.82328100917E+03
1.00440E+01        7.81474813643E+03
1.00500E+01        7.80622915269E+03
1.00560E+01        7.79772402800E+03
1.00620E+01        7.78923273245E+03
1.00680E+01        7.78075523623E+03
1.00740E+01        7.77229150962E+03
1.00800E+01        7.76384152296E+03
1.00860E+01        7.75540524668E+03
1.00920E+01        7.74698265128E+03
1.00980E+01        7.73857370735E+03
1.01040E+01        7.73017838556E+03
1.01100E+01        7.72179665664E+03
1.01160E+01        7.71342849141E+03
1.01220E+01        7.70507386078E+03
1.01280E+01        7.69673273571E+03
1.01340E+01        7.68840508726E+03
1.01400E+01        7.68009088656E+03
1.01460E+01        7.67179010482E+03
1.01520E+01        7.66350271332E+03
1.01580E+01        7.65522868342E+03
1.01640E+01        7.64696798655E+03
1.01700E+01        7.63872059422E+03
1.01760E+01        7.63048647803E+03
1.01820E+01        7.62226560964E+03
1.01880E+01        7.61405796077E+03
1.01940E+01        7.60586350326E+03
1.02000E+01        7.59768220897E+03
1.02060E+01        7.58951404988E+03
1.02120E+01        7.58135899801E+03
1.02180E+01        7.57321702549E+03
1.02240E+01        7.56508810448E+03
1.02300E+01        7.55697220726E+03
1.02360E+01        7.54886930614E+03
1.02420E+01        7.54077937354E+03
1.02480E+01        7.53270238193E+03
1.02540E+01        7.52463830385E+03
1.02600E+01        7.51658711193E+03
1.02660E+01        7.50854877886E+03
1.02720E+01        7.50052327741E+03
1.02780E+01        7.49251058041E+03
1.02840E+01        7.48451066077E+03
1.02900E+01        7.47652349147E+03
1.02960E+01        7.46854904556E+03
1.03020E+01        7.46058729616E+03
1.03080E+01        7.45263821647E+03
1.03140E+01        7.44470177973E+03
1.03200E+01        7.43677795930E+03
1.03260E+01        7.42886672856E+03
1.03320E+01        7.42096806099E+03
1.03380E+01        7.41308193014E+03
1.03440E+01        7.40520830960E+03
1.03500E+01        7.39734717307E+03
1.03560E+01        7.38949849429E+03
1.03620E+01        7.38166224707E+03
1.03680E+01        7.37383840530E+03
1.03740E+01        7.36602694293E+03
1.03800E+01        7.35822783399E+03
1.03860E+01        7.35044105257E+03
1.03920E+01        7.34266657281E+03
1.03980E+01        7.33490436895E+03
1.04040E+01        7.32715441528E+03
1.04100E+01        7.31941668615E+03
1.04160E+01        7.31169115598E+03
1.04220E+01        7.30397779928E+03
1.04280E+01        7.29627659059E+03
1.04340E+01        7.28858750454E+03
1.04400E+01        7.28091051582E+03
1.04460E+01        7.27324559918E+03
1.04520E+01        7.26559272945E+03
1.04580E+01        7.25795188151E+03
1.04640E+01        7.25032303031E+03
1.04700E+01        7.24270615086E+03
1.04760E+01        7.23510121825E+03
1.04820E+01        7.22750820763E+03
1.04880E+01        7.21992709419E+03
1.04940E+01        7.21235785322E+03
1.05000E+01        7.20480046005E+03
1.05060E+01        7.19725489007E+03
1.05120E+01        7.18972111877E+03
1.05180E+01        7.18219912166E+03
1.05240E+01        7.17468887433E+03
1.05300E+01        7.16719035243E+03
1.05360E+01        7.15970353169E+03
1.05420E+01        7.15222838788E+03
1.05480E+01        7.14476489684E+03
1.05540E+01        7.13731303448E+03
1.05600E+01        7.12987277676E+03
1.05660E+01        7.12244409970E+03
1.05720E+01        7.11502697940E+03
1.05780E+01        7.10762139201E+03
1.05840E+01        7.10022731373E+03
1.05900E+01        7.09284472083E+03
1.05960E+01        7.08547358966E+03
1.06020E+01        7.07811389660E+03
1.06080E+01        7.07076561811E+03
1.06140E+01        7.06342873070E+03
1.06200E+01        7.05610321094E+03
1.06260E+01        7.04878903547E+03
1.06320E+01        7.04148618099E+03
1.06380E+01        7.03419462423E+03
1.06440E+01        7.02691434203E+03
1.06500E+01        7.01964531125E+03
1.06560E+01        7.01238750881E+03
1.06620E+01        7.00514091172E+03
1.06680E+01        6.99790549701E+03
1.06740E+01        6.99068124180E+03
1.06800E+01        6.98346812324E+03
1.06860E+01        6.97626611857E+03
1.06920E+01        6.96907520505E+03
1.06980E+01        6.96189536004E+03
1.07040E+01        6.95472656093E+03
1.07100E+01        6.94756878516E+03
1.07160E+01        6.94042201025E+03
1.07220E+01        6.93328621377E+03
1.07280E+01        6.92616137335E+03
1.07340E+01        6.91904746665E+03
1.07400E+01        6.91194447143E+03
1.07460E+01        6.90485236547E+03
1.07520E+01        6.89777112663E+03
1.07580E+01        6.89070073281E+03
1.07640E+01        6.88364116198E+03
1.07700E+01        6.87659239214E+03
1.07760E+01        6.86955440138E+03
1.07820E+01        6.86252716782E+03
1.07880E+01        6.85551066965E+03
1.07940E+01        6.84850488511E+03
1.08000E+01        6.84150979249E+03
1.08060E+01        6.83452537013E+03
1.08120E+01        6.82755159644E+03
1.08180E+01        6.82058844989E+03
1.08240E+01        6.81363590897E+03
1.08300E+01        6.80669395226E+03
1.08360E+01        6.79976255837E+03
1.08420E+01        6.79284170597E+03
1.08480E+01        6.78593137380E+03
1.08540E+01        6.77903154064E+03
1.08600E+01        6.77214218531E+03
1.08660E+01        6.76526328670E+03
1.08720E+01        6.75839482375E+03
1.08780E+01        6.75153677546E+03
1.08840E+01        6.74468912087E+03
1.08900E+01        6.73785183907E+03
1.08960E+01        6.73102490921E+03
1.09020E+01        6.72420831050E+03
1.09080E+01        6.71740202219E+03
1.09140E+01        6.71060602357E+03
1.09200E+01        6.70382029402E+03
1.09260E+01        6.69704481294E+03
1.09320E+01        6.69027955978E+03
1.09380E+01        6.68352451406E+03
1.09440E+01        6.67677965534E+03
1.09500E+01        6.67004496324E+03
1.09560E+01        6.66332041741E+03
1.09620E+01        6.65660599756E+03
1.09680E+01        6.64990168347E+03
1.09740E+01        6.64320745495E+03
1.09800E+01        6.63652329187E+03
1.09860E+01        6.62984917413E+03
1.09920E+01        6.62318508170E+03
1.09980E+01        6.61653099460E+03
1.10040E+01        6.60988689289E+03
1.10100E+01        6.60325275668E+03
1.10160E+01        6.59662856614E+03
1.10220E+01        6.59001430148E+03
1.10280E+01        6.58340994295E+03
1.10340E+01        6.57681547088E+03
1.10400E+01        6.57023086561E+03
1.10460E+01        6.56365610755E+03
1.10520E+01        6.55709117716E+03
1.10580E+01        6.55053605494E+03
1.10640E+01        6.54399072144E+03
1.10700E+01        6.53745515726E+03
1.10760E+01        6.53092934305E+03
1.10820E+01        6.52441325951E+03
1.10880E+01        6.51790688737E+03
1.10940E+01        6.51141020742E+03
1.11000E+01        6.50492320051E+03
1.11060E+01        6.49844584751E+03
1.11120E+01        6.49197812936E+03
1.11180E+01        6.48552002704E+03
1.11240E+01        6.47907152157E+03
1.11300E+01        6.47263259401E+03
1.11360E+01        6.46620322550E+03
1.11420E+01        6.45978339719E+03
1.11480E+01        6.45337309029E+03
1.11540E+01        6.44697228606E+03
1.11600E+01        6.44058096580E+03
1.11660E+01        6.43419911086E+03
1.11720E+01        6.42782670263E+03
1.11780E+01        6.42146372256E+03
1.11840E+01        6.41511015211E+03
1.11900E+01        6.40876597284E+03
1.11960E+01        6.40243116630E+03
1.12020E+01        6.39610571412E+03
1.12080E+01        6.38978959797E+03
1.12140E+01        6.38348279955E+03
1.12200E+01        6.37718530062E+03
1.12260E+01        6.37089708297E+03
1.12320E+01        6.36461812844E+03
1.12380E+01        6.35834841893E+03
1.12440E+01        6.35208793637E+03
1.12500E+01        6.34583666272E+03
1.12560E+01        6.33959458001E+03
1.12620E+01        6.33336167030E+03
1.12680E+01        6.32713791570E+03
1.12740E+01        6.32092329834E+03
1.12800E+01        6.31471780044E+03
1.12860E+01        6.30852140422E+03
1.12920E+01        6.30233409196E+03
1.12980E+01        6.29615584598E+03
1.13040E+01        6.28998664864E+03
1.13100E+01        6.28382648236E+03
1.13160E+01        6.27767532959E+03
1.13220E+01        6.27153317280E+03
1.13280E+01        6.26539999455E+03
1.13340E+01        6.25927577740E+03
1.13400E+01        6.25316050398E+03
1.13460E+01        6.24705415694E+03
1.13520E+01        6.24095671899E+03
1.13580E+01        6.23486817286E+03
1.13640E+01        6.22878850136E+03
1.13700E+01        6.22271768729E+03
1.13760E+01        6.21665571354E+03
1.13820E+01        6.21060256301E+03
1.13880E+01        6.20455821866E+03
1.13940E+01        6.19852266346E+03
1.14000E+01        6.19249588046E+03
1.14060E+01        6.18647785273E+03
1.14120E+01        6.18046856339E+03
1.14180E+01        6.17446799558E+03
1.14240E+01        6.16847613251E+03
1.14300E+01        6.16249295740E+03
1.14360E+01        6.15651845353E+03
1.14420E+01        6.15055260423E+03
1.14480E+01        6.14459539283E+03
1.14540E+01        6.13864680275E+03
1.14600E+01        6.13270681741E+03
1.14660E+01        6.12677542028E+03
1.14720E+01        6.12085259489E+03
1.14780E+01        6.11493832479E+03
1.14840E+01        6.10903259356E+03
1.14900E+01        6.10313538484E+03
1.14960E+01        6.09724668230E+03
1.15020E+01        6.09136646965E+03
1.15080E+01        6.08549473064E+03
1.15140E+01        6.07963144905E+03
1.15200E+01        6.07377660872E+03
1.15260E+01        6.06793019350E+03
1.15320E+01        6.06209218730E+03
1.15380E+01        6.05626257406E+03
1.15440E+01        6.05044133775E+03
1.15500E+01        6.04462846240E+03
1.15560E+01        6.03882393207E+03
1.15620E+01        6.03302773083E+03
1.15680E+01        6.02723984283E+03
1.15740E+01        6.02146025223E+03
1.15800E+01        6.01568894324E+03
1.15860E+01        6.00992590010E+03
1.15920E+01        6.00417110709E+03
1.15980E+01        5.99842454854E+03
1.16040E+01        5.99268620878E+03
1.16100E+01        5.98695607222E+03
1.16160E+01        5.98123412329E+03
1.16220E+01        5.97552034645E+03
1.16280E+01        5.96981472619E+03
1.16340E+01        5.96411724707E+03
1.16400E+01        5.95842789366E+03
1.16460E+01        5.95274665056E+03
1.16520E+01        5.94707350243E+03
1.16580E+01        5.94140843394E+03
1.16640E+01        5.93575142983E+03
1.16700E+01        5.93010247484E+03
1.16760E+01        5.92446155377E+03
1.16820E+01        5.91882865144E+03
1.16880E+01        5.91320375272E+03
1.16940E+01        5.90758684250E+03
1.17000E+01        5.90197790573E+03
1.17060E+01        5.89637692737E+03
1.17120E+01        5.89078389242E+03
1.17180E+01        5.88519878593E+03
1.17240E+01        5.87962159297E+03
1.17300E+01        5.87405229865E+03
1.17360E+01        5.86849088811E+03
1.17420E+01        5.86293734654E+03
1.17480E+01        5.85739165915E+03
1.17540E+01        5.85185381119E+03
1.17600E+01        5.84632378793E+03
1.17660E+01        5.84080157471E+03
1.17720E+01        5.83528715687E+03
1.17780E+01        5.82978051980E+03
1.17840E+01        5.82428164892E+03
1.17900E+01        5.81879052967E+03
1.17960E+01        5.81330714756E+03
1.18020E+01        5.80783148811E+03
1.18080E+01        5.80236353686E+03
1.18140E+01        5.79690327941E+03
1.18200E+01        5.79145070138E+03
1.18260E+01        5.78600578843E+03
1.18320E+01        5.78056852624E+03
1.18380E+01        5.77513890055E+03
1.18440E+01        5.76971689710E+03
1.18500E+01        5.76430250169E+03
1.18560E+01        5.75889570013E+03
1.18620E+01        5.75349647829E+03
1.18680E+01        5.74810482205E+03
1.18740E+01        5.74272071733E+03
1.18800E+01        5.73734415009E+03
1.18860E+01        5.73197510630E+03
1.18920E+01        5.72661357199E+03
1.18980E+01        5.72125953321E+03
1.19040E+01        5.71591297605E+03
1.19100E+01        5.71057388661E+03
1.19160E+01        5.70524225104E+03
1.19220E+01        5.69991805552E+03
1.19280E+01        5.69460128627E+03
1.19340E+01        5.68929192952E+03
1.19400E+01        5.68398997156E+03
1.19460E+01        5.67869539868E+03
1.19520E+01        5.67340819722E+03
1.19580E+01        5.66812835355E+03
1.19640E+01        5.66285585408E+03
1.19700E+01        5.65759068523E+03
1.19760E+01        5.65233283347E+03
1.19820E+01        5.64708228529E+03
1.19880E+01        5.64183902722E+03
1.19940E+01        5.63660304581E+03
1.20000E+01        5.63137432765E+03
1.20060E+01        5.62615285936E+03
1.20120E+01        5.62093862758E+03
1.20180E+01        5.61573161899E+03
1.20240E+01        5.61053182031E+03
1.20300E+01        5.60533921827E+03
1.20360E+01        5.60015379965E+03
1.20420E+01        5.59497555124E+03
1.20480E+01        5.58980445987E+03
1.20540E+01        5.58464051241E+03
1.20600E+01        5.57948369574E+03
1.20660E+01        5.57433399680E+03
1.20720E+01        5.56919140252E+03
1.20780E+01        5.56405589989E+03
1.20840E+01        5.55892747591E+03
1.20900E+01        5.55380611764E+03
1.20960E+01        5.54869181213E+03
1.21020E+01        5.54358454649E+03
1.21080E+01        5.53848430784E+03
1.21140E+01        5.53339108334E+03
1.21200E+01        5.52830486018E+03
1.21260E+01        5.52322562558E+03
1.21320E+01        5.51815336677E+03
1.21380E+01        5.51308807103E+03
1.21440E+01        5.50802972568E+03
1.21500E+01        5.50297831802E+03
1.21560E+01        5.49793383544E+03
1.21620E+01        5.49289626531E+03
1.21680E+01        5.48786559505E+03
1.21740E+01        5.48284181211E+03
1.21800E+01        5.47782490397E+03
1.21860E+01        5.47281485813E+03
1.21920E+01        5.46781166211E+03
1.21980E+01        5.46281530348E+03
1.22040E+01        5.45782576982E+03
1.22100E+01        5.45284304875E+03
1.22160E+01        5.44786712792E+03
1.22220E+01        5.44289799499E+03
1.22280E+01        5.43793563767E+03
1.22340E+01        5.43298004368E+03
1.22400E+01        5.42803120077E+03
1.22460E+01        5.42308909673E+03
1.22520E+01        5.41815371937E+03
1.22580E+01        5.41322505652E+03
1.22640E+01        5.40830309606E+03
1.22700E+01        5.40338782586E+03
1.22760E+01        5.39847923386E+03
1.22820E+01        5.39357730799E+03
1.22880E+01        5.38868203624E+03
1.22940E+01        5.38379340659E+03
1.23000E+01        5.37891140708E+03
1.23060E+01        5.37403602577E+03
1.23120E+01        5.36916725073E+03
1.23180E+01        5.36430507007E+03
1.23240E+01        5.35944947192E+03
1.23300E+01        5.35460044445E+03
1.23360E+01        5.34975797585E+03
1.23420E+01        5.34492205432E+03
1.23480E+01        5.34009266811E+03
1.23540E+01        5.33526980549E+03
1.23600E+01        5.33045345474E+03
1.23660E+01        5.32564360420E+03
1.23720E+01        5.32084024219E+03
1.23780E+01        5.31604335709E+03
1.23840E+01        5.31125293731E+03
1.23900E+01        5.30646897126E+03
1.23960E+01        5.30169144739E+03
1.24020E+01        5.29692035417E+03
1.24080E+01        5.29215568011E+03
1.24140E+01        5.28739741374E+03
1.24200E+01        5.28264554359E+03
1.24260E+01        5.27790005826E+03
1.24320E+01        5.27316094634E+03
1.24380E+01        5.26842819645E+03
1.24440E+01        5.26370179726E+03
1.24500E+01        5.25898173745E+03
1.24560E+01        5.25426800570E+03
1.24620E+01        5.24956059076E+03
1.24680E+01        5.24485948137E+03
1.24740E+01        5.24016466631E+03
1.24800E+01        5.23547613439E+03
1.24860E+01        5.23079387443E+03
1.24920E+01        5.22611787529E+03
1.24980E+01        5.22144812584E+03
1.25040E+01        5.21678461499E+03
1.25100E+01        5.21212733166E+03
1.25160E+01        5.20747626480E+03
1.25220E+01        5.20283140339E+03
1.25280E+01        5.19819273643E+03
1.25340E+01        5.19356025294E+03
1.25400E+01        5.18893394196E+03
1.25460E+01        5.18431379258E+03
1.25520E+01        5.17969979388E+03
1.25580E+01        5.17509193500E+03
1.25640E+01        5.17049020506E+03
1.25700E+01        5.16589459325E+03
1.25760E+01        5.16130508875E+03
1.25820E+01        5.15672168077E+03
1.25880E+01        5.15214435857E+03
1.25940E+01        5.14757311139E+03
1.26000E+01        5.14300792853E+03
1.26060E+01        5.13844879931E+03
1.26120E+01        5.13389571304E+03
1.26180E+01        5.12934865909E+03
1.26240E+01        5.12480762684E+03
1.26300E+01        5.12027260570E+03
1.26360E+01        5.11574358508E+03
1.26420E+01        5.11122055445E+03
1.26480E+01        5.10670350327E+03
1.26540E+01        5.10219242104E+03
1.26600E+01        5.09768729728E+03
1.26660E+01        5.09318812153E+03
1.26720E+01        5.08869488336E+03
1.26780E+01        5.08420757235E+03
1.26840E+01        5.07972617812E+03
1.26900E+01        5.07525069029E+03
1.26960E+01        5.07078109853E+03
1.27020E+01        5.06631739251E+03
1.27080E+01        5.06185956194E+03
1.27140E+01        5.05740759654E+03
1.27200E+01        5.05296148604E+03
1.27260E+01        5.04852122023E+03
1.27320E+01        5.04408678889E+03
1.27380E+01        5.03965818183E+03
1.27440E+01        5.03523538890E+03
1.27500E+01        5.03081839994E+03
1.27560E+01        5.02640720483E+03
1.27620E+01        5.02200179348E+03
1.27680E+01        5.01760215580E+03
1.27740E+01        5.01320828175E+03
1.27800E+01        5.00882016129E+03
1.27860E+01        5.00443778441E+03
1.27920E+01        5.00006114112E+03
1.27980E+01        4.99569022144E+03
1.28040E+01        4.99132501544E+03
1.28100E+01        4.98696551318E+03
1.28160E+01        4.98261170476E+03
1.28220E+01        4.97826358031E+03
1.28280E+01        4.97392112996E+03
1.28340E+01        4.96958434387E+03
1.28400E+01        4.96525321221E+03
1.28460E+01        4.96092772521E+03
1.28520E+01        4.95660787307E+03
1.28580E+01        4.95229364604E+03
1.28640E+01        4.94798503439E+03
1.28700E+01        4.94368202841E+03
1.28760E+01        4.93938461840E+03
1.28820E+01        4.93509279469E+03
1.28880E+01        4.93080654764E+03
1.28940E+01        4.92652586760E+03
1.29000E+01        4.92225074499E+03
1.29060E+01        4.91798117019E+03
1.29120E+01        4.91371713365E+03
1.29180E+01        4.90945862583E+03
1.29240E+01        4.90520563718E+03
1.29300E+01        4.90095815822E+03
1.29360E+01        4.89671617944E+03
1.29420E+01        4.89247969139E+03
1.29480E+01        4.88824868463E+03
1.29540E+01        4.88402314971E+03
1.29600E+01        4.87980307725E+03
1.29660E+01        4.87558845786E+03
1.29720E+01        4.87137928217E+03
1.29780E+01        4.86717554083E+03
1.29840E+01        4.86297722453E+03
1.29900E+01        4.85878432395E+03
1.29960E+01        4.85459682982E+03
1.30020E+01        4.85041473287E+03
1.30080E+01        4.84623802385E+03
1.30140E+01        4.84206669354E+03
1.30200E+01        4.83790073273E+03
1.30260E+01        4.83374013224E+03
1.30320E+01        4.82958488290E+03
1.30380E+01        4.82543497556E+03
1.30440E+01        4.82129040110E+03
1.30500E+01        4.81715115040E+03
1.30560E+01        4.81301721438E+03
1.30620E+01        4.80888858398E+03
1.30680E+01        4.80476525013E+03
1.30740E+01        4.80064720381E+03
1.30800E+01        4.79653443600E+03
1.30860E+01        4.79242693772E+03
1.30920E+01        4.78832469999E+03
1.30980E+01        4.78422771385E+03
1.31040E+01        4.78013597038E+03
1.31100E+01        4.77604946065E+03
1.31160E+01        4.77196817577E+03
1.31220E+01        4.76789210685E+03
1.31280E+01        4.76382124504E+03
1.31340E+01        4.75975558150E+03
1.31400E+01        4.75569510740E+03
1.31460E+01        4.75163981394E+03
1.31520E+01        4.74758969234E+03
1.31580E+01        4.74354473383E+03
1.31640E+01        4.73950492965E+03
1.31700E+01        4.73547027109E+03
1.31760E+01        4.73144074942E+03
1.31820E+01        4.72741635596E+03
1.31880E+01        4.72339708203E+03
1.31940E+01        4.71938291897E+03
1.32000E+01        4.71537385816E+03
1.32060E+01        4.71136989095E+03
1.32120E+01        4.70737100877E+03
1.32180E+01        4.70337720301E+03
1.32240E+01        4.69938846512E+03
1.32300E+01        4.69540478655E+03
1.32360E+01        4.69142615877E+03
1.32420E+01        4.68745257326E+03
1.32480E+01        4.68348402154E+03
1.32540E+01        4.67952049512E+03
1.32600E+01        4.67556198555E+03
1.32660E+01        4.67160848439E+03
1.32720E+01        4.66765998322E+03
1.32780E+01        4.66371647362E+03
1.32840E+01        4.65977794722E+03
1.32900E+01        4.65584439563E+03
1.32960E+01        4.65191581052E+03
1.33020E+01        4.64799218354E+03
1.33080E+01        4.64407350638E+03
1.33140E+01        4.64015977074E+03
1.33200E+01        4.63625096833E+03
1.33260E+01        4.63234709089E+03
1.33320E+01        4.62844813017E+03
1.33380E+01        4.62455407793E+03
1.33440E+01        4.62066492597E+03
1.33500E+01        4.61678066609E+03
1.33560E+01        4.61290129011E+03
1.33620E+01        4.60902678986E+03
1.33680E+01        4.60515715720E+03
1.33740E+01        4.60129238401E+03
1.33800E+01        4.59743246216E+03
1.33860E+01        4.59357738357E+03
1.33920E+01        4.58972714015E+03
1.33980E+01        4.58588172384E+03
1.34040E+01        4.58204112661E+03
1.34100E+01        4.57820534042E+03
1.34160E+01        4.57437435726E+03
1.34220E+01        4.57054816913E+03
1.34280E+01        4.56672676806E+03
1.34340E+01        4.56291014609E+03
1.34400E+01        4.55909829527E+03
1.34460E+01        4.55529120767E+03
1.34520E+01        4.55148887539E+03
1.34580E+01        4.54769129052E+03
1.34640E+01        4.54389844518E+03
1.34700E+01        4.54011033152E+03
1.34760E+01        4.53632694168E+03
1.34820E+01        4.53254826783E+03
1.34880E+01        4.52877430217E+03
1.34940E+01        4.52500503689E+03
1.35000E+01        4.52124046420E+03
1.35060E+01        4.51748057635E+03
1.35120E+01        4.51372536559E+03
1.35180E+01        4.50997482417E+03
1.35240E+01        4.50622894438E+03
1.35300E+01        4.50248771852E+03
1.35360E+01        4.49875113890E+03
1.35420E+01        4.49501919786E+03
1.35480E+01        4.49129188773E+03
1.35540E+01        4.48756920087E+03
1.35600E+01        4.48385112967E+03
1.35660E+01        4.48013766651E+03
1.35720E+01        4.47642880381E+03
1.35780E+01        4.47272453398E+03
1.35840E+01        4.46902484947E+03
1.35900E+01        4.46532974273E+03
1.35960E+01        4.46163920623E+03
1.36020E+01        4.45795323245E+03
1.36080E+01        4.45427181390E+03
1.36140E+01        4.45059494309E+03
1.36200E+01        4.44692261255E+03
1.36260E+01        4.44325481483E+03
1.36320E+01        4.43959154250E+03
1.36380E+01        4.43593278812E+03
1.36440E+01        4.43227854430E+03
1.36500E+01        4.42862880363E+03
1.36560E+01        4.42498355874E+03
1.36620E+01        4.42134280228E+03
1.36680E+01        4.41770652688E+03
1.36740E+01        4.41407472523E+03
1.36800E+01        4.41044738999E+03
1.36860E+01        4.40682451388E+03
1.36920E+01        4.40320608959E+03
1.36980E+01        4.39959210987E+03
1.37040E+01        4.39598256744E+03
1.37100E+01        4.39237745507E+03
1.37160E+01        4.38877676553E+03
1.37220E+01        4.38518049161E+03
1.37280E+01        4.38158862610E+03
1.37340E+01        4.37800116183E+03
1.37400E+01        4.37441809161E+03
1.37460E+01        4.37083940830E+03
1.37520E+01        4.36726510476E+03
1.37580E+01        4.36369517386E+03
1.37640E+01        4.36012960848E+03
1.37700E+01        4.35656840153E+03
1.37760E+01        4.35301154593E+03
1.37820E+01        4.34945903461E+03
1.37880E+01        4.34591086051E+03
1.37940E+01        4.34236701659E+03
1.38000E+01        4.33882749583E+03
1.38060E+01        4.33529229122E+03
1.38120E+01        4.33176139575E+03
1.38180E+01        4.32823480245E+03
1.38240E+01        4.32471250434E+03
1.38300E+01        4.32119449447E+03
1.38360E+01        4.31768076590E+03
1.38420E+01        4.31417131170E+03
1.38480E+01        4.31066612497E+03
1.38540E+01        4.30716519878E+03
1.38600E+01        4.30366852628E+03
1.38660E+01        4.30017610057E+03
1.38720E+01        4.29668791481E+03
1.38780E+01        4.29320396215E+03
1.38840E+01        4.28972423575E+03
1.38900E+01        4.28624872882E+03
1.38960E+01        4.28277743453E+03
1.39020E+01        4.27931034610E+03
1.39080E+01        4.27584745676E+03
1.39140E+01        4.27238875975E+03
1.39200E+01        4.26893424831E+03
1.39260E+01        4.26548391571E+03
1.39320E+01        4.26203775524E+03
1.39380E+01        4.25859576017E+03
1.39440E+01        4.25515792383E+03
1.39500E+01        4.25172423952E+03
1.39560E+01        4.24829470058E+03
1.39620E+01        4.24486930036E+03
1.39680E+01        4.24144803222E+03
1.39740E+01        4.23803088952E+03
1.39800E+01        4.23461786565E+03
1.39860E+01        4.23120895402E+03
1.39920E+01        4.22780414803E+03
1.39980E+01        4.22440344111E+03
1.40040E+01        4.22100682669E+03
