# %ECSV 0.9
# ---
# datatype:
# - {name: wavelength, unit: micron, datatype: float64}
# - {name: flux, unit: microJansky, datatype: float64}
# schema: astropy-2.0
#
#
#  - - File generated by ExoNoodle - -
#         V1.0.0 - MML (CEA-Saclay)
#       2021-03-25 15:37:33.308590
wavelength flux 
3.00000E+00        7.19223987220E+04
3.00600E+00        7.17249247974E+04
3.01200E+00        7.15289515178E+04
3.01800E+00        7.13329310418E+04
3.02400E+00        7.11376376628E+04
3.03000E+00        7.09437936758E+04
3.03600E+00        7.07499510199E+04
3.04200E+00        7.05568122980E+04
3.04800E+00        7.03651227825E+04
3.05400E+00        7.01734102741E+04
3.06000E+00        6.99824147172E+04
3.06600E+00        6.97928323233E+04
3.07200E+00        6.96032528788E+04
3.07800E+00        6.94143532911E+04
3.08400E+00        6.92268667973E+04
3.09000E+00        6.90393592540E+04
3.09600E+00        6.88525514942E+04
3.10200E+00        6.86664265980E+04
3.10800E+00        6.84816887767E+04
3.11400E+00        6.82969333857E+04
3.12000E+00        6.81128594926E+04
3.12600E+00        6.79294643035E+04
3.13200E+00        6.77474374816E+04
3.13800E+00        6.75653825806E+04
3.14400E+00        6.73840049803E+04
3.15000E+00        6.72032881256E+04
3.15600E+00        6.70239212063E+04
3.16200E+00        6.68445363976E+04
3.16800E+00        6.66658041604E+04
3.17400E+00        6.64877354120E+04
3.18000E+00        6.63103138230E+04
3.18600E+00        6.61342194207E+04
3.19200E+00        6.59580958495E+04
3.19800E+00        6.57826383190E+04
3.20400E+00        6.56078104558E+04
3.21000E+00        6.54342985079E+04
3.21600E+00        6.52607471290E+04
3.22200E+00        6.50878442071E+04
3.22800E+00        6.49155670830E+04
3.23400E+00        6.47439131687E+04
3.24000E+00        6.45735596212E+04
3.24600E+00        6.44031755100E+04
3.25200E+00        6.42334067288E+04
3.25800E+00        6.40642572724E+04
3.26400E+00        6.38957310751E+04
3.27000E+00        6.37284702685E+04
3.27600E+00        6.35611744942E+04
3.28200E+00        6.33944746982E+04
3.28800E+00        6.32284007321E+04
3.29400E+00        6.30635621404E+04
3.30000E+00        6.28986851402E+04
3.30600E+00        6.27344133139E+04
3.31200E+00        6.25707313014E+04
3.31800E+00        6.24076430182E+04
3.32400E+00        6.22457884158E+04
3.33000E+00        6.20838784184E+04
3.33600E+00        6.19225546759E+04
3.34200E+00        6.17618147136E+04
3.34800E+00        6.16016623609E+04
3.35400E+00        6.14420825556E+04
3.36000E+00        6.12837054023E+04
3.36600E+00        6.11252618700E+04
3.37200E+00        6.09674024152E+04
3.37800E+00        6.08101120947E+04
3.38400E+00        6.06533761037E+04
3.39000E+00        6.04978350567E+04
3.39600E+00        6.03422238299E+04
3.40200E+00        6.01871783770E+04
3.40800E+00        6.00326840102E+04
3.41400E+00        5.98787506517E+04
3.42000E+00        5.97253575931E+04
3.42600E+00        5.95725208465E+04
3.43200E+00        5.94202319593E+04
3.43800E+00        5.92690881606E+04
3.44400E+00        5.91178804552E+04
3.45000E+00        5.89672076747E+04
3.45600E+00        5.88170795880E+04
3.46200E+00        5.86674818729E+04
3.46800E+00        5.85184182764E+04
3.47400E+00        5.83698865299E+04
3.48000E+00        5.82218784251E+04
3.48600E+00        5.80744036249E+04
3.49200E+00        5.79274480059E+04
3.49800E+00        5.77815938608E+04
3.50400E+00        5.76356803535E+04
3.51000E+00        5.74902853148E+04
3.51600E+00        5.73453948227E+04
3.52200E+00        5.72010243047E+04
3.52800E+00        5.70571598717E+04
3.53400E+00        5.69138052068E+04
3.54000E+00        5.67709581430E+04
3.54600E+00        5.66286165224E+04
3.55200E+00        5.64867724251E+04
3.55800E+00        5.63454237550E+04
3.56400E+00        5.62045856524E+04
3.57000E+00        5.60642329970E+04
3.57600E+00        5.59243751904E+04
3.58200E+00        5.57850101292E+04
3.58800E+00        5.56461357193E+04
3.59400E+00        5.55077442042E+04
3.60000E+00        5.53698392072E+04
3.60600E+00        5.52324186612E+04
3.61200E+00        5.50954748787E+04
3.61800E+00        5.49590170825E+04
3.62400E+00        5.48230319879E+04
3.63000E+00        5.46875231925E+04
3.63600E+00        5.45524886734E+04
3.64200E+00        5.44179152974E+04
3.64800E+00        5.42838233258E+04
3.65400E+00        5.41501940831E+04
3.66000E+00        5.40170256228E+04
3.66600E+00        5.38843215120E+04
3.67200E+00        5.37520797806E+04
3.67800E+00        5.36197506533E+04
3.68400E+00        5.34884236835E+04
3.69000E+00        5.33575587084E+04
3.69600E+00        5.32271428763E+04
3.70200E+00        5.30971797252E+04
3.70800E+00        5.29676673366E+04
3.71400E+00        5.28385984026E+04
3.72000E+00        5.27099818318E+04
3.72600E+00        5.25818049478E+04
3.73200E+00        5.24540766236E+04
3.73800E+00        5.23267789065E+04
3.74400E+00        5.21999260059E+04
3.75000E+00        5.20735107037E+04
3.75600E+00        5.19469951308E+04
3.76200E+00        5.18214507786E+04
3.76800E+00        5.16963332118E+04
3.77400E+00        5.15716406431E+04
3.78000E+00        5.14473818049E+04
3.78600E+00        5.13235496065E+04
3.79200E+00        5.12001422467E+04
3.79800E+00        5.10771527143E+04
3.80400E+00        5.09545844678E+04
3.81000E+00        5.08324409233E+04
3.81600E+00        5.07101866644E+04
3.82200E+00        5.05888780554E+04
3.82800E+00        5.04679733323E+04
3.83400E+00        5.03474862554E+04
3.84000E+00        5.02274047883E+04
3.84600E+00        5.01077374771E+04
3.85200E+00        4.99884723505E+04
3.85800E+00        4.98696179213E+04
3.86400E+00        4.97511572001E+04
3.87000E+00        4.96325967195E+04
3.87600E+00        4.95149399479E+04
3.88200E+00        4.93976921177E+04
3.88800E+00        4.92808313444E+04
3.89400E+00        4.91643660785E+04
3.90000E+00        4.90482946611E+04
3.90600E+00        4.89326154409E+04
3.91200E+00        4.88170198708E+04
3.91800E+00        4.87019294816E+04
3.92400E+00        4.85874132279E+04
3.93000E+00        4.84732876131E+04
3.93600E+00        4.83595411079E+04
3.94200E+00        4.82461819985E+04
3.94800E+00        4.81331938995E+04
3.95400E+00        4.80205900061E+04
3.96000E+00        4.79078743766E+04
3.96600E+00        4.77960205522E+04
3.97200E+00        4.76845412932E+04
3.97800E+00        4.75734398971E+04
3.98400E+00        4.74627050775E+04
3.99000E+00        4.73523401579E+04
3.99600E+00        4.72418609737E+04
4.00200E+00        4.71322275450E+04
4.00800E+00        4.70229642381E+04
4.01400E+00        4.69140599146E+04
4.02000E+00        4.68055178772E+04
4.02600E+00        4.66973413911E+04
4.03200E+00        4.65890434515E+04
4.03800E+00        4.64815756071E+04
4.04400E+00        4.63744735625E+04
4.05000E+00        4.62677168679E+04
4.05600E+00        4.61613182653E+04
4.06200E+00        4.60552668483E+04
4.06800E+00        4.59491011643E+04
4.07400E+00        4.58437502734E+04
4.08000E+00        4.57387469400E+04
4.08600E+00        4.56340897272E+04
4.09200E+00        4.55297772048E+04
4.09800E+00        4.54258079493E+04
4.10400E+00        4.53217129069E+04
4.11000E+00        4.52184270075E+04
4.11600E+00        4.51154709224E+04
4.12200E+00        4.50128617115E+04
4.12800E+00        4.49105841569E+04
4.13400E+00        4.48081882995E+04
4.14000E+00        4.47065801575E+04
4.14600E+00        4.46052995870E+04
4.15200E+00        4.45043543471E+04
4.15800E+00        4.44037430482E+04
4.16400E+00        4.43034280990E+04
4.17000E+00        4.42030335573E+04
4.17600E+00        4.41034168987E+04
4.18200E+00        4.40040792340E+04
4.18800E+00        4.39051092468E+04
4.19400E+00        4.38064158079E+04
4.20000E+00        4.37076406887E+04
4.20600E+00        4.36095872169E+04
4.21200E+00        4.35118957688E+04
4.21800E+00        4.34144760438E+04
4.22400E+00        4.33174155557E+04
4.23000E+00        4.32201828735E+04
4.23600E+00        4.31237051383E+04
4.24200E+00        4.30275825040E+04
4.24800E+00        4.29317256910E+04
4.25400E+00        4.28362212552E+04
4.26000E+00        4.27405436786E+04
4.26600E+00        4.26456533926E+04
4.27200E+00        4.25510243069E+04
4.27800E+00        4.24566988478E+04
4.28400E+00        4.23627190612E+04
4.29000E+00        4.22685652474E+04
4.29600E+00        4.21515541972E+04
4.30200E+00        4.20754100008E+04
4.30800E+00        4.19860078161E+04
4.31400E+00        4.18662583106E+04
4.32000E+00        4.17710522679E+04
4.32600E+00        4.16718416772E+04
4.33200E+00        4.16041451437E+04
4.33800E+00        4.15086818411E+04
4.34400E+00        4.14035217842E+04
4.35000E+00        4.13054309777E+04
4.35600E+00        4.11494424519E+04
4.36200E+00        4.10126667958E+04
4.36800E+00        4.10207367467E+04
4.37400E+00        4.09013599363E+04
4.38000E+00        4.08523078634E+04
4.38600E+00        4.06878197018E+04
4.39200E+00        4.06676804047E+04
4.39800E+00        4.05184247929E+04
4.40400E+00        4.04726581416E+04
4.41000E+00        4.03896773114E+04
4.41600E+00        4.02331040267E+04
4.42200E+00        4.01906587561E+04
4.42800E+00        4.01261545591E+04
4.43400E+00        4.00197483576E+04
4.44000E+00        3.96859104402E+04
4.44600E+00        3.98407955420E+04
4.45200E+00        3.97668163294E+04
4.45800E+00        3.96702297745E+04
4.46400E+00        3.95963025421E+04
4.47000E+00        3.95027324920E+04
4.47600E+00        3.93940936965E+04
4.48200E+00        3.93180003242E+04
4.48800E+00        3.92277113758E+04
4.49400E+00        3.91483890494E+04
4.50000E+00        3.90588362136E+04
4.50600E+00        3.88853229619E+04
4.51200E+00        3.88761179277E+04
4.51800E+00        3.88059376853E+04
4.52400E+00        3.87415858430E+04
4.53000E+00        3.86688794421E+04
4.53600E+00        3.85456417248E+04
4.54200E+00        3.84993505144E+04
4.54800E+00        3.83139639241E+04
4.55400E+00        3.82512041578E+04
4.56000E+00        3.82310452500E+04
4.56600E+00        3.79978816833E+04
4.57200E+00        3.80836593803E+04
4.57800E+00        3.80173004312E+04
4.58400E+00        3.78659223157E+04
4.59000E+00        3.78395537617E+04
4.59600E+00        3.77322301576E+04
4.60200E+00        3.74768813704E+04
4.60800E+00        3.74232324570E+04
4.61400E+00        3.74359269146E+04
4.62000E+00        3.74486402769E+04
4.62600E+00        3.73553819690E+04
4.63200E+00        3.72757176090E+04
4.63800E+00        3.72178062908E+04
4.64400E+00        3.71359209618E+04
4.65000E+00        3.70613077839E+04
4.65600E+00        3.70109348447E+04
4.66200E+00        3.69432314670E+04
4.66800E+00        3.68260184908E+04
4.67400E+00        3.66631091253E+04
4.68000E+00        3.67014112957E+04
4.68600E+00        3.66280805565E+04
4.69200E+00        3.64199107423E+04
4.69800E+00        3.64134211683E+04
4.70400E+00        3.63998422016E+04
4.71000E+00        3.63063886081E+04
4.71600E+00        3.62230711567E+04
4.72200E+00        3.61746512176E+04
4.72800E+00        3.60775931530E+04
4.73400E+00        3.59436438957E+04
4.74000E+00        3.59494981715E+04
4.74600E+00        3.58440201510E+04
4.75200E+00        3.57144750834E+04
4.75800E+00        3.56599234774E+04
4.76400E+00        3.55628220008E+04
4.77000E+00        3.55811586014E+04
4.77600E+00        3.54957812827E+04
4.78200E+00        3.54129956606E+04
4.78800E+00        3.53509404037E+04
4.79400E+00        3.51675403144E+04
4.80000E+00        3.52102913296E+04
4.80600E+00        3.51401717497E+04
4.81200E+00        3.50319620527E+04
4.81800E+00        3.50064758011E+04
4.82400E+00        3.46672308346E+04
4.83000E+00        3.48633811028E+04
4.83600E+00        3.47387132529E+04
4.84200E+00        3.47077463641E+04
4.84800E+00        3.46508294847E+04
4.85400E+00        3.45321593368E+04
4.86000E+00        3.45114399143E+04
4.86600E+00        3.43975905845E+04
4.87200E+00        3.43241706621E+04
4.87800E+00        3.42831955352E+04
4.88400E+00        3.41870823950E+04
4.89000E+00        3.40193882237E+04
4.89600E+00        3.40831639758E+04
4.90200E+00        3.40339882915E+04
4.90800E+00        3.39278409018E+04
4.91400E+00        3.38909767965E+04
4.92000E+00        3.37635121272E+04
4.92600E+00        3.37141259823E+04
4.93200E+00        3.36200373096E+04
4.93800E+00        3.33703712810E+04
4.94400E+00        3.35013044930E+04
4.95000E+00        3.34868293167E+04
4.95600E+00        3.34046091060E+04
4.96200E+00        3.33633471017E+04
4.96800E+00        3.32588134859E+04
4.97400E+00        3.32336156412E+04
4.98000E+00        3.31005512794E+04
4.98600E+00        3.31056520041E+04
4.99200E+00        3.29914608014E+04
4.99800E+00        3.29726951344E+04
5.00400E+00        3.28749364622E+04
5.01000E+00        3.27503994004E+04
5.01600E+00        3.27434000896E+04
5.02200E+00        3.26804520380E+04
5.02800E+00        3.24496400591E+04
5.03400E+00        3.25900290926E+04
5.04000E+00        3.24784718717E+04
5.04600E+00        3.24612468595E+04
5.05200E+00        3.23806311538E+04
5.05800E+00        3.23193538917E+04
5.06400E+00        3.22616649845E+04
5.07000E+00        3.22033345330E+04
5.07600E+00        3.21455226998E+04
5.08200E+00        3.20649447977E+04
5.08800E+00        3.20320968215E+04
5.09400E+00        3.18930259425E+04
5.10000E+00        3.19091572433E+04
5.10600E+00        3.17897543895E+04
5.11200E+00        3.17853310039E+04
5.11800E+00        3.16764661883E+04
5.12400E+00        3.16619079743E+04
5.13000E+00        3.15882725465E+04
5.13600E+00        3.15358476108E+04
5.14200E+00        3.14769421769E+04
5.14800E+00        3.14088040792E+04
5.15400E+00        3.13622827208E+04
5.16000E+00        3.12522962447E+04
5.16600E+00        3.12455786387E+04
5.17200E+00        3.11284982494E+04
5.17800E+00        3.11243447807E+04
5.18400E+00        3.10484622596E+04
5.19000E+00        3.09916549684E+04
5.19600E+00        3.09429970929E+04
5.20200E+00        3.08675427999E+04
5.20800E+00        3.08004227521E+04
5.21400E+00        3.07492470929E+04
5.22000E+00        3.07070771561E+04
5.22600E+00        3.06159922320E+04
5.23200E+00        3.05372618475E+04
5.23800E+00        3.05373370035E+04
5.24400E+00        3.04700658413E+04
5.25000E+00        3.04115067284E+04
5.25600E+00        3.03125740767E+04
5.26200E+00        3.02415598511E+04
5.26800E+00        3.02270296720E+04
5.27400E+00        3.00950780667E+04
5.28000E+00        3.01319280288E+04
5.28600E+00        2.99660734241E+04
5.29200E+00        2.99961471147E+04
5.29800E+00        2.99673517075E+04
5.30400E+00        2.99049480794E+04
5.31000E+00        2.98409320700E+04
5.31600E+00        2.95844729879E+04
5.32200E+00        2.97390930677E+04
5.32800E+00        2.96838402900E+04
5.33400E+00        2.96311310848E+04
5.34000E+00        2.95368545845E+04
5.34600E+00        2.95155200074E+04
5.35200E+00        2.94437559858E+04
5.35800E+00        2.93944432781E+04
5.36400E+00        2.93469238762E+04
5.37000E+00        2.92996936085E+04
5.37600E+00        2.92474075609E+04
5.38200E+00        2.91862611373E+04
5.38800E+00        2.91080257498E+04
5.39400E+00        2.90356844603E+04
5.40000E+00        2.90310332804E+04
5.40600E+00        2.89734654071E+04
5.41200E+00        2.89123062425E+04
5.41800E+00        2.87131928050E+04
5.42400E+00        2.87867468484E+04
5.43000E+00        2.87629947764E+04
5.43600E+00        2.87091367773E+04
5.44200E+00        2.86549908026E+04
5.44800E+00        2.86037323817E+04
5.45400E+00        2.85469402794E+04
5.46000E+00        2.84105618290E+04
5.46600E+00        2.84396909937E+04
5.47200E+00        2.83887978051E+04
5.47800E+00        2.82614565993E+04
5.48400E+00        2.82886655013E+04
5.49000E+00        2.82199709743E+04
5.49600E+00        2.81851504951E+04
5.50200E+00        2.81279769426E+04
5.50800E+00        2.80441184170E+04
5.51400E+00        2.80305585964E+04
5.52000E+00        2.79755158811E+04
5.52600E+00        2.79173926579E+04
5.53200E+00        2.78768563271E+04
5.53800E+00        2.78265490715E+04
5.54400E+00        2.77532949462E+04
5.55000E+00        2.77246611896E+04
5.55600E+00        2.76748563527E+04
5.56200E+00        2.76113849955E+04
5.56800E+00        2.75054752417E+04
5.57400E+00        2.74706148807E+04
5.58000E+00        2.74635498327E+04
5.58600E+00        2.74221900697E+04
5.59200E+00        2.73720817698E+04
5.59800E+00        2.73185732543E+04
5.60400E+00        2.72695448393E+04
5.61000E+00        2.72269941490E+04
5.61600E+00        2.71654714455E+04
5.62200E+00        2.71209584569E+04
5.62800E+00        2.70769437848E+04
5.63400E+00        2.70310950398E+04
5.64000E+00        2.69611754716E+04
5.64600E+00        2.69340748038E+04
5.65200E+00        2.68857434705E+04
5.65800E+00        2.68353486330E+04
5.66400E+00        2.67814962248E+04
5.67000E+00        2.67415418615E+04
5.67600E+00        2.66688583860E+04
5.68200E+00        2.66453632282E+04
5.68800E+00        2.65984783715E+04
5.69400E+00        2.65493648410E+04
5.70000E+00        2.65036969160E+04
5.70600E+00        2.64562866600E+04
5.71200E+00        2.64094412940E+04
5.71800E+00        2.63623415317E+04
5.72400E+00        2.63156922354E+04
5.73000E+00        2.62689883839E+04
5.73600E+00        2.62190579706E+04
5.74200E+00        2.61757062382E+04
5.74800E+00        2.61289045656E+04
5.75400E+00        2.60830179379E+04
5.76000E+00        2.60370546949E+04
5.76600E+00        2.59907644787E+04
5.77200E+00        2.59447041808E+04
5.77800E+00        2.58983914909E+04
5.78400E+00        2.58538925919E+04
5.79000E+00        2.58083927400E+04
5.79600E+00        2.57630373320E+04
5.80200E+00        2.57177732799E+04
5.80800E+00        2.56724247949E+04
5.81400E+00        2.56242474181E+04
5.82000E+00        2.55826834829E+04
5.82600E+00        2.55379124432E+04
5.83200E+00        2.54929705629E+04
5.83800E+00        2.54484049440E+04
5.84400E+00        2.54039542906E+04
5.85000E+00        2.53590601818E+04
5.85600E+00        2.53142284963E+04
5.86200E+00        2.52713140765E+04
5.86800E+00        2.52273193827E+04
5.87400E+00        2.51812186441E+04
5.88000E+00        2.51396687500E+04
5.88600E+00        2.50960120537E+04
5.89200E+00        2.50524928631E+04
5.89800E+00        2.50090595697E+04
5.90400E+00        2.49566474912E+04
5.91000E+00        2.49221343795E+04
5.91600E+00        2.48794251817E+04
5.92200E+00        2.48364596895E+04
5.92800E+00        2.47935784645E+04
5.93400E+00        2.47508065588E+04
5.94000E+00        2.47078911815E+04
5.94600E+00        2.46648978881E+04
5.95200E+00        2.46228915642E+04
5.95800E+00        2.45805788528E+04
5.96400E+00        2.45383484972E+04
5.97000E+00        2.44962252962E+04
5.97600E+00        2.44542088944E+04
5.98200E+00        2.44122989376E+04
5.98800E+00        2.43704950732E+04
5.99400E+00        2.43288218052E+04
6.00000E+00        2.42851075548E+04
6.00600E+00        2.42457412997E+04
6.01200E+00        2.42043582646E+04
6.01800E+00        2.41630795801E+04
6.02400E+00        2.41219049019E+04
6.03000E+00        2.40808584889E+04
6.03600E+00        2.40398907545E+04
6.04200E+00        2.39987808228E+04
6.04800E+00        2.39580191307E+04
6.05400E+00        2.39173597437E+04
6.06000E+00        2.38768023258E+04
6.06600E+00        2.38363465423E+04
6.07200E+00        2.37960163707E+04
6.07800E+00        2.37557628165E+04
6.08400E+00        2.37156099010E+04
6.09000E+00        2.36755572949E+04
6.09600E+00        2.36356046701E+04
6.10200E+00        2.35957517001E+04
6.10800E+00        2.35559516896E+04
6.11400E+00        2.35163674486E+04
6.12000E+00        2.34768114551E+04
6.12600E+00        2.34373538226E+04
6.13200E+00        2.33979942310E+04
6.13800E+00        2.33587323612E+04
6.14400E+00        2.33195678956E+04
6.15000E+00        2.32805243013E+04
6.15600E+00        2.32413162181E+04
6.16200E+00        2.32022400773E+04
6.16800E+00        2.31636647851E+04
6.17400E+00        2.31249829748E+04
6.18000E+00        2.30863966879E+04
6.18600E+00        2.30479056155E+04
6.19200E+00        2.30095094499E+04
6.19800E+00        2.29712313521E+04
6.20400E+00        2.29330240424E+04
6.21000E+00        2.28949107235E+04
6.21600E+00        2.28568910925E+04
6.22200E+00        2.28189648477E+04
6.22800E+00        2.27811316885E+04
6.23400E+00        2.27433913156E+04
6.24000E+00        2.27055788475E+04
6.24600E+00        2.26682108949E+04
6.25200E+00        2.26307470580E+04
6.25800E+00        2.25933748218E+04
6.26400E+00        2.25560938927E+04
6.27000E+00        2.25189039783E+04
6.27600E+00        2.24818047874E+04
6.28200E+00        2.24445667346E+04
6.28800E+00        2.24076713907E+04
6.29400E+00        2.23708429731E+04
6.30000E+00        2.23341041245E+04
6.30600E+00        2.22974545595E+04
6.31200E+00        2.22608939935E+04
6.31800E+00        2.22244221432E+04
6.32400E+00        2.21880387263E+04
6.33000E+00        2.21517434616E+04
6.33600E+00        2.21155586623E+04
6.34200E+00        2.20794388262E+04
6.34800E+00        2.20434063055E+04
6.35400E+00        2.20074608235E+04
6.36000E+00        2.19716021043E+04
6.36600E+00        2.19358298733E+04
6.37200E+00        2.19001438570E+04
6.37800E+00        2.18645661193E+04
6.38400E+00        2.18290516793E+04
6.39000E+00        2.17936226396E+04
6.39600E+00        2.17582787308E+04
6.40200E+00        2.17230196844E+04
6.40800E+00        2.16878452332E+04
6.41400E+00        2.16527551110E+04
6.42000E+00        2.16175282099E+04
6.42600E+00        2.15826283562E+04
6.43200E+00        2.15477899538E+04
6.43800E+00        2.15130348246E+04
6.44400E+00        2.14783627075E+04
6.45000E+00        2.14437733422E+04
6.45600E+00        2.14092664695E+04
6.46200E+00        2.13748418314E+04
6.46800E+00        2.13404991705E+04
6.47400E+00        2.13062599967E+04
6.48000E+00        2.12720804878E+04
6.48600E+00        2.12379821905E+04
6.49200E+00        2.12039648516E+04
6.49800E+00        2.11700282187E+04
6.50400E+00        2.11361720404E+04
6.51000E+00        2.11023960665E+04
6.51600E+00        2.10687215706E+04
6.52200E+00        2.10351052236E+04
6.52800E+00        2.10015683354E+04
6.53400E+00        2.09681106595E+04
6.54000E+00        2.09347319503E+04
6.54600E+00        2.09014319630E+04
6.55200E+00        2.08682104538E+04
6.55800E+00        2.08350884642E+04
6.56400E+00        2.08020231498E+04
6.57000E+00        2.07690355878E+04
6.57600E+00        2.07361255379E+04
6.58200E+00        2.07032927612E+04
6.58800E+00        2.06703258578E+04
6.59400E+00        2.06376683299E+04
6.60000E+00        2.06050662459E+04
6.60600E+00        2.05725404865E+04
6.61200E+00        2.05400908169E+04
6.61800E+00        2.05077170033E+04
6.62400E+00        2.04754188127E+04
6.63000E+00        2.04432168969E+04
6.63600E+00        2.04110692242E+04
6.64200E+00        2.03789964810E+04
6.64800E+00        2.03469984378E+04
6.65400E+00        2.03150748660E+04
6.66000E+00        2.02832462584E+04
6.66600E+00        2.02514709147E+04
6.67200E+00        2.02197693619E+04
6.67800E+00        2.01881413748E+04
6.68400E+00        2.01565867290E+04
6.69000E+00        2.01251052011E+04
6.69600E+00        2.00937170950E+04
6.70200E+00        2.00623811036E+04
6.70800E+00        2.00311175645E+04
6.71400E+00        1.99999262578E+04
6.72000E+00        1.99688273628E+04
6.72600E+00        1.99377798315E+04
6.73200E+00        1.99068038769E+04
6.73800E+00        1.98758992820E+04
6.74400E+00        1.98450658309E+04
6.75000E+00        1.98143235490E+04
6.75600E+00        1.97836317087E+04
6.76200E+00        1.97530103687E+04
6.76800E+00        1.97224593159E+04
6.77400E+00        1.96919984543E+04
6.78000E+00        1.96615873095E+04
6.78600E+00        1.96312458181E+04
6.79200E+00        1.96009737703E+04
6.79800E+00        1.95707909491E+04
6.80400E+00        1.95406571315E+04
6.81000E+00        1.95105921329E+04
6.81600E+00        1.94805957467E+04
6.82200E+00        1.94506876360E+04
6.82800E+00        1.94208278268E+04
6.83400E+00        1.93910360146E+04
6.84000E+00        1.93613317734E+04
6.84600E+00        1.93316753144E+04
6.85200E+00        1.93020862436E+04
6.85800E+00        1.92725643596E+04
6.86400E+00        1.92431291188E+04
6.87000E+00        1.92137409772E+04
6.87600E+00        1.91844194226E+04
6.88200E+00        1.91551642566E+04
6.88800E+00        1.91259948187E+04
6.89400E+00        1.90968718076E+04
6.90000E+00        1.90678145941E+04
6.90600E+00        1.90388424308E+04
6.91200E+00        1.90099161969E+04
6.91800E+00        1.89810551760E+04
6.92400E+00        1.89522591747E+04
6.93000E+00        1.89235473305E+04
6.93600E+00        1.88948807616E+04
6.94200E+00        1.88662786362E+04
6.94800E+00        1.88377600062E+04
6.95400E+00        1.88092861676E+04
6.96000E+00        1.87808762027E+04
6.96600E+00        1.87525299229E+04
6.97200E+00        1.87240750016E+04
6.97800E+00        1.86958557889E+04
6.98400E+00        1.86676996991E+04
6.99000E+00        1.86396255866E+04
6.99600E+00        1.86115951572E+04
7.00200E+00        1.85836272954E+04
7.00800E+00        1.85557407716E+04
7.01400E+00        1.85278974655E+04
7.02000E+00        1.85001161775E+04
7.02600E+00        1.84723967256E+04
7.03200E+00        1.84447577697E+04
7.03800E+00        1.84171614192E+04
7.04400E+00        1.83896263632E+04
7.05000E+00        1.83621711792E+04
7.05600E+00        1.83347581475E+04
7.06200E+00        1.83074058746E+04
7.06800E+00        1.82801328560E+04
7.07400E+00        1.82529015419E+04
7.08000E+00        1.82257304566E+04
7.08600E+00        1.81986380142E+04
7.09200E+00        1.81715868336E+04
7.09800E+00        1.81445953576E+04
7.10400E+00        1.81176819193E+04
7.11000E+00        1.80908093052E+04
7.11600E+00        1.80639958770E+04
7.12200E+00        1.80372598874E+04
7.12800E+00        1.80105642894E+04
7.13400E+00        1.79839273642E+04
7.14000E+00        1.79573489420E+04
7.14600E+00        1.79308471691E+04
7.15200E+00        1.79043852187E+04
7.15800E+00        1.78779812654E+04
7.16400E+00        1.78518357221E+04
7.17000E+00        1.78255469658E+04
7.17600E+00        1.77993157066E+04
7.18200E+00        1.77731599332E+04
7.18800E+00        1.77470431454E+04
7.19400E+00        1.77209833596E+04
7.20000E+00        1.76949984863E+04
7.20600E+00        1.76690521870E+04
7.21200E+00        1.76431623999E+04
7.21800E+00        1.76173469575E+04
7.22400E+00        1.75915696823E+04
7.23000E+00        1.75658484346E+04
7.23600E+00        1.75401830537E+04
7.24200E+00        1.75145912697E+04
7.24800E+00        1.74890371175E+04
7.25400E+00        1.74635383543E+04
7.26000E+00        1.74381126335E+04
7.26600E+00        1.74127241483E+04
7.27200E+00        1.73873905792E+04
7.27800E+00        1.73621295036E+04
7.28400E+00        1.73369052718E+04
7.29000E+00        1.73117354883E+04
7.29600E+00        1.72866199979E+04
7.30200E+00        1.72615762777E+04
7.30800E+00        1.72365688858E+04
7.31400E+00        1.72116153258E+04
7.32000E+00        1.71867329996E+04
7.32600E+00        1.71618866202E+04
7.33200E+00        1.71370936162E+04
7.33800E+00        1.71123538363E+04
7.34400E+00        1.70876845834E+04
7.35000E+00        1.70630507753E+04
7.35600E+00        1.70384697412E+04
7.36200E+00        1.70139587099E+04
7.36800E+00        1.69894827520E+04
7.37400E+00        1.69650591225E+04
7.38000E+00        1.69406876739E+04
7.38600E+00        1.69163855375E+04
7.39200E+00        1.68921179854E+04
7.39800E+00        1.68679021749E+04
7.40400E+00        1.68437379604E+04
7.41000E+00        1.68196423764E+04
7.41600E+00        1.67955808952E+04
7.42200E+00        1.67715705766E+04
7.42800E+00        1.67476112774E+04
7.43400E+00        1.67237199358E+04
7.44000E+00        1.66998622225E+04
7.44600E+00        1.66760551011E+04
7.45200E+00        1.66522984302E+04
7.45800E+00        1.66286090528E+04
7.46400E+00        1.66049528362E+04
7.47000E+00        1.65813466486E+04
7.47600E+00        1.65577903504E+04
7.48200E+00        1.65342838027E+04
7.48800E+00        1.65108437304E+04
7.49400E+00        1.64874362443E+04
7.50000E+00        1.64640780943E+04
7.50600E+00        1.64407691433E+04
7.51200E+00        1.64175260228E+04
7.51800E+00        1.63943150364E+04
7.52400E+00        1.63711528404E+04
7.53000E+00        1.63480392994E+04
7.53600E+00        1.63249742787E+04
7.54200E+00        1.63019742939E+04
7.54800E+00        1.62790058876E+04
7.55400E+00        1.62560855998E+04
7.56000E+00        1.62332132976E+04
7.56600E+00        1.62104054050E+04
7.57200E+00        1.61876286535E+04
7.57800E+00        1.61648994913E+04
7.58400E+00        1.61422177874E+04
7.59000E+00        1.61195834108E+04
7.59600E+00        1.60969962314E+04
7.60200E+00        1.60744725369E+04
7.60800E+00        1.60519793396E+04
7.61400E+00        1.60295329513E+04
7.62000E+00        1.60071332434E+04
7.62600E+00        1.59847800877E+04
7.63200E+00        1.59624896598E+04
7.63800E+00        1.59402292034E+04
7.64400E+00        1.59180149177E+04
7.65000E+00        1.58958466762E+04
7.65600E+00        1.58737243530E+04
7.66200E+00        1.58516478226E+04
7.66800E+00        1.58296331271E+04
7.67400E+00        1.58076477849E+04
7.68000E+00        1.57857078615E+04
7.68600E+00        1.57638132330E+04
7.69200E+00        1.57419637761E+04
7.69800E+00        1.57201593677E+04
7.70400E+00        1.56984159184E+04
7.71000E+00        1.56767012174E+04
7.71600E+00        1.56550311985E+04
7.72200E+00        1.56334057403E+04
7.72800E+00        1.56118247217E+04
7.73400E+00        1.55902880223E+04
7.74000E+00        1.55688114226E+04
7.74600E+00        1.55473629795E+04
7.75200E+00        1.55259584965E+04
7.75800E+00        1.55045978544E+04
7.76400E+00        1.54832809348E+04
7.77000E+00        1.54620076196E+04
7.77600E+00        1.54407777909E+04
7.78200E+00        1.54196070796E+04
7.78800E+00        1.53984638508E+04
7.79400E+00        1.53773637576E+04
7.80000E+00        1.53563066840E+04
7.80600E+00        1.53352925141E+04
7.81200E+00        1.53143211324E+04
7.81800E+00        1.52933924240E+04
7.82400E+00        1.52725218720E+04
7.83000E+00        1.52516781452E+04
7.83600E+00        1.52308767489E+04
7.84200E+00        1.52101175695E+04
7.84800E+00        1.51894004938E+04
7.85400E+00        1.51687254093E+04
7.86000E+00        1.51480922033E+04
7.86600E+00        1.51275162136E+04
7.87200E+00        1.51069664082E+04
7.87800E+00        1.50864581466E+04
7.88400E+00        1.50659913177E+04
7.89000E+00        1.50455658111E+04
7.89600E+00        1.50251815166E+04
7.90200E+00        1.50048383243E+04
7.90800E+00        1.49845514283E+04
7.91400E+00        1.49642900918E+04
7.92000E+00        1.49440695303E+04
7.92600E+00        1.49238896354E+04
7.93200E+00        1.49037502991E+04
7.93800E+00        1.48836514137E+04
7.94400E+00        1.48635928719E+04
7.95000E+00        1.48435745667E+04
7.95600E+00        1.48235963914E+04
7.96200E+00        1.48036733585E+04
7.96800E+00        1.47837751046E+04
7.97400E+00        1.47639166628E+04
7.98000E+00        1.47440979282E+04
7.98600E+00        1.47243187957E+04
7.99200E+00        1.47045791608E+04
7.99800E+00        1.46848789194E+04
8.00400E+00        1.46652179675E+04
8.01000E+00        1.46455962017E+04
8.01600E+00        1.46260135188E+04
8.02200E+00        1.46064847329E+04
8.02800E+00        1.45869798875E+04
8.03400E+00        1.45675138175E+04
8.04000E+00        1.45480864210E+04
8.04600E+00        1.45286975965E+04
8.05200E+00        1.45093472428E+04
8.05800E+00        1.44900352590E+04
8.06400E+00        1.44707615447E+04
8.07000E+00        1.44515259995E+04
8.07600E+00        1.44323285237E+04
8.08200E+00        1.44131690177E+04
8.08800E+00        1.43940473822E+04
8.09400E+00        1.43749781987E+04
8.10000E+00        1.43559319883E+04
8.10600E+00        1.43369694463E+04
8.11200E+00        1.43180984151E+04
8.11800E+00        1.42991644420E+04
8.12400E+00        1.42802677511E+04
8.13000E+00        1.42614082454E+04
8.13600E+00        1.42425858282E+04
8.14200E+00        1.42238004031E+04
8.14800E+00        1.42050518740E+04
8.15400E+00        1.41863401452E+04
8.16000E+00        1.41676651211E+04
8.16600E+00        1.41490411560E+04
8.17200E+00        1.41304392372E+04
8.17800E+00        1.41118737387E+04
8.18400E+00        1.40933445662E+04
8.19000E+00        1.40748516257E+04
8.19600E+00        1.40563948237E+04
8.20200E+00        1.40379740666E+04
8.20800E+00        1.40195892616E+04
8.21400E+00        1.40012403158E+04
8.22000E+00        1.39829271367E+04
8.22600E+00        1.39646496323E+04
8.23200E+00        1.39464077107E+04
8.23800E+00        1.39282012802E+04
8.24400E+00        1.39100302497E+04
8.25000E+00        1.38919087145E+04
8.25600E+00        1.38738081926E+04
8.26200E+00        1.38557427984E+04
8.26800E+00        1.38377124420E+04
8.27400E+00        1.38197170334E+04
8.28000E+00        1.38017564831E+04
8.28600E+00        1.37838307019E+04
8.29200E+00        1.37659396007E+04
8.29800E+00        1.37480830908E+04
8.30400E+00        1.37302610838E+04
8.31000E+00        1.37124734916E+04
8.31600E+00        1.36947202262E+04
8.32200E+00        1.36770012002E+04
8.32800E+00        1.36593163261E+04
8.33400E+00        1.36416655170E+04
8.34000E+00        1.36240486861E+04
8.34600E+00        1.36064657469E+04
8.35200E+00        1.35889166131E+04
8.35800E+00        1.35714150578E+04
8.36400E+00        1.35539332596E+04
8.37000E+00        1.35364850099E+04
8.37600E+00        1.35190702234E+04
8.38200E+00        1.35016888155E+04
8.38800E+00        1.34843407015E+04
8.39400E+00        1.34670257970E+04
8.40000E+00        1.34497440179E+04
8.40600E+00        1.34324952805E+04
8.41200E+00        1.34152795012E+04
8.41800E+00        1.33980965967E+04
8.42400E+00        1.33809464840E+04
8.43000E+00        1.33638290804E+04
8.43600E+00        1.33467443032E+04
8.44200E+00        1.33296920704E+04
8.44800E+00        1.33126722998E+04
8.45400E+00        1.32956849098E+04
8.46000E+00        1.32787298188E+04
8.46600E+00        1.32618069457E+04
8.47200E+00        1.32449162094E+04
8.47800E+00        1.32280575292E+04
8.48400E+00        1.32112308247E+04
8.49000E+00        1.31944360157E+04
8.49600E+00        1.31776730221E+04
8.50200E+00        1.31609417643E+04
8.50800E+00        1.31442421628E+04
8.51400E+00        1.31275741383E+04
8.52000E+00        1.31109376118E+04
8.52600E+00        1.30943325047E+04
8.53200E+00        1.30777587383E+04
8.53800E+00        1.30612162346E+04
8.54400E+00        1.30447049154E+04
8.55000E+00        1.30282380068E+04
8.55600E+00        1.30117755198E+04
8.56200E+00        1.29953705589E+04
8.56800E+00        1.29789831859E+04
8.57400E+00        1.29626266110E+04
8.58000E+00        1.29463007576E+04
8.58600E+00        1.29300055495E+04
8.59200E+00        1.29137409105E+04
8.59800E+00        1.28975067647E+04
8.60400E+00        1.28813030365E+04
8.61000E+00        1.28651296505E+04
8.61600E+00        1.28489865315E+04
8.62200E+00        1.28328736045E+04
8.62800E+00        1.28167907949E+04
8.63400E+00        1.28007380282E+04
8.64000E+00        1.27847152301E+04
8.64600E+00        1.27687223266E+04
8.65200E+00        1.27527592438E+04
8.65800E+00        1.27368259082E+04
8.66400E+00        1.27209222465E+04
8.67000E+00        1.27050481855E+04
8.67600E+00        1.26892036523E+04
8.68200E+00        1.26733885743E+04
8.68800E+00        1.26576028789E+04
8.69400E+00        1.26418464939E+04
8.70000E+00        1.26261193473E+04
8.70600E+00        1.26104213674E+04
8.71200E+00        1.25947524825E+04
8.71800E+00        1.25791126212E+04
8.72400E+00        1.25635017124E+04
8.73000E+00        1.25479196852E+04
8.73600E+00        1.25323664689E+04
8.74200E+00        1.25168419929E+04
8.74800E+00        1.25013461870E+04
8.75400E+00        1.24858789812E+04
8.76000E+00        1.24704403054E+04
8.76600E+00        1.24550300901E+04
8.77200E+00        1.24396482659E+04
8.77800E+00        1.24242947635E+04
8.78400E+00        1.24089695139E+04
8.79000E+00        1.23936724482E+04
8.79600E+00        1.23784034980E+04
8.80200E+00        1.23631625947E+04
8.80800E+00        1.23479496702E+04
8.81400E+00        1.23327646565E+04
8.82000E+00        1.23176074858E+04
8.82600E+00        1.23024780905E+04
8.83200E+00        1.22873764033E+04
8.83800E+00        1.22723023571E+04
8.84400E+00        1.22572558847E+04
8.85000E+00        1.22422369195E+04
8.85600E+00        1.22272453949E+04
8.86200E+00        1.22122812445E+04
8.86800E+00        1.21973444021E+04
8.87400E+00        1.21824348019E+04
8.88000E+00        1.21676766203E+04
8.88600E+00        1.21528211552E+04
8.89200E+00        1.21379927358E+04
8.89800E+00        1.21231912968E+04
8.90400E+00        1.21084167733E+04
8.91000E+00        1.20936691004E+04
8.91600E+00        1.20789482136E+04
8.92200E+00        1.20642417298E+04
8.92800E+00        1.20495865406E+04
8.93400E+00        1.20349456262E+04
8.94000E+00        1.20203312413E+04
8.94600E+00        1.20057433224E+04
8.95200E+00        1.19911818059E+04
8.95800E+00        1.19766466286E+04
8.96400E+00        1.19621377274E+04
8.97000E+00        1.19476428401E+04
8.97600E+00        1.19331985020E+04
8.98200E+00        1.19187558826E+04
8.98800E+00        1.19043514734E+04
8.99400E+00        1.18899730278E+04
9.00000E+00        1.18756204836E+04
9.00600E+00        1.18612937791E+04
9.01200E+00        1.18469928528E+04
9.01800E+00        1.18327176431E+04
9.02400E+00        1.18184680889E+04
9.03000E+00        1.18042441291E+04
9.03600E+00        1.17900457029E+04
9.04200E+00        1.17758727495E+04
9.04800E+00        1.17617252084E+04
9.05400E+00        1.17476030192E+04
9.06000E+00        1.17335181025E+04
9.06600E+00        1.17194464226E+04
9.07200E+00        1.17053999148E+04
9.07800E+00        1.16913665819E+04
9.08400E+00        1.16773702538E+04
9.09000E+00        1.16633989193E+04
9.09600E+00        1.16494525194E+04
9.10200E+00        1.16355309950E+04
9.10800E+00        1.16216461538E+04
9.11400E+00        1.16077741904E+04
9.12000E+00        1.15939269268E+04
9.12600E+00        1.15801043049E+04
9.13200E+00        1.15662944568E+04
9.13800E+00        1.15525327538E+04
9.14400E+00        1.15387837089E+04
9.15000E+00        1.15250590744E+04
9.15600E+00        1.15113587927E+04
9.16200E+00        1.14976828068E+04
9.16800E+00        1.14840310595E+04
9.17400E+00        1.14704034939E+04
9.18000E+00        1.14568000533E+04
9.18600E+00        1.14432206811E+04
9.19200E+00        1.14296653210E+04
9.19800E+00        1.14161339165E+04
9.20400E+00        1.14026264118E+04
9.21000E+00        1.13891427509E+04
9.21600E+00        1.13756828780E+04
9.22200E+00        1.13622467375E+04
9.22800E+00        1.13488342740E+04
9.23400E+00        1.13354454322E+04
9.24000E+00        1.13220801571E+04
9.24600E+00        1.13087383936E+04
9.25200E+00        1.12954200870E+04
9.25800E+00        1.12821251827E+04
9.26400E+00        1.12688536261E+04
9.27000E+00        1.12556053630E+04
9.27600E+00        1.12423803392E+04
9.28200E+00        1.12291785007E+04
9.28800E+00        1.12159997936E+04
9.29400E+00        1.12029585468E+04
9.30000E+00        1.11898258075E+04
9.30600E+00        1.11767160393E+04
9.31200E+00        1.11636291888E+04
9.31800E+00        1.11505652032E+04
9.32400E+00        1.11375240293E+04
9.33000E+00        1.11245056145E+04
9.33600E+00        1.11115099062E+04
9.34200E+00        1.10985368517E+04
9.34800E+00        1.10855977173E+04
9.35400E+00        1.10726698008E+04
9.36000E+00        1.10597643817E+04
9.36600E+00        1.10468814083E+04
9.37200E+00        1.10340208287E+04
9.37800E+00        1.10211825914E+04
9.38400E+00        1.10083666450E+04
9.39000E+00        1.09955729381E+04
9.39600E+00        1.09828014198E+04
9.40200E+00        1.09700520388E+04
9.40800E+00        1.09573247445E+04
9.41400E+00        1.09446194861E+04
9.42000E+00        1.09319362131E+04
9.42600E+00        1.09192748750E+04
9.43200E+00        1.09066354216E+04
9.43800E+00        1.08940289253E+04
9.44400E+00        1.08814330781E+04
9.45000E+00        1.08688589657E+04
9.45600E+00        1.08563065384E+04
9.46200E+00        1.08437757466E+04
9.46800E+00        1.08312665408E+04
9.47400E+00        1.08187788719E+04
9.48000E+00        1.08063126906E+04
9.48600E+00        1.07938679480E+04
9.49200E+00        1.07814445952E+04
9.49800E+00        1.07690425835E+04
9.50400E+00        1.07566618644E+04
9.51000E+00        1.07443133588E+04
9.51600E+00        1.07319750668E+04
9.52200E+00        1.07196579225E+04
9.52800E+00        1.07073618777E+04
9.53400E+00        1.06950868845E+04
9.54000E+00        1.06828328953E+04
9.54600E+00        1.06705998623E+04
9.55200E+00        1.06583877381E+04
9.55800E+00        1.06461964753E+04
9.56400E+00        1.06341345951E+04
9.57000E+00        1.06219847894E+04
9.57600E+00        1.06098665360E+04
9.58200E+00        1.05977581118E+04
9.58800E+00        1.05856703143E+04
9.59400E+00        1.05736030971E+04
9.60000E+00        1.05615564136E+04
9.60600E+00        1.05495302176E+04
9.61200E+00        1.05375244630E+04
9.61800E+00        1.05255391035E+04
9.62400E+00        1.05135740934E+04
9.63000E+00        1.05016293868E+04
9.63600E+00        1.04897049381E+04
9.64200E+00        1.04778007017E+04
9.64800E+00        1.04659273171E+04
9.65400E+00        1.04540633571E+04
9.66000E+00        1.04422194736E+04
9.66600E+00        1.04303956215E+04
9.67200E+00        1.04185917559E+04
9.67800E+00        1.04068078321E+04
9.68400E+00        1.03950438054E+04
9.69000E+00        1.03832996313E+04
9.69600E+00        1.03715752653E+04
9.70200E+00        1.03598706631E+04
9.70800E+00        1.03481857807E+04
9.71400E+00        1.03365311266E+04
9.72000E+00        1.03248855396E+04
9.72600E+00        1.03132595406E+04
9.73200E+00        1.03016530859E+04
9.73800E+00        1.02900661319E+04
9.74400E+00        1.02784986352E+04
9.75000E+00        1.02669505524E+04
9.75600E+00        1.02554218404E+04
9.76200E+00        1.02439124561E+04
9.76800E+00        1.02324223566E+04
9.77400E+00        1.02209514990E+04
9.78000E+00        1.02095102634E+04
9.78600E+00        1.01980777498E+04
9.79200E+00        1.01867683459E+04
9.79800E+00        1.01753739018E+04
9.80400E+00        1.01639984874E+04
9.81000E+00        1.01526420605E+04
9.81600E+00        1.01413045791E+04
9.82200E+00        1.01299860014E+04
9.82800E+00        1.01186862855E+04
9.83400E+00        1.01074157082E+04
9.84000E+00        1.00961535795E+04
9.84600E+00        1.00849101881E+04
9.85200E+00        1.00736854924E+04
9.85800E+00        1.00624794514E+04
9.86400E+00        1.00512920239E+04
9.87000E+00        1.00401231690E+04
9.87600E+00        1.00289728456E+04
9.88200E+00        1.00178410132E+04
9.88800E+00        1.00067378465E+04
9.89400E+00        9.99564286260E+03
9.90000E+00        9.98456624792E+03
9.90600E+00        9.97350796216E+03
9.91200E+00        9.96246796510E+03
9.91800E+00        9.95144621663E+03
9.92400E+00        9.94044267676E+03
9.93000E+00        9.92945730560E+03
9.93600E+00        9.91849006336E+03
9.94200E+00        9.90755102459E+03
9.94800E+00        9.89661991012E+03
9.95400E+00        9.88570680591E+03
9.96000E+00        9.87481167259E+03
9.96600E+00        9.86393447094E+03
9.97200E+00        9.85307516180E+03
9.97800E+00        9.84223370615E+03
9.98400E+00        9.83141006507E+03
9.99000E+00        9.82060419974E+03
9.99600E+00        9.80982608579E+03
1.00020E+01        9.79915567834E+03
1.00080E+01        9.78840278752E+03
1.00140E+01        9.77766751841E+03
1.00200E+01        9.76694983272E+03
1.00260E+01        9.75624969225E+03
1.00320E+01        9.74556705892E+03
1.00380E+01        9.73490189473E+03
1.00440E+01        9.72426408860E+03
1.00500E+01        9.71363373828E+03
1.00560E+01        9.70302074376E+03
1.00620E+01        9.69242506747E+03
1.00680E+01        9.68184667193E+03
1.00740E+01        9.67128551976E+03
1.00800E+01        9.66074157367E+03
1.00860E+01        9.65021479650E+03
1.00920E+01        9.63971499158E+03
1.00980E+01        9.62922243037E+03
1.01040E+01        9.61874692716E+03
1.01100E+01        9.60828844516E+03
1.01160E+01        9.59784694769E+03
1.01220E+01        9.58742239816E+03
1.01280E+01        9.57701476009E+03
1.01340E+01        9.56662399709E+03
1.01400E+01        9.55625982800E+03
1.01460E+01        9.54590269578E+03
1.01520E+01        9.53556233006E+03
1.01580E+01        9.52523869484E+03
1.01640E+01        9.51493175421E+03
1.01700E+01        9.50464147238E+03
1.01760E+01        9.49436781361E+03
1.01820E+01        9.48411074230E+03
1.01880E+01        9.47387022291E+03
1.01940E+01        9.46375248551E+03
1.02000E+01        9.45354484906E+03
1.02060E+01        9.44335365871E+03
1.02120E+01        9.43317887933E+03
1.02180E+01        9.42302047585E+03
1.02240E+01        9.41287841331E+03
1.02300E+01        9.40275265684E+03
1.02360E+01        9.39264317167E+03
1.02420E+01        9.38255950064E+03
1.02480E+01        9.37248244380E+03
1.02540E+01        9.36242155450E+03
1.02600E+01        9.35237679832E+03
1.02660E+01        9.34234814095E+03
1.02720E+01        9.33233554815E+03
1.02780E+01        9.32233898580E+03
1.02840E+01        9.31235841984E+03
1.02900E+01        9.30239381631E+03
1.02960E+01        9.29245462681E+03
1.03020E+01        9.28252183650E+03
1.03080E+01        9.27260490729E+03
1.03140E+01        9.26270380561E+03
1.03200E+01        9.25281849793E+03
1.03260E+01        9.24294895082E+03
1.03320E+01        9.23309513096E+03
1.03380E+01        9.22325700509E+03
1.03440E+01        9.21343454005E+03
1.03500E+01        9.20362770278E+03
1.03560E+01        9.19384584496E+03
1.03620E+01        9.18407015433E+03
1.03680E+01        9.17430999278E+03
1.03740E+01        9.16464952055E+03
1.03800E+01        9.15492957441E+03
1.03860E+01        9.14521570479E+03
1.03920E+01        9.13551723400E+03
1.03980E+01        9.12583412965E+03
1.04040E+01        9.11616635944E+03
1.04100E+01        9.10652318652E+03
1.04160E+01        9.09688597816E+03
1.04220E+01        9.08726400756E+03
1.04280E+01        9.07765724274E+03
1.04340E+01        9.06806565182E+03
1.04400E+01        9.05848920299E+03
1.04460E+01        9.04892786455E+03
1.04520E+01        9.03938160486E+03
1.04580E+01        9.02985039236E+03
1.04640E+01        9.02033419558E+03
1.04700E+01        9.01083298314E+03
1.04760E+01        9.00135591164E+03
1.04820E+01        8.99188456435E+03
1.04880E+01        8.98242810773E+03
1.04940E+01        8.97298651073E+03
1.05000E+01        8.96355974234E+03
1.05060E+01        8.95414777169E+03
1.05120E+01        8.94475056792E+03
1.05180E+01        8.93536810032E+03
1.05240E+01        8.92600033821E+03
1.05300E+01        8.91664725100E+03
1.05360E+01        8.90730880820E+03
1.05420E+01        8.89798497938E+03
1.05480E+01        8.88868480696E+03
1.05540E+01        8.87939010563E+03
1.05600E+01        8.87020046550E+03
1.05660E+01        8.86093468575E+03
1.05720E+01        8.85168336918E+03
1.05780E+01        8.84244648583E+03
1.05840E+01        8.83322400582E+03
1.05900E+01        8.82401589935E+03
1.05960E+01        8.81482213669E+03
1.06020E+01        8.80564268818E+03
1.06080E+01        8.79647752425E+03
1.06140E+01        8.78732661541E+03
1.06200E+01        8.77819889202E+03
1.06260E+01        8.76907639582E+03
1.06320E+01        8.75996806667E+03
1.06380E+01        8.75087387538E+03
1.06440E+01        8.74179379282E+03
1.06500E+01        8.73272778993E+03
1.06560E+01        8.72367583776E+03
1.06620E+01        8.71463790740E+03
1.06680E+01        8.70561397001E+03
1.06740E+01        8.69660399686E+03
1.06800E+01        8.68760795926E+03
1.06860E+01        8.67862582860E+03
1.06920E+01        8.66965757635E+03
1.06980E+01        8.66070317406E+03
1.07040E+01        8.65176259334E+03
1.07100E+01        8.64283580586E+03
1.07160E+01        8.63392278339E+03
1.07220E+01        8.62502349776E+03
1.07280E+01        8.61613792087E+03
1.07340E+01        8.60727480984E+03
1.07400E+01        8.59850431843E+03
1.07460E+01        8.58965960047E+03
1.07520E+01        8.58082847971E+03
1.07580E+01        8.57201092842E+03
1.07640E+01        8.56320691892E+03
1.07700E+01        8.55441642360E+03
1.07760E+01        8.54563941494E+03
1.07820E+01        8.53687586546E+03
1.07880E+01        8.52812574777E+03
1.07940E+01        8.51938903455E+03
1.08000E+01        8.51066569855E+03
1.08060E+01        8.50195571257E+03
1.08120E+01        8.49325904949E+03
1.08180E+01        8.48457568228E+03
1.08240E+01        8.47590558394E+03
1.08300E+01        8.46724872756E+03
1.08360E+01        8.45860508629E+03
1.08420E+01        8.44997463337E+03
1.08480E+01        8.44135734208E+03
1.08540E+01        8.43275318577E+03
1.08600E+01        8.42416213787E+03
1.08660E+01        8.41558417187E+03
1.08720E+01        8.40701926133E+03
1.08780E+01        8.39846737987E+03
1.08840E+01        8.38992850118E+03
1.08900E+01        8.38140259902E+03
1.08960E+01        8.37288964722E+03
1.09020E+01        8.36438961965E+03
1.09080E+01        8.35590249028E+03
1.09140E+01        8.34742823311E+03
1.09200E+01        8.33896682225E+03
1.09260E+01        8.33060325498E+03
1.09320E+01        8.32216737304E+03
1.09380E+01        8.31374426015E+03
1.09440E+01        8.30533389068E+03
1.09500E+01        8.29693623901E+03
1.09560E+01        8.28855127964E+03
1.09620E+01        8.28017898708E+03
1.09680E+01        8.27181933593E+03
1.09740E+01        8.26348073460E+03
1.09800E+01        8.25513785660E+03
1.09860E+01        8.24681597792E+03
1.09920E+01        8.23850663968E+03
1.09980E+01        8.23020981678E+03
1.10040E+01        8.22192548421E+03
1.10100E+01        8.21365361700E+03
1.10160E+01        8.20539419025E+03
1.10220E+01        8.19714717913E+03
1.10280E+01        8.18891255884E+03
1.10340E+01        8.18069030468E+03
1.10400E+01        8.17248039200E+03
1.10460E+01        8.16428279620E+03
1.10520E+01        8.15609749274E+03
1.10580E+01        8.14792445716E+03
1.10640E+01        8.13976366504E+03
1.10700E+01        8.13161509204E+03
1.10760E+01        8.12347871387E+03
1.10820E+01        8.11535450628E+03
1.10880E+01        8.10724244512E+03
1.10940E+01        8.09914250627E+03
1.11000E+01        8.09105466569E+03
1.11060E+01        8.08297889937E+03
1.11120E+01        8.07491518339E+03
1.11180E+01        8.06694582258E+03
1.11240E+01        8.05890605358E+03
1.11300E+01        8.05087826359E+03
1.11360E+01        8.04286242892E+03
1.11420E+01        8.03485852593E+03
1.11480E+01        8.02686653103E+03
1.11540E+01        8.01888642071E+03
1.11600E+01        8.01091817149E+03
1.11660E+01        8.00296175997E+03
1.11720E+01        7.99501716281E+03
1.11780E+01        7.98708435669E+03
1.11840E+01        7.97916331840E+03
1.11900E+01        7.97125402475E+03
1.11960E+01        7.96335645262E+03
1.12020E+01        7.95547057894E+03
1.12080E+01        7.94759638071E+03
1.12140E+01        7.93973383496E+03
1.12200E+01        7.93188291882E+03
1.12260E+01        7.92404360942E+03
1.12320E+01        7.91621588400E+03
1.12380E+01        7.90839164891E+03
1.12440E+01        7.90058703126E+03
1.12500E+01        7.89279392955E+03
1.12560E+01        7.88501232122E+03
1.12620E+01        7.87724218374E+03
1.12680E+01        7.86948349468E+03
1.12740E+01        7.86173623163E+03
1.12800E+01        7.85400037225E+03
1.12860E+01        7.84627589424E+03
1.12920E+01        7.83856277538E+03
1.12980E+01        7.83086099348E+03
1.13040E+01        7.82317052642E+03
1.13100E+01        7.81549135211E+03
1.13160E+01        7.80790313013E+03
1.13220E+01        7.80024639712E+03
1.13280E+01        7.79260089108E+03
1.13340E+01        7.78496659015E+03
1.13400E+01        7.77734347253E+03
1.13460E+01        7.76973151646E+03
1.13520E+01        7.76212277884E+03
1.13580E+01        7.75453308856E+03
1.13640E+01        7.74695449488E+03
1.13700E+01        7.73938697624E+03
1.13760E+01        7.73183051115E+03
1.13820E+01        7.72428507818E+03
1.13880E+01        7.71675065592E+03
1.13940E+01        7.70922722305E+03
1.14000E+01        7.70171475827E+03
1.14060E+01        7.69421324035E+03
1.14120E+01        7.68672264811E+03
1.14180E+01        7.67924296041E+03
1.14240E+01        7.67177415618E+03
1.14300E+01        7.66430839289E+03
1.14360E+01        7.65686130015E+03
1.14420E+01        7.64942502791E+03
1.14480E+01        7.64199955530E+03
1.14540E+01        7.63458486149E+03
1.14600E+01        7.62718092570E+03
1.14660E+01        7.61978772720E+03
1.14720E+01        7.61240524531E+03
1.14780E+01        7.60503345939E+03
1.14840E+01        7.59767234887E+03
1.14900E+01        7.59032189321E+03
1.14960E+01        7.58298207194E+03
1.15020E+01        7.57564513370E+03
1.15080E+01        7.56832652741E+03
1.15140E+01        7.56101849434E+03
1.15200E+01        7.55379809935E+03
1.15260E+01        7.54651107745E+03
1.15320E+01        7.53923456816E+03
1.15380E+01        7.53196855133E+03
1.15440E+01        7.52471300686E+03
1.15500E+01        7.51746791472E+03
1.15560E+01        7.51023325489E+03
1.15620E+01        7.50300900744E+03
1.15680E+01        7.49578750319E+03
1.15740E+01        7.48858402816E+03
1.15800E+01        7.48139090592E+03
1.15860E+01        7.47420811671E+03
1.15920E+01        7.46703564081E+03
1.15980E+01        7.45987345855E+03
1.16040E+01        7.45272155031E+03
1.16100E+01        7.44557989651E+03
1.16160E+01        7.43844847762E+03
1.16220E+01        7.43132727417E+03
1.16280E+01        7.42421626671E+03
1.16340E+01        7.41710786696E+03
1.16400E+01        7.41001720061E+03
1.16460E+01        7.40293667221E+03
1.16520E+01        7.39586626251E+03
1.16580E+01        7.38880595229E+03
1.16640E+01        7.38175572241E+03
1.16700E+01        7.37471555373E+03
1.16760E+01        7.36768542719E+03
1.16820E+01        7.36065781253E+03
1.16880E+01        7.35364772039E+03
1.16940E+01        7.34664761343E+03
1.17000E+01        7.33965747276E+03
1.17060E+01        7.33267727953E+03
1.17120E+01        7.32570701494E+03
1.17180E+01        7.31874666022E+03
1.17240E+01        7.31179619667E+03
1.17300E+01        7.30490530048E+03
1.17360E+01        7.29799189276E+03
1.17420E+01        7.29107092720E+03
1.17480E+01        7.28415977848E+03
1.17540E+01        7.27725842808E+03
1.17600E+01        7.27036685757E+03
1.17660E+01        7.26348504852E+03
1.17720E+01        7.25661298257E+03
1.17780E+01        7.24975064139E+03
1.17840E+01        7.24289800672E+03
1.17900E+01        7.23604767641E+03
1.17960E+01        7.22921440703E+03
1.18020E+01        7.22239078955E+03
1.18080E+01        7.21557680586E+03
1.18140E+01        7.20877243788E+03
1.18200E+01        7.20197766759E+03
1.18260E+01        7.19519247702E+03
1.18320E+01        7.18841684821E+03
1.18380E+01        7.18164343495E+03
1.18440E+01        7.17488688291E+03
1.18500E+01        7.16813983905E+03
1.18560E+01        7.16140228560E+03
1.18620E+01        7.15467420481E+03
1.18680E+01        7.14795557900E+03
1.18740E+01        7.14124639052E+03
1.18800E+01        7.13453934155E+03
1.18860E+01        7.12784898176E+03
1.18920E+01        7.12116800657E+03
1.18980E+01        7.11449639850E+03
1.19040E+01        7.10783414010E+03
1.19100E+01        7.10118121397E+03
1.19160E+01        7.09453760272E+03
1.19220E+01        7.08789605648E+03
1.19280E+01        7.08127102986E+03
1.19340E+01        7.07465526625E+03
1.19400E+01        7.06804874847E+03
1.19460E+01        7.06145145934E+03
1.19520E+01        7.05493536991E+03
1.19580E+01        7.04835641953E+03
1.19640E+01        7.04178664663E+03
1.19700E+01        7.03521885553E+03
1.19760E+01        7.02866739330E+03
1.19820E+01        7.02212505763E+03
1.19880E+01        7.01559183164E+03
1.19940E+01        7.00906769846E+03
1.20000E+01        7.00255264129E+03
1.20060E+01        6.99604664335E+03
1.20120E+01        6.98954255586E+03
1.20180E+01        6.98305463284E+03
1.20240E+01        6.97657571894E+03
1.20300E+01        6.97010579754E+03
1.20360E+01        6.96364485206E+03
1.20420E+01        6.95719286596E+03
1.20480E+01        6.95074273033E+03
1.20540E+01        6.94430862007E+03
1.20600E+01        6.93788341977E+03
1.20660E+01        6.93146711303E+03
1.20720E+01        6.92505968351E+03
1.20780E+01        6.91866111487E+03
1.20840E+01        6.91227139084E+03
1.20900E+01        6.90588344859E+03
1.20960E+01        6.89951137160E+03
1.21020E+01        6.89314809058E+03
1.21080E+01        6.88679358940E+03
1.21140E+01        6.88044785198E+03
1.21200E+01        6.87411086224E+03
1.21260E+01        6.86777559650E+03
1.21320E+01        6.86145606057E+03
1.21380E+01        6.85514522436E+03
1.21440E+01        6.84884307196E+03
1.21500E+01        6.84254958748E+03
1.21560E+01        6.83626475510E+03
1.21620E+01        6.82998158993E+03
1.21680E+01        6.82371402074E+03
1.21740E+01        6.81752376028E+03
1.21800E+01        6.81127417990E+03
1.21860E+01        6.80503231422E+03
1.21920E+01        6.79879900642E+03
1.21980E+01        6.79256731011E+03
1.22040E+01        6.78635107766E+03
1.22100E+01        6.78014335642E+03
1.22160E+01        6.77394413089E+03
1.22220E+01        6.76775338563E+03
1.22280E+01        6.76156420609E+03
1.22340E+01        6.75539038145E+03
1.22400E+01        6.74922499092E+03
1.22460E+01        6.74306801920E+03
1.22520E+01        6.73691945101E+03
1.22580E+01        6.73077927111E+03
1.22640E+01        6.72464060287E+03
1.22700E+01        6.71851716020E+03
1.22760E+01        6.71240206030E+03
1.22820E+01        6.70629528805E+03
1.22880E+01        6.70019682839E+03
1.22940E+01        6.69409983604E+03
1.23000E+01        6.68801796269E+03
1.23060E+01        6.68194435690E+03
1.23120E+01        6.67587900375E+03
1.23180E+01        6.66982188833E+03
1.23240E+01        6.66377299577E+03
1.23300E+01        6.65772551817E+03
1.23360E+01        6.65169303304E+03
1.23420E+01        6.64566872636E+03
1.23480E+01        6.63965258339E+03
1.23540E+01        6.63364458945E+03
1.23600E+01        6.62763796750E+03
1.23660E+01        6.62164623373E+03
1.23720E+01        6.61566260506E+03
1.23780E+01        6.60968706693E+03
1.23840E+01        6.60371960479E+03
1.23900E+01        6.59775347230E+03
1.23960E+01        6.59180212474E+03
1.24020E+01        6.58585880974E+03
1.24080E+01        6.57992351290E+03
1.24140E+01        6.57406329548E+03
1.24200E+01        6.56813722988E+03
1.24260E+01        6.56222584705E+03
1.24320E+01        6.55632242513E+03
1.24380E+01        6.55042694989E+03
1.24440E+01        6.54453940710E+03
1.24500E+01        6.53865311117E+03
1.24560E+01        6.53278139677E+03
1.24620E+01        6.52691757235E+03
1.24680E+01        6.52106162384E+03
1.24740E+01        6.51521353716E+03
1.24800E+01        6.50936665679E+03
1.24860E+01        6.50353425770E+03
1.24920E+01        6.49770967844E+03
1.24980E+01        6.49189290509E+03
1.25040E+01        6.48608392375E+03
1.25100E+01        6.48027610875E+03
1.25160E+01        6.47448267574E+03
1.25220E+01        6.46869699321E+03
1.25280E+01        6.46291904737E+03
1.25340E+01        6.45714882446E+03
1.25400E+01        6.45137972850E+03
1.25460E+01        6.44562491623E+03
1.25520E+01        6.43987778582E+03
1.25580E+01        6.43413832365E+03
1.25640E+01        6.42840651611E+03
1.25700E+01        6.42267579668E+03
1.25760E+01        6.41695926358E+03
1.25820E+01        6.41125034450E+03
1.25880E+01        6.40554902595E+03
1.25940E+01        6.39984876483E+03
1.26000E+01        6.39416261284E+03
1.26060E+01        6.38848402112E+03
1.26120E+01        6.38281297631E+03
1.26180E+01        6.37714946508E+03
1.26240E+01        6.37148697342E+03
1.26300E+01        6.36583849524E+03
1.26360E+01        6.36019751080E+03
1.26420E+01        6.35456400691E+03
1.26480E+01        6.34893797036E+03
1.26540E+01        6.34331676843E+03
1.26600E+01        6.33776644246E+03
1.26660E+01        6.33216267764E+03
1.26720E+01        6.32656632779E+03
1.26780E+01        6.32097093082E+03
1.26840E+01        6.31538937751E+03
1.26900E+01        6.30981520012E+03
1.26960E+01        6.30424838570E+03
1.27020E+01        6.29868892132E+03
1.27080E+01        6.29313037347E+03
1.27140E+01        6.28758557617E+03
1.27200E+01        6.28204809028E+03
1.27260E+01        6.27651790300E+03
1.27320E+01        6.27098860354E+03
1.27380E+01        6.26547298077E+03
1.27440E+01        6.25996461832E+03
1.27500E+01        6.25446350349E+03
1.27560E+01        6.24896324809E+03
1.27620E+01        6.24347659609E+03
1.27680E+01        6.23799715377E+03
1.27740E+01        6.23252490851E+03
1.27800E+01        6.22705984777E+03
1.27860E+01        6.22159561143E+03
1.27920E+01        6.21614488768E+03
1.27980E+01        6.21070131089E+03
1.28040E+01        6.20526486862E+03
1.28100E+01        6.19982922309E+03
1.28160E+01        6.19440701811E+03
1.28220E+01        6.18899191043E+03
1.28280E+01        6.18358388769E+03
1.28340E+01        6.17817663435E+03
1.28400E+01        6.17278275008E+03
1.28460E+01        6.16739591386E+03
1.28520E+01        6.16201611345E+03
1.28580E+01        6.15663705540E+03
1.28640E+01        6.15127129547E+03
1.28700E+01        6.14591253478E+03
1.28760E+01        6.14056076118E+03
1.28820E+01        6.13520970322E+03
1.28880E+01        6.12987187297E+03
1.28940E+01        6.12454099356E+03
1.29000E+01        6.11921705295E+03
1.29060E+01        6.11389380156E+03
1.29120E+01        6.10864602961E+03
1.29180E+01        6.10334278474E+03
1.29240E+01        6.09804643087E+03
1.29300E+01        6.09275074016E+03
1.29360E+01        6.08746813800E+03
1.29420E+01        6.08219239120E+03
1.29480E+01        6.07692348793E+03
1.29540E+01        6.07166141639E+03
1.29600E+01        6.06639997579E+03
1.29660E+01        6.06115153778E+03
1.29720E+01        6.05590989624E+03
1.29780E+01        6.05066886651E+03
1.29840E+01        6.04544078819E+03
1.29900E+01        6.04021947130E+03
1.29960E+01        6.03500490424E+03
1.30020E+01        6.02979092374E+03
1.30080E+01        6.02458982684E+03
1.30140E+01        6.01939544503E+03
1.30200E+01        6.01420776677E+03
1.30260E+01        6.00902065014E+03
1.30320E+01        6.00384634981E+03
1.30380E+01        5.99867871860E+03
1.30440E+01        5.99351774508E+03
1.30500E+01        5.98835730852E+03
1.30560E+01        5.98320962146E+03
1.30620E+01        5.97806855796E+03
1.30680E+01        5.97293410667E+03
1.30740E+01        5.96780016796E+03
1.30800E+01        5.96267891245E+03
1.30860E+01        5.95756423531E+03
1.30920E+01        5.95245612530E+03
1.30980E+01        5.94734850375E+03
1.31040E+01        5.94225349961E+03
1.31100E+01        5.93716502903E+03
1.31160E+01        5.93207702902E+03
1.31220E+01        5.92700159737E+03
1.31280E+01        5.92193266593E+03
1.31340E+01        5.91687022364E+03
1.31400E+01        5.91180822829E+03
1.31460E+01        5.90675873634E+03
1.31520E+01        5.90171570047E+03
1.31580E+01        5.89667910971E+03
1.31640E+01        5.89164294251E+03
1.31700E+01        5.88667926874E+03
1.31760E+01        5.88166190154E+03
1.31820E+01        5.87664494064E+03
1.31880E+01        5.87164037069E+03
1.31940E+01        5.86664218053E+03
1.32000E+01        5.86165035935E+03
1.32060E+01        5.85665892157E+03
1.32120E+01        5.85167981109E+03
1.32180E+01        5.84670703729E+03
1.32240E+01        5.84174058943E+03
1.32300E+01        5.83677450234E+03
1.32360E+01        5.83182067937E+03
1.32420E+01        5.82687315031E+03
1.32480E+01        5.82192596520E+03
1.32540E+01        5.81699099714E+03
1.32600E+01        5.81206229115E+03
1.32660E+01        5.80713983668E+03
1.32720E+01        5.80221770396E+03
1.32780E+01        5.79730772593E+03
1.32840E+01        5.79240396783E+03
1.32900E+01        5.78750641921E+03
1.32960E+01        5.78260917040E+03
1.33020E+01        5.77772401436E+03
1.33080E+01        5.77284503649E+03
1.33140E+01        5.76796634214E+03
1.33200E+01        5.76309969442E+03
1.33260E+01        5.75823919375E+03
1.33320E+01        5.75337896048E+03
1.33380E+01        5.74853072792E+03
1.33440E+01        5.74368861152E+03
1.33500E+01        5.73885260100E+03
1.33560E+01        5.73401683655E+03
1.33620E+01        5.72919301203E+03
1.33680E+01        5.72437526274E+03
1.33740E+01        5.71955774370E+03
1.33800E+01        5.71475211928E+03
1.33860E+01        5.70995253963E+03
1.33920E+01        5.70515899464E+03
1.33980E+01        5.70036565900E+03
1.34040E+01        5.69558415796E+03
1.34100E+01        5.69080866136E+03
1.34160E+01        5.68603335861E+03
1.34220E+01        5.68126984571E+03
1.34280E+01        5.67651230725E+03
1.34340E+01        5.67176073324E+03
1.34400E+01        5.66706714418E+03
1.34460E+01        5.66232742572E+03
1.34520E+01        5.65759364201E+03
1.34580E+01        5.65286001652E+03
1.34640E+01        5.64813807751E+03
1.34700E+01        5.64342204366E+03
1.34760E+01        5.63870615294E+03
1.34820E+01        5.63400190478E+03
1.34880E+01        5.62930353238E+03
1.34940E+01        5.62461102597E+03
1.35000E+01        5.61991864281E+03
1.35060E+01        5.61523784398E+03
1.35120E+01        5.61056288199E+03
1.35180E+01        5.60588802847E+03
1.35240E+01        5.60122471590E+03
1.35300E+01        5.59656721119E+03
1.35360E+01        5.59190980029E+03
1.35420E+01        5.58726388720E+03
1.35480E+01        5.58262375316E+03
1.35540E+01        5.57798938861E+03
1.35600E+01        5.57335509854E+03
1.35660E+01        5.56873224911E+03
1.35720E+01        5.56411514060E+03
1.35780E+01        5.55949809222E+03
1.35840E+01        5.55489244185E+03
1.35900E+01        5.55029250403E+03
1.35960E+01        5.54569261208E+03
1.36020E+01        5.54110407578E+03
1.36080E+01        5.53652122380E+03
1.36140E+01        5.53193840358E+03
1.36200E+01        5.52736689685E+03
1.36260E+01        5.52280104640E+03
1.36320E+01        5.51824084293E+03
1.36380E+01        5.51368065260E+03
1.36440E+01        5.50913171989E+03
1.36500E+01        5.50458840634E+03
1.36560E+01        5.50004509210E+03
1.36620E+01        5.49551299385E+03
1.36680E+01        5.49098648712E+03
1.36740E+01        5.48645996598E+03
1.36800E+01        5.48194461941E+03
1.36860E+01        5.47743483690E+03
1.36920E+01        5.47292502638E+03
1.36980E+01        5.46842634923E+03
1.37040E+01        5.46393320883E+03
1.37100E+01        5.45944002695E+03
1.37160E+01        5.45501358344E+03
1.37220E+01        5.45053695785E+03
1.37280E+01        5.44606027746E+03
1.37340E+01        5.44159464877E+03
1.37400E+01        5.43713450278E+03
1.37460E+01        5.43267428874E+03
1.37520E+01        5.42822508585E+03
1.37580E+01        5.42378133886E+03
1.37640E+01        5.41933751068E+03
1.37700E+01        5.41490465333E+03
1.37760E+01        5.41047722522E+03
1.37820E+01        5.40604970290E+03
1.37880E+01        5.40163311129E+03
1.37940E+01        5.39722192245E+03
1.38000E+01        5.39281612758E+03
1.38060E+01        5.38841022132E+03
1.38120E+01        5.38401519259E+03
1.38180E+01        5.37962004396E+03
1.38240E+01        5.37523574641E+03
1.38300E+01        5.37085679916E+03
1.38360E+01        5.36648319350E+03
1.38420E+01        5.36210945103E+03
1.38480E+01        5.35774650706E+03
1.38540E+01        5.35338341789E+03
1.38600E+01        5.34903110105E+03
1.38660E+01        5.34468408265E+03
1.38720E+01        5.34034235411E+03
1.38780E+01        5.33600046377E+03
1.38840E+01        5.33166929370E+03
1.38900E+01        5.32733795360E+03
1.38960E+01        5.32301730788E+03
1.39020E+01        5.31870190937E+03
1.39080E+01        5.31439174961E+03
1.39140E+01        5.31008140349E+03
1.39200E+01        5.30578170023E+03
1.39260E+01        5.30148180253E+03
1.39320E+01        5.29719252207E+03
1.39380E+01        5.29290843821E+03
1.39440E+01        5.28862414787E+03
1.39500E+01        5.28435043649E+03
1.39560E+01        5.28008189664E+03
1.39620E+01        5.27581313836E+03
1.39680E+01        5.27155492098E+03
1.39740E+01        5.26730185020E+03
1.39800E+01        5.26304854914E+03
1.39860E+01        5.25880575111E+03
1.39920E+01        5.25456807491E+03
1.39980E+01        5.25033015669E+03
1.40040E+01        5.24615621697E+03
