# %ECSV 0.9
# ---
# datatype:
# - {name: wavelength, unit: micron, datatype: float64}
# - {name: flux, unit: microJansky, datatype: float64}
# schema: astropy-2.0
#
#
#  - - File generated by ExoNoodle - -
#         V1.0.0 - MML (CEA-Saclay)
#       2021-03-25 15:37:33.308590
wavelength flux 
3.00000E+00        7.36713170339E+04
3.00600E+00        7.34692595753E+04
3.01200E+00        7.32680155874E+04
3.01800E+00        7.30674521536E+04
3.02400E+00        7.28675777625E+04
3.03000E+00        7.26684986115E+04
3.03600E+00        7.24701588855E+04
3.04200E+00        7.22724961287E+04
3.04800E+00        7.20756228979E+04
3.05400E+00        7.18794748210E+04
3.06000E+00        7.16840007401E+04
3.06600E+00        7.14893015271E+04
3.07200E+00        7.12952725166E+04
3.07800E+00        7.11020086859E+04
3.08400E+00        7.09094077378E+04
3.09000E+00        7.07175165508E+04
3.09600E+00        7.05263885223E+04
3.10200E+00        7.03359115821E+04
3.10800E+00        7.01461375145E+04
3.11400E+00        6.99570634464E+04
3.12000E+00        6.97687386993E+04
3.12600E+00        6.95810559026E+04
3.13200E+00        6.93940645351E+04
3.13800E+00        6.92077600271E+04
3.14400E+00        6.90221430092E+04
3.15000E+00        6.88372072038E+04
3.15600E+00        6.86529515245E+04
3.16200E+00        6.84693748750E+04
3.16800E+00        6.82864710307E+04
3.17400E+00        6.81042406187E+04
3.18000E+00        6.79226774501E+04
3.18600E+00        6.77417804586E+04
3.19200E+00        6.75614963488E+04
3.19800E+00        6.73819286147E+04
3.20400E+00        6.72030154081E+04
3.21000E+00        6.70247590426E+04
3.21600E+00        6.68471534368E+04
3.22200E+00        6.66701510187E+04
3.22800E+00        6.64938439276E+04
3.23400E+00        6.63181794801E+04
3.24000E+00        6.61431104868E+04
3.24600E+00        6.59687316590E+04
3.25200E+00        6.57949874235E+04
3.25800E+00        6.56218276913E+04
3.26400E+00        6.54493497283E+04
3.27000E+00        6.52774512183E+04
3.27600E+00        6.51062289203E+04
3.28200E+00        6.49355778163E+04
3.28800E+00        6.47656006597E+04
3.29400E+00        6.45962380447E+04
3.30000E+00        6.44274440450E+04
3.30600E+00        6.42593125508E+04
3.31200E+00        6.40917415284E+04
3.31800E+00        6.39247781991E+04
3.32400E+00        6.37584692760E+04
3.33000E+00        6.35927135310E+04
3.33600E+00        6.34275578249E+04
3.34200E+00        6.32629996254E+04
3.34800E+00        6.30990851729E+04
3.35400E+00        6.29357143010E+04
3.36000E+00        6.27729333964E+04
3.36600E+00        6.26107368369E+04
3.37200E+00        6.24491284026E+04
3.37800E+00        6.22881490615E+04
3.38400E+00        6.21276999659E+04
3.39000E+00        6.19678315762E+04
3.39600E+00        6.18085352465E+04
3.40200E+00        6.16498131844E+04
3.40800E+00        6.14916598793E+04
3.41400E+00        6.13340759902E+04
3.42000E+00        6.11770545134E+04
3.42600E+00        6.10205520180E+04
3.43200E+00        6.08646559594E+04
3.43800E+00        6.07093166960E+04
3.44400E+00        6.05545333830E+04
3.45000E+00        6.04003021524E+04
3.45600E+00        6.02465786262E+04
3.46200E+00        6.00934476644E+04
3.46800E+00        5.99408632804E+04
3.47400E+00        5.97888231532E+04
3.48000E+00        5.96372788887E+04
3.48600E+00        5.94863204671E+04
3.49200E+00        5.93358535470E+04
3.49800E+00        5.91859632249E+04
3.50400E+00        5.90365645256E+04
3.51000E+00        5.88877406183E+04
3.51600E+00        5.87393981392E+04
3.52200E+00        5.85916272074E+04
3.52800E+00        5.84443349261E+04
3.53400E+00        5.82976080447E+04
3.54000E+00        5.81513570573E+04
3.54600E+00        5.80056234547E+04
3.55200E+00        5.78604468546E+04
3.55800E+00        5.77157384461E+04
3.56400E+00        5.75715437443E+04
3.57000E+00        5.74278548190E+04
3.57600E+00        5.72847152222E+04
3.58200E+00        5.71420370338E+04
3.58800E+00        5.69998610482E+04
3.59400E+00        5.68581837116E+04
3.60000E+00        5.67170043264E+04
3.60600E+00        5.65763207773E+04
3.61200E+00        5.64361295484E+04
3.61800E+00        5.62964313653E+04
3.62400E+00        5.61572633103E+04
3.63000E+00        5.60185406384E+04
3.63600E+00        5.58803033699E+04
3.64200E+00        5.57425049846E+04
3.64800E+00        5.56052324598E+04
3.65400E+00        5.54684377979E+04
3.66000E+00        5.53321189755E+04
3.66600E+00        5.51962753567E+04
3.67200E+00        5.50609049257E+04
3.67800E+00        5.49260056756E+04
3.68400E+00        5.47915742403E+04
3.69000E+00        5.46575705078E+04
3.69600E+00        5.45240715902E+04
3.70200E+00        5.43910359213E+04
3.70800E+00        5.42584615384E+04
3.71400E+00        5.41263046710E+04
3.72000E+00        5.39946471092E+04
3.72600E+00        5.38634436524E+04
3.73200E+00        5.37326950664E+04
3.73800E+00        5.36023553340E+04
3.74400E+00        5.34725068126E+04
3.75000E+00        5.33430662098E+04
3.75600E+00        5.32141101567E+04
3.76200E+00        5.30855994542E+04
3.76800E+00        5.29574899818E+04
3.77400E+00        5.28298196618E+04
3.78000E+00        5.27026286747E+04
3.78600E+00        5.25758742571E+04
3.79200E+00        5.24495153571E+04
3.79800E+00        5.23235882317E+04
3.80400E+00        5.21981313879E+04
3.81000E+00        5.20730661717E+04
3.81600E+00        5.19484648207E+04
3.82200E+00        5.18242529669E+04
3.82800E+00        5.17005012093E+04
3.83400E+00        5.15771342554E+04
3.84000E+00        5.14541864898E+04
3.84600E+00        5.13316970880E+04
3.85200E+00        5.12095848859E+04
3.85800E+00        5.10878891549E+04
3.86400E+00        5.09666424213E+04
3.87000E+00        5.08457704866E+04
3.87600E+00        5.07253072688E+04
3.88200E+00        5.06052926750E+04
3.88800E+00        5.04856441843E+04
3.89400E+00        5.03664005428E+04
3.90000E+00        5.02475600527E+04
3.90600E+00        5.01291210238E+04
3.91200E+00        5.00110817740E+04
3.91800E+00        4.98934779242E+04
3.92400E+00        4.97762318859E+04
3.93000E+00        4.96593818723E+04
3.93600E+00        4.95429237490E+04
3.94200E+00        4.94268583493E+04
3.94800E+00        4.93111803343E+04
3.95400E+00        4.91958917778E+04
3.96000E+00        4.90809898245E+04
3.96600E+00        4.89664716380E+04
3.97200E+00        4.88523368405E+04
3.97800E+00        4.87385850501E+04
3.98400E+00        4.86252122385E+04
3.99000E+00        4.85122180416E+04
3.99600E+00        4.83996008826E+04
4.00200E+00        4.82873579865E+04
4.00800E+00        4.81754902053E+04
4.01400E+00        4.80639935755E+04
4.02000E+00        4.79528677552E+04
4.02600E+00        4.78421123983E+04
4.03200E+00        4.77317235797E+04
4.03800E+00        4.76216997813E+04
4.04400E+00        4.75120430513E+04
4.05000E+00        4.74027116958E+04
4.05600E+00        4.72937787122E+04
4.06200E+00        4.71852047251E+04
4.06800E+00        4.70769906027E+04
4.07400E+00        4.69691325069E+04
4.08000E+00        4.68615951129E+04
4.08600E+00        4.67544470823E+04
4.09200E+00        4.66476518451E+04
4.09800E+00        4.65412079447E+04
4.10400E+00        4.64350780648E+04
4.11000E+00        4.63293325765E+04
4.11600E+00        4.62239317868E+04
4.12200E+00        4.61188444176E+04
4.12800E+00        4.60141346019E+04
4.13400E+00        4.59097686748E+04
4.14000E+00        4.58057086956E+04
4.14600E+00        4.57020218179E+04
4.15200E+00        4.55986405352E+04
4.15800E+00        4.54956316881E+04
4.16400E+00        4.53929506602E+04
4.17000E+00        4.52905815012E+04
4.17600E+00        4.51885792577E+04
4.18200E+00        4.50868636840E+04
4.18800E+00        4.49855234324E+04
4.19400E+00        4.48844673426E+04
4.20000E+00        4.47837836747E+04
4.20600E+00        4.46833816843E+04
4.21200E+00        4.45833492421E+04
4.21800E+00        4.44835960170E+04
4.22400E+00        4.43842094924E+04
4.23000E+00        4.42850997479E+04
4.23600E+00        4.41863428505E+04
4.24200E+00        4.40878823830E+04
4.24800E+00        4.39897609839E+04
4.25400E+00        4.38919335257E+04
4.26000E+00        4.37944097329E+04
4.26600E+00        4.36972428764E+04
4.27200E+00        4.36003444520E+04
4.27800E+00        4.35037568571E+04
4.28400E+00        4.34074896674E+04
4.29000E+00        4.33114551915E+04
4.29600E+00        4.32129504779E+04
4.30200E+00        4.31110149284E+04
4.30800E+00        4.30217073311E+04
4.31400E+00        4.29238862981E+04
4.32000E+00        4.28296464486E+04
4.32600E+00        4.27105843847E+04
4.33200E+00        4.26405715304E+04
4.33800E+00        4.25433940126E+04
4.34400E+00        4.24414707071E+04
4.35000E+00        4.23411565680E+04
4.35600E+00        4.22563533911E+04
4.36200E+00        4.21616479189E+04
4.36800E+00        4.20675712353E+04
4.37400E+00        4.19414542182E+04
4.38000E+00        4.18902672113E+04
4.38600E+00        4.17722426509E+04
4.39200E+00        4.17062707293E+04
4.39800E+00        4.15878163265E+04
4.40400E+00        4.15208278959E+04
4.41000E+00        4.14296969201E+04
4.41600E+00        4.13281043087E+04
4.42200E+00        4.12494249214E+04
4.42800E+00        4.11618938471E+04
4.43400E+00        4.10624809980E+04
4.44000E+00        4.09651711248E+04
4.44600E+00        4.08902926260E+04
4.45200E+00        4.08031609497E+04
4.45800E+00        4.07158662370E+04
4.46400E+00        4.06288441573E+04
4.47000E+00        4.05384718260E+04
4.47600E+00        4.04493762947E+04
4.48200E+00        4.03579912585E+04
4.48800E+00        4.02693181525E+04
4.49400E+00        4.01847849504E+04
4.50000E+00        4.00937263607E+04
4.50600E+00        4.00096618618E+04
4.51200E+00        3.99275365665E+04
4.51800E+00        3.98464855078E+04
4.52400E+00        3.97289874492E+04
4.53000E+00        3.96821063520E+04
4.53600E+00        3.95973770314E+04
4.54200E+00        3.95128270601E+04
4.54800E+00        3.94314260645E+04
4.55400E+00        3.93404962961E+04
4.56000E+00        3.92589242966E+04
4.56600E+00        3.91626848866E+04
4.57200E+00        3.90920365665E+04
4.57800E+00        3.90131398151E+04
4.58400E+00        3.89217643881E+04
4.59000E+00        3.88428625965E+04
4.59600E+00        3.87629358191E+04
4.60200E+00        3.86442898325E+04
4.60800E+00        3.85991719806E+04
4.61400E+00        3.85200153752E+04
4.62000E+00        3.84241596893E+04
4.62600E+00        3.83559342573E+04
4.63200E+00        3.82816937993E+04
4.63800E+00        3.82042214299E+04
4.64400E+00        3.81178761214E+04
4.65000E+00        3.80387464489E+04
4.65600E+00        3.79725272731E+04
4.66200E+00        3.78975609267E+04
4.66800E+00        3.78103964759E+04
4.67400E+00        3.77109408658E+04
4.68000E+00        3.76495138388E+04
4.68600E+00        3.75811271012E+04
4.69200E+00        3.74938389951E+04
4.69800E+00        3.74187173880E+04
4.70400E+00        3.73474935582E+04
4.71000E+00        3.72640040363E+04
4.71600E+00        3.71865503820E+04
4.72200E+00        3.71136326555E+04
4.72800E+00        3.70358799115E+04
4.73400E+00        3.69525500919E+04
4.74000E+00        3.68814424216E+04
4.74600E+00        3.68032147481E+04
4.75200E+00        3.67318011034E+04
4.75800E+00        3.66542611526E+04
4.76400E+00        3.65618176531E+04
4.77000E+00        3.65092774361E+04
4.77600E+00        3.64285426080E+04
4.78200E+00        3.63502321815E+04
4.78800E+00        3.62869726198E+04
4.79400E+00        3.61701392496E+04
4.80000E+00        3.61296739974E+04
4.80600E+00        3.60639294009E+04
4.81200E+00        3.59664002920E+04
4.81800E+00        3.59183482073E+04
4.82400E+00        3.58261163019E+04
4.83000E+00        3.57734195163E+04
4.83600E+00        3.56678894370E+04
4.84200E+00        3.56225257953E+04
4.84800E+00        3.55581484200E+04
4.85400E+00        3.54630905397E+04
4.86000E+00        3.54135895683E+04
4.86600E+00        3.53299015344E+04
4.87200E+00        3.52672722636E+04
4.87800E+00        3.51899472175E+04
4.88400E+00        3.51071096219E+04
4.89000E+00        3.50586378124E+04
4.89600E+00        3.49830151423E+04
4.90200E+00        3.49197702657E+04
4.90800E+00        3.48345667966E+04
4.91400E+00        3.47753440144E+04
4.92000E+00        3.46589218373E+04
4.92600E+00        3.46294045922E+04
4.93200E+00        3.45557681300E+04
4.93800E+00        3.44522036071E+04
4.94400E+00        3.44266644258E+04
4.95000E+00        3.43647570546E+04
4.95600E+00        3.42914511200E+04
4.96200E+00        3.42270809761E+04
4.96800E+00        3.41455750213E+04
4.97400E+00        3.40954890046E+04
4.98000E+00        3.40024813400E+04
4.98600E+00        3.39596276389E+04
4.99200E+00        3.38887208685E+04
4.99800E+00        3.38281367483E+04
5.00400E+00        3.37547192699E+04
5.01000E+00        3.36488175289E+04
5.01600E+00        3.36172070956E+04
5.02200E+00        3.35464564565E+04
5.02800E+00        3.34784562345E+04
5.03400E+00        3.34294046165E+04
5.04000E+00        3.33420179585E+04
5.04600E+00        3.32973067817E+04
5.05200E+00        3.32253972482E+04
5.05800E+00        3.31652102240E+04
5.06400E+00        3.30977890877E+04
5.07000E+00        3.30355799768E+04
5.07600E+00        3.29766870063E+04
5.08200E+00        3.28853929219E+04
5.08800E+00        3.28493256226E+04
5.09400E+00        3.27460287072E+04
5.10000E+00        3.27196941882E+04
5.10600E+00        3.26447160287E+04
5.11200E+00        3.25932410728E+04
5.11800E+00        3.25136222699E+04
5.12400E+00        3.24646583020E+04
5.13000E+00        3.24010085641E+04
5.13600E+00        3.23427808885E+04
5.14200E+00        3.22818298699E+04
5.14800E+00        3.22177368246E+04
5.15400E+00        3.21603927155E+04
5.16000E+00        3.20721184417E+04
5.16600E+00        3.20376642263E+04
5.17200E+00        3.19620486996E+04
5.17800E+00        3.19144252381E+04
5.18400E+00        3.18432791130E+04
5.19000E+00        3.17881419383E+04
5.19600E+00        3.17303381638E+04
5.20200E+00        3.16599175513E+04
5.20800E+00        3.15989439372E+04
5.21400E+00        3.15436844721E+04
5.22000E+00        3.14893812450E+04
5.22600E+00        3.13860087300E+04
5.23200E+00        3.13135077468E+04
5.23800E+00        3.13091741623E+04
5.24400E+00        3.12467676583E+04
5.25000E+00        3.11878025967E+04
5.25600E+00        3.10782784817E+04
5.26200E+00        3.10527679621E+04
5.26800E+00        3.10101144805E+04
5.27400E+00        3.09215464834E+04
5.28000E+00        3.08927592310E+04
5.28600E+00        3.08300045026E+04
5.29200E+00        3.07658701776E+04
5.29800E+00        3.07236138555E+04
5.30400E+00        3.06588292068E+04
5.31000E+00        3.06040768859E+04
5.31600E+00        3.05327527888E+04
5.32200E+00        3.04889530547E+04
5.32800E+00        3.04357310309E+04
5.33400E+00        3.03795117876E+04
5.34000E+00        3.03121932458E+04
5.34600E+00        3.02603822983E+04
5.35200E+00        3.02036073659E+04
5.35800E+00        3.01474616567E+04
5.36400E+00        3.00961469284E+04
5.37000E+00        3.00383174943E+04
5.37600E+00        2.99844643985E+04
5.38200E+00        2.99267545047E+04
5.38800E+00        2.98569937410E+04
5.39400E+00        2.97873886662E+04
5.40000E+00        2.97624612422E+04
5.40600E+00        2.97060687419E+04
5.41200E+00        2.96447143590E+04
5.41800E+00        2.95919579838E+04
5.42400E+00        2.95392624369E+04
5.43000E+00        2.94880596779E+04
5.43600E+00        2.94328298015E+04
5.44200E+00        2.93768511039E+04
5.44800E+00        2.93248015159E+04
5.45400E+00        2.92646038238E+04
5.46000E+00        2.92110068645E+04
5.46600E+00        2.91531324753E+04
5.47200E+00        2.91019063522E+04
5.47800E+00        2.90548906577E+04
5.48400E+00        2.90021241014E+04
5.49000E+00        2.89339488514E+04
5.49600E+00        2.88962396937E+04
5.50200E+00        2.88434109982E+04
5.50800E+00        2.87857134305E+04
5.51400E+00        2.87378583292E+04
5.52000E+00        2.86854988159E+04
5.52600E+00        2.86303425757E+04
5.53200E+00        2.85788175144E+04
5.53800E+00        2.85290355660E+04
5.54400E+00        2.84747122358E+04
5.55000E+00        2.84224125800E+04
5.55600E+00        2.83733197280E+04
5.56200E+00        2.83148071452E+04
5.56800E+00        2.82390701370E+04
5.57400E+00        2.82178195100E+04
5.58000E+00        2.81309150911E+04
5.58600E+00        2.81164796786E+04
5.59200E+00        2.80653689924E+04
5.59800E+00        2.80143598613E+04
5.60400E+00        2.79539753130E+04
5.61000E+00        2.79147095594E+04
5.61600E+00        2.78635973809E+04
5.62200E+00        2.78054192469E+04
5.62800E+00        2.77642984579E+04
5.63400E+00        2.77136451359E+04
5.64000E+00        2.76473802493E+04
5.64600E+00        2.76147918172E+04
5.65200E+00        2.75653824213E+04
5.65800E+00        2.75126231823E+04
5.66400E+00        2.74667974638E+04
5.67000E+00        2.74175737674E+04
5.67600E+00        2.73663539070E+04
5.68200E+00        2.73175362289E+04
5.68800E+00        2.72710538139E+04
5.69400E+00        2.72166394059E+04
5.70000E+00        2.71730567413E+04
5.70600E+00        2.71255992380E+04
5.71200E+00        2.70772541961E+04
5.71800E+00        2.70291437393E+04
5.72400E+00        2.69812937013E+04
5.73000E+00        2.69333073052E+04
5.73600E+00        2.68840207705E+04
5.74200E+00        2.68381187162E+04
5.74800E+00        2.67905673558E+04
5.75400E+00        2.67428804940E+04
5.76000E+00        2.66960361441E+04
5.76600E+00        2.66489220600E+04
5.77200E+00        2.66006126245E+04
5.77800E+00        2.65550085944E+04
5.78400E+00        2.65083141795E+04
5.79000E+00        2.64616224246E+04
5.79600E+00        2.64149598654E+04
5.80200E+00        2.63688057997E+04
5.80800E+00        2.63224565591E+04
5.81400E+00        2.62632087030E+04
5.82000E+00        2.62303334709E+04
5.82600E+00        2.61844863610E+04
5.83200E+00        2.61386534950E+04
5.83800E+00        2.60929194868E+04
5.84400E+00        2.60474980443E+04
5.85000E+00        2.60020575935E+04
5.85600E+00        2.59563528962E+04
5.86200E+00        2.59115338225E+04
5.86800E+00        2.58663852814E+04
5.87400E+00        2.58111119243E+04
5.88000E+00        2.57766284705E+04
5.88600E+00        2.57318650019E+04
5.89200E+00        2.56872802481E+04
5.89800E+00        2.56426691724E+04
5.90400E+00        2.55880710434E+04
5.91000E+00        2.55540947578E+04
5.91600E+00        2.55095961148E+04
5.92200E+00        2.54658644056E+04
5.92800E+00        2.54219338186E+04
5.93400E+00        2.53780962379E+04
5.94000E+00        2.53343892320E+04
5.94600E+00        2.52907745532E+04
5.95200E+00        2.52472896422E+04
5.95800E+00        2.52038838487E+04
5.96400E+00        2.51604504534E+04
5.97000E+00        2.51174462961E+04
5.97600E+00        2.50744011850E+04
5.98200E+00        2.50314277017E+04
5.98800E+00        2.49886003300E+04
5.99400E+00        2.49456080108E+04
6.00000E+00        2.48985706925E+04
6.00600E+00        2.48607356347E+04
6.01200E+00        2.48183208257E+04
6.01800E+00        2.47760129530E+04
6.02400E+00        2.47338301366E+04
6.03000E+00        2.46917412087E+04
6.03600E+00        2.46497519925E+04
6.04200E+00        2.46078683103E+04
6.04800E+00        2.45660898152E+04
6.05400E+00        2.45244344776E+04
6.06000E+00        2.44828652899E+04
6.06600E+00        2.44414002565E+04
6.07200E+00        2.44000269002E+04
6.07800E+00        2.43588055572E+04
6.08400E+00        2.43176327403E+04
6.09000E+00        2.42765627812E+04
6.09600E+00        2.42356677445E+04
6.10200E+00        2.41948204409E+04
6.10800E+00        2.41529625250E+04
6.11400E+00        2.41134368944E+04
6.12000E+00        2.40728939625E+04
6.12600E+00        2.40324518306E+04
6.13200E+00        2.39921280886E+04
6.13800E+00        2.39518865433E+04
6.14400E+00        2.39117448176E+04
6.15000E+00        2.38714946057E+04
6.15600E+00        2.38317832728E+04
6.16200E+00        2.37901444138E+04
6.16800E+00        2.37521933086E+04
6.17400E+00        2.37125458028E+04
6.18000E+00        2.36729961904E+04
6.18600E+00        2.36335441547E+04
6.19200E+00        2.35942070009E+04
6.19800E+00        2.35549550208E+04
6.20400E+00        2.35157937890E+04
6.21000E+00        2.34767288799E+04
6.21600E+00        2.34377599832E+04
6.22200E+00        2.33988867897E+04
6.22800E+00        2.33601264371E+04
6.23400E+00        2.33214436983E+04
6.24000E+00        2.32828441633E+04
6.24600E+00        2.32443680643E+04
6.25200E+00        2.32059687531E+04
6.25800E+00        2.31676633153E+04
6.26400E+00        2.31294514503E+04
6.27000E+00        2.30913328584E+04
6.27600E+00        2.30533244573E+04
6.28200E+00        2.30153914891E+04
6.28800E+00        2.29775566346E+04
6.29400E+00        2.29398081248E+04
6.30000E+00        2.29021514077E+04
6.30600E+00        2.28645861906E+04
6.31200E+00        2.28271121820E+04
6.31800E+00        2.27897461107E+04
6.32400E+00        2.27524536213E+04
6.33000E+00        2.27152514727E+04
6.33600E+00        2.26781450355E+04
6.34200E+00        2.26409198033E+04
6.34800E+00        2.26041898469E+04
6.35400E+00        2.25673461939E+04
6.36000E+00        2.25305914579E+04
6.36600E+00        2.24939253574E+04
6.37200E+00        2.24573476122E+04
6.37800E+00        2.24208802795E+04
6.38400E+00        2.23844449394E+04
6.39000E+00        2.23481306065E+04
6.39600E+00        2.23119368419E+04
6.40200E+00        2.22757966690E+04
6.40800E+00        2.22397431919E+04
6.41400E+00        2.22037761375E+04
6.42000E+00        2.21678952342E+04
6.42600E+00        2.21321057323E+04
6.43200E+00        2.20963963108E+04
6.43800E+00        2.20607722312E+04
6.44400E+00        2.20252332259E+04
6.45000E+00        2.19897790281E+04
6.45600E+00        2.19544093722E+04
6.46200E+00        2.19191239938E+04
6.46800E+00        2.18839389711E+04
6.47400E+00        2.18488267817E+04
6.48000E+00        2.18137926231E+04
6.48600E+00        2.17788416937E+04
6.49200E+00        2.17439737340E+04
6.49800E+00        2.17091884854E+04
6.50400E+00        2.16744856903E+04
6.51000E+00        2.16398650921E+04
6.51600E+00        2.16053318248E+04
6.52200E+00        2.15708587381E+04
6.52800E+00        2.15364993003E+04
6.53400E+00        2.15022049349E+04
6.54000E+00        2.14679914981E+04
6.54600E+00        2.14338587391E+04
6.55200E+00        2.13998064081E+04
6.55800E+00        2.13658395859E+04
6.56400E+00        2.13319473566E+04
6.57000E+00        2.12981348116E+04
6.57600E+00        2.12644017046E+04
6.58200E+00        2.12307477907E+04
6.58800E+00        2.11971728255E+04
6.59400E+00        2.11636818451E+04
6.60000E+00        2.11302640403E+04
6.60600E+00        2.10969244571E+04
6.61200E+00        2.10636628552E+04
6.61800E+00        2.10304789949E+04
6.62400E+00        2.09973726375E+04
6.63000E+00        2.09643487745E+04
6.63600E+00        2.09313967020E+04
6.64200E+00        2.08985214216E+04
6.64800E+00        2.08657382789E+04
6.65400E+00        2.08330158537E+04
6.66000E+00        2.08003747064E+04
6.66600E+00        2.07678042193E+04
6.67200E+00        2.07353093575E+04
6.67800E+00        2.07028898902E+04
6.68400E+00        2.06705455875E+04
6.69000E+00        2.06382762204E+04
6.69600E+00        2.06060713140E+04
6.70200E+00        2.05739665129E+04
6.70800E+00        2.05419205788E+04
6.71400E+00        2.05099486726E+04
6.72000E+00        2.04780556777E+04
6.72600E+00        2.04462311460E+04
6.73200E+00        2.04144799704E+04
6.73800E+00        2.03828019287E+04
6.74400E+00        2.03511967993E+04
6.75000E+00        2.03196694301E+04
6.75600E+00        2.02882094566E+04
6.76200E+00        2.02568217360E+04
6.76800E+00        2.02255060501E+04
6.77400E+00        2.01942672188E+04
6.78000E+00        2.01630798879E+04
6.78600E+00        2.01319940530E+04
6.79200E+00        2.01009643327E+04
6.79800E+00        2.00699955885E+04
6.80400E+00        2.00391075821E+04
6.81000E+00        2.00083050453E+04
6.81600E+00        1.99775578639E+04
6.82200E+00        1.99468708711E+04
6.82800E+00        1.99162637090E+04
6.83400E+00        1.98857262342E+04
6.84000E+00        1.98552631906E+04
6.84600E+00        1.98248644576E+04
6.85200E+00        1.97945347883E+04
6.85800E+00        1.97642739761E+04
6.86400E+00        1.97340867377E+04
6.87000E+00        1.97039630162E+04
6.87600E+00        1.96739075372E+04
6.88200E+00        1.96439200974E+04
6.88800E+00        1.96140053863E+04
6.89400E+00        1.95841534100E+04
6.90000E+00        1.95543688673E+04
6.90600E+00        1.95246564274E+04
6.91200E+00        1.94950061435E+04
6.91800E+00        1.94654226940E+04
6.92400E+00        1.94359058807E+04
6.93000E+00        1.94064603463E+04
6.93600E+00        1.93770762060E+04
6.94200E+00        1.93477581114E+04
6.94800E+00        1.93185106856E+04
6.95400E+00        1.92893240899E+04
6.96000E+00        1.92602029559E+04
6.96600E+00        1.92311327317E+04
6.97200E+00        1.92021467533E+04
6.97800E+00        1.91732208624E+04
6.98400E+00        1.91443596645E+04
6.99000E+00        1.91155677370E+04
6.99600E+00        1.90868353472E+04
7.00200E+00        1.90581670812E+04
7.00800E+00        1.90295674967E+04
7.01400E+00        1.90010269065E+04
7.02000E+00        1.89725498768E+04
7.02600E+00        1.89441362214E+04
7.03200E+00        1.89157904723E+04
7.03800E+00        1.88875030019E+04
7.04400E+00        1.88592783507E+04
7.05000E+00        1.88311210317E+04
7.05600E+00        1.88030214614E+04
7.06200E+00        1.87749701435E+04
7.06800E+00        1.87469996285E+04
7.07400E+00        1.87190863381E+04
7.08000E+00        1.86912347746E+04
7.08600E+00        1.86634494132E+04
7.09200E+00        1.86357207580E+04
7.09800E+00        1.86080532924E+04
7.10400E+00        1.85804514728E+04
7.11000E+00        1.85529058467E+04
7.11600E+00        1.85254208786E+04
7.12200E+00        1.84980010062E+04
7.12800E+00        1.84706230298E+04
7.13400E+00        1.84433189963E+04
7.14000E+00        1.84160749208E+04
7.14600E+00        1.83888952163E+04
7.15200E+00        1.83617705304E+04
7.15800E+00        1.83347052841E+04
7.16400E+00        1.83077038718E+04
7.17000E+00        1.82807569838E+04
7.17600E+00        1.82538690224E+04
7.18200E+00        1.82270307556E+04
7.18800E+00        1.82002601522E+04
7.19400E+00        1.81735479679E+04
7.20000E+00        1.81468985607E+04
7.20600E+00        1.81203027047E+04
7.21200E+00        1.80937647658E+04
7.21800E+00        1.80672890837E+04
7.22400E+00        1.80408664743E+04
7.23000E+00        1.80144878358E+04
7.23600E+00        1.79881799221E+04
7.24200E+00        1.79619335800E+04
7.24800E+00        1.79357396804E+04
7.25400E+00        1.79096025467E+04
7.26000E+00        1.78835264769E+04
7.26600E+00        1.78575023828E+04
7.27200E+00        1.78315345700E+04
7.27800E+00        1.78056273188E+04
7.28400E+00        1.77797583075E+04
7.29000E+00        1.77539583912E+04
7.29600E+00        1.77282141178E+04
7.30200E+00        1.77025297442E+04
7.30800E+00        1.76768962764E+04
7.31400E+00        1.76513179787E+04
7.32000E+00        1.76257859315E+04
7.32600E+00        1.76003175176E+04
7.33200E+00        1.75749038058E+04
7.33800E+00        1.75495446413E+04
7.34400E+00        1.75242442402E+04
7.35000E+00        1.74989937013E+04
7.35600E+00        1.74737842031E+04
7.36200E+00        1.74486460536E+04
7.36800E+00        1.74235573270E+04
7.37400E+00        1.73985222297E+04
7.38000E+00        1.73735406104E+04
7.38600E+00        1.73486166450E+04
7.39200E+00        1.73237285911E+04
7.39800E+00        1.72989065166E+04
7.40400E+00        1.72741373207E+04
7.41000E+00        1.72494251567E+04
7.41600E+00        1.72247612668E+04
7.42200E+00        1.72001369707E+04
7.42800E+00        1.71755778213E+04
7.43400E+00        1.71510750901E+04
7.44000E+00        1.71266200706E+04
7.44600E+00        1.71022169006E+04
7.45200E+00        1.70778526859E+04
7.45800E+00        1.70535570516E+04
7.46400E+00        1.70293085744E+04
7.47000E+00        1.70051113698E+04
7.47600E+00        1.69809526179E+04
7.48200E+00        1.69568575480E+04
7.48800E+00        1.69328175458E+04
7.49400E+00        1.69088240183E+04
7.50000E+00        1.68848810534E+04
7.50600E+00        1.68609759231E+04
7.51200E+00        1.68371378786E+04
7.51800E+00        1.68133457714E+04
7.52400E+00        1.67896036674E+04
7.53000E+00        1.67658989116E+04
7.53600E+00        1.67422564160E+04
7.54200E+00        1.67186676782E+04
7.54800E+00        1.66951242167E+04
7.55400E+00        1.66716176240E+04
7.56000E+00        1.66481726728E+04
7.56600E+00        1.66247809100E+04
7.57200E+00        1.66014339026E+04
7.57800E+00        1.65781232916E+04
7.58400E+00        1.65548737115E+04
7.59000E+00        1.65316726352E+04
7.59600E+00        1.65085199292E+04
7.60200E+00        1.64854072648E+04
7.60800E+00        1.64623509120E+04
7.61400E+00        1.64393425315E+04
7.62000E+00        1.64163819916E+04
7.62600E+00        1.63934569233E+04
7.63200E+00        1.63705957708E+04
7.63800E+00        1.63477779783E+04
7.64400E+00        1.63250075040E+04
7.65000E+00        1.63022720487E+04
7.65600E+00        1.62795958396E+04
7.66200E+00        1.62569665615E+04
7.66800E+00        1.62343760156E+04
7.67400E+00        1.62118402263E+04
7.68000E+00        1.61893509847E+04
7.68600E+00        1.61669081639E+04
7.69200E+00        1.61444995855E+04
7.69800E+00        1.61221492437E+04
7.70400E+00        1.60998489593E+04
7.71000E+00        1.60775785700E+04
7.71600E+00        1.60553659917E+04
7.72200E+00        1.60331990815E+04
7.72800E+00        1.60110657634E+04
7.73400E+00        1.59889898346E+04
7.74000E+00        1.59669631848E+04
7.74600E+00        1.59449658201E+04
7.75200E+00        1.59230254269E+04
7.75800E+00        1.59011299644E+04
7.76400E+00        1.58792674574E+04
7.77000E+00        1.58574615082E+04
7.77600E+00        1.58357001264E+04
7.78200E+00        1.58139753304E+04
7.78800E+00        1.57923027336E+04
7.79400E+00        1.57706743445E+04
7.80000E+00        1.57490782878E+04
7.80600E+00        1.57275379734E+04
7.81200E+00        1.57060415107E+04
7.81800E+00        1.56845770737E+04
7.82400E+00        1.56631718828E+04
7.83000E+00        1.56418062798E+04
7.83600E+00        1.56204723992E+04
7.84200E+00        1.55991934608E+04
7.84800E+00        1.55779576724E+04
7.85400E+00        1.55567533061E+04
7.86000E+00        1.55356034875E+04
7.86600E+00        1.55145003422E+04
7.87200E+00        1.54934244478E+04
7.87800E+00        1.54724027105E+04
7.88400E+00        1.54514119019E+04
7.89000E+00        1.54304749918E+04
7.89600E+00        1.54095803179E+04
7.90200E+00        1.53887162807E+04
7.90800E+00        1.53679095896E+04
7.91400E+00        1.53471409608E+04
7.92000E+00        1.53264026800E+04
7.92600E+00        1.53057175321E+04
7.93200E+00        1.52850625412E+04
7.93800E+00        1.52644604313E+04
7.94400E+00        1.52438996674E+04
7.95000E+00        1.52233687767E+04
7.95600E+00        1.52028903918E+04
7.96200E+00        1.51824568111E+04
7.96800E+00        1.51620490316E+04
7.97400E+00        1.51416933865E+04
7.98000E+00        1.51213671480E+04
7.98600E+00        1.51010927980E+04
7.99200E+00        1.50808476702E+04
7.99800E+00        1.50606541866E+04
8.00400E+00        1.50405009689E+04
8.01000E+00        1.50203766993E+04
8.01600E+00        1.50003037103E+04
8.02200E+00        1.49802632236E+04
8.02800E+00        1.49602700367E+04
8.03400E+00        1.49403165887E+04
8.04000E+00        1.49203916381E+04
8.04600E+00        1.49005173697E+04
8.05200E+00        1.48806714208E+04
8.05800E+00        1.48608759172E+04
8.06400E+00        1.48411085562E+04
8.07000E+00        1.48213914053E+04
8.07600E+00        1.48017132696E+04
8.08200E+00        1.47820630135E+04
8.08800E+00        1.47624626171E+04
8.09400E+00        1.47428936026E+04
8.10000E+00        1.47233705351E+04
8.10600E+00        1.47038750007E+04
8.11200E+00        1.46844288641E+04
8.11800E+00        1.46650100891E+04
8.12400E+00        1.46456404829E+04
8.13000E+00        1.46263089854E+04
8.13600E+00        1.46070045947E+04
8.14200E+00        1.45877490319E+04
8.14800E+00        1.45685204075E+04
8.15400E+00        1.45493403855E+04
8.16000E+00        1.45301871345E+04
8.16600E+00        1.45110858801E+04
8.17200E+00        1.44920076075E+04
8.17800E+00        1.44729774906E+04
8.18400E+00        1.44539738134E+04
8.19000E+00        1.44350180706E+04
8.19600E+00        1.44160886034E+04
8.20200E+00        1.43972068507E+04
8.20800E+00        1.43783619427E+04
8.21400E+00        1.43595430666E+04
8.22000E+00        1.43407715773E+04
8.22600E+00        1.43220259588E+04
8.23200E+00        1.43033275104E+04
8.23800E+00        1.42846547726E+04
8.24400E+00        1.42660289896E+04
8.25000E+00        1.42474323106E+04
8.25600E+00        1.42288788154E+04
8.26200E+00        1.42103507138E+04
8.26800E+00        1.41918691401E+04
8.27400E+00        1.41734128033E+04
8.28000E+00        1.41550027829E+04
8.28600E+00        1.41366178436E+04
8.29200E+00        1.41182790104E+04
8.29800E+00        1.40999651036E+04
8.30400E+00        1.40816970940E+04
8.31000E+00        1.40634538570E+04
8.31600E+00        1.40452563095E+04
8.32200E+00        1.40270833819E+04
8.32800E+00        1.40089559374E+04
8.33400E+00        1.39908529613E+04
8.34000E+00        1.39727952629E+04
8.34600E+00        1.39547618823E+04
8.35200E+00        1.39367735754E+04
8.35800E+00        1.39188129070E+04
8.36400E+00        1.39008936348E+04
8.37000E+00        1.38829983821E+04
8.37600E+00        1.38651374504E+04
8.38200E+00        1.38473210876E+04
8.38800E+00        1.38295285234E+04
8.39400E+00        1.38117803284E+04
8.40000E+00        1.37940557859E+04
8.40600E+00        1.37763754140E+04
8.41200E+00        1.37587185495E+04
8.41800E+00        1.37411056581E+04
8.42400E+00        1.37235161299E+04
8.43000E+00        1.37059703787E+04
8.43600E+00        1.36884478474E+04
8.44200E+00        1.36709688980E+04
8.44800E+00        1.36535130263E+04
8.45400E+00        1.36360903652E+04
8.46000E+00        1.36187109953E+04
8.46600E+00        1.36013544916E+04
8.47200E+00        1.35840410870E+04
8.47800E+00        1.35667504087E+04
8.48400E+00        1.35495026384E+04
8.49000E+00        1.35322774555E+04
8.49600E+00        1.35150949905E+04
8.50200E+00        1.34979349750E+04
8.50800E+00        1.34808174886E+04
8.51400E+00        1.34637223145E+04
8.52000E+00        1.34466594459E+04
8.52600E+00        1.34296388251E+04
8.53200E+00        1.34126403127E+04
8.53800E+00        1.33956838620E+04
8.54400E+00        1.33787493849E+04
8.55000E+00        1.33618601158E+04
8.55600E+00        1.33449860236E+04
8.56200E+00        1.33281503312E+04
8.56800E+00        1.33113529129E+04
8.57400E+00        1.32945771349E+04
8.58000E+00        1.32778427758E+04
8.58600E+00        1.32611299253E+04
8.59200E+00        1.32444484276E+04
8.59800E+00        1.32278080772E+04
8.60400E+00        1.32111890395E+04
8.61000E+00        1.31946109693E+04
8.61600E+00        1.31780540823E+04
8.62200E+00        1.31615281614E+04
8.62800E+00        1.31450429406E+04
8.63400E+00        1.31285787100E+04
8.64000E+00        1.31121550024E+04
8.64600E+00        1.30957521576E+04
8.65200E+00        1.30793896596E+04
8.65800E+00        1.30630478979E+04
8.66400E+00        1.30467365709E+04
8.67000E+00        1.30304653285E+04
8.67600E+00        1.30142146340E+04
8.68200E+00        1.29980038505E+04
8.68800E+00        1.29818134904E+04
8.69400E+00        1.29656531922E+04
8.70000E+00        1.29495325467E+04
8.70600E+00        1.29334321391E+04
8.71200E+00        1.29173712131E+04
8.71800E+00        1.29013304026E+04
8.72400E+00        1.28853192871E+04
8.73000E+00        1.28693473983E+04
8.73600E+00        1.28533954427E+04
8.74200E+00        1.28374729645E+04
8.74800E+00        1.28215894604E+04
8.75400E+00        1.28057257091E+04
8.76000E+00        1.27899007648E+04
8.76600E+00        1.27740954538E+04
8.77200E+00        1.27583192620E+04
8.77800E+00        1.27425816281E+04
8.78400E+00        1.27268634501E+04
8.79000E+00        1.27111741788E+04
8.79600E+00        1.26955232187E+04
8.80200E+00        1.26798915385E+04
8.80800E+00        1.26642980059E+04
8.81400E+00        1.26487236371E+04
8.82000E+00        1.26331778254E+04
8.82600E+00        1.26176699180E+04
8.83200E+00        1.26021810013E+04
8.83800E+00        1.25867204344E+04
8.84400E+00        1.25712975306E+04
8.85000E+00        1.25558934460E+04
8.85600E+00        1.25405175059E+04
8.86200E+00        1.25251789895E+04
8.86800E+00        1.25098591228E+04
8.87400E+00        1.24945765215E+04
8.88000E+00        1.24793124576E+04
8.88600E+00        1.24640761998E+04
8.89200E+00        1.24488769716E+04
8.89800E+00        1.24336961138E+04
8.90400E+00        1.24185428617E+04
8.91000E+00        1.24034264051E+04
8.91600E+00        1.23883281536E+04
8.92200E+00        1.23732542244E+04
8.92800E+00        1.23582230280E+04
8.93400E+00        1.23432067885E+04
8.94000E+00        1.23282177588E+04
8.94600E+00        1.23132650627E+04
8.95200E+00        1.22983302459E+04
8.95800E+00        1.22834224437E+04
8.96400E+00        1.22685507470E+04
8.97000E+00        1.22536937142E+04
8.97600E+00        1.22388696122E+04
8.98200E+00        1.22240752873E+04
8.98800E+00        1.22093015731E+04
8.99400E+00        1.21945544882E+04
9.00000E+00        1.21798430585E+04
9.00600E+00        1.21651490308E+04
9.01200E+00        1.21504814423E+04
9.01800E+00        1.21358492867E+04
9.02400E+00        1.21212343769E+04
9.03000E+00        1.21066457181E+04
9.03600E+00        1.20920922714E+04
9.04200E+00        1.20775559162E+04
9.04800E+00        1.20630456251E+04
9.05400E+00        1.20485703275E+04
9.06000E+00        1.20341149683E+04
9.06600E+00        1.20196824845E+04
9.07200E+00        1.20052847773E+04
9.07800E+00        1.19909008677E+04
9.08400E+00        1.19765456464E+04
9.09000E+00        1.19622160598E+04
9.09600E+00        1.19479209635E+04
9.10200E+00        1.19336424540E+04
9.10800E+00        1.19193923693E+04
9.11400E+00        1.19051735872E+04
9.12000E+00        1.18909712437E+04
9.12600E+00        1.18767941738E+04
9.13200E+00        1.18626482133E+04
9.13800E+00        1.18485244590E+04
9.14400E+00        1.18344228429E+04
9.15000E+00        1.18203550841E+04
9.15600E+00        1.18063034716E+04
9.16200E+00        1.17922767780E+04
9.16800E+00        1.17782749448E+04
9.17400E+00        1.17643066926E+04
9.18000E+00        1.17503543948E+04
9.18600E+00        1.17364267829E+04
9.19200E+00        1.17225325467E+04
9.19800E+00        1.17086541226E+04
9.20400E+00        1.16948002113E+04
9.21000E+00        1.16809794723E+04
9.21600E+00        1.16671744044E+04
9.22200E+00        1.16533936777E+04
9.22800E+00        1.16396372355E+04
9.23400E+00        1.16259136966E+04
9.24000E+00        1.16122056430E+04
9.24600E+00        1.15985217043E+04
9.25200E+00        1.15848704692E+04
9.25800E+00        1.15712345816E+04
9.26400E+00        1.15576226408E+04
9.27000E+00        1.15440345910E+04
9.27600E+00        1.15304789810E+04
9.28200E+00        1.15169385367E+04
9.28800E+00        1.15034218173E+04
9.29400E+00        1.14899373418E+04
9.30000E+00        1.14764678971E+04
9.30600E+00        1.14630220126E+04
9.31200E+00        1.14495996337E+04
9.31800E+00        1.14362092398E+04
9.32400E+00        1.14228336989E+04
9.33000E+00        1.14094815008E+04
9.33600E+00        1.13961610954E+04
9.34200E+00        1.13828554110E+04
9.34800E+00        1.13695757422E+04
9.35400E+00        1.13563163636E+04
9.36000E+00        1.13430885239E+04
9.36600E+00        1.13298752312E+04
9.37200E+00        1.13166849068E+04
9.37800E+00        1.13035174976E+04
9.38400E+00        1.12903813760E+04
9.39000E+00        1.12772596296E+04
9.39600E+00        1.12641606408E+04
9.40200E+00        1.12510843572E+04
9.40800E+00        1.12380391125E+04
9.41400E+00        1.12250080734E+04
9.42000E+00        1.12119995835E+04
9.42600E+00        1.11990219479E+04
9.43200E+00        1.11860583919E+04
9.43800E+00        1.11731200157E+04
9.44400E+00        1.11602011944E+04
9.45000E+00        1.11473129835E+04
9.45600E+00        1.11344386861E+04
9.46200E+00        1.11215865792E+04
9.46800E+00        1.11087566120E+04
9.47400E+00        1.10959570138E+04
9.48000E+00        1.10831711652E+04
9.48600E+00        1.10704073051E+04
9.49200E+00        1.10576653834E+04
9.49800E+00        1.10449535920E+04
9.50400E+00        1.10322553880E+04
9.51000E+00        1.10195817200E+04
9.51600E+00        1.10069352546E+04
9.52200E+00        1.09943022565E+04
9.52800E+00        1.09816908993E+04
9.53400E+00        1.09691011337E+04
9.54000E+00        1.09565410865E+04
9.54600E+00        1.09439943480E+04
9.55200E+00        1.09314690547E+04
9.55800E+00        1.09189651579E+04
9.56400E+00        1.09064907474E+04
9.57000E+00        1.08940294892E+04
9.57600E+00        1.08815921950E+04
9.58200E+00        1.08691733890E+04
9.58800E+00        1.08567757386E+04
9.59400E+00        1.08444072880E+04
9.60000E+00        1.08320517966E+04
9.60600E+00        1.08197173181E+04
9.61200E+00        1.08074038050E+04
9.61800E+00        1.07951192652E+04
9.62400E+00        1.07828475322E+04
9.63000E+00        1.07705966235E+04
9.63600E+00        1.07583664921E+04
9.64200E+00        1.07461651097E+04
9.64800E+00        1.07339790594E+04
9.65400E+00        1.07218109681E+04
9.66000E+00        1.07096634681E+04
9.66600E+00        1.06975444953E+04
9.67200E+00        1.06854380304E+04
9.67800E+00        1.06733520186E+04
9.68400E+00        1.06612864142E+04
9.69000E+00        1.06492411714E+04
9.69600E+00        1.06372241818E+04
9.70200E+00        1.06252195168E+04
9.70800E+00        1.06132350772E+04
9.71400E+00        1.06012734602E+04
9.72000E+00        1.05893293330E+04
9.72600E+00        1.05774131885E+04
9.73200E+00        1.05655091881E+04
9.73800E+00        1.05536251885E+04
9.74400E+00        1.05417611452E+04
9.75000E+00        1.05299248707E+04
9.75600E+00        1.05181005978E+04
9.76200E+00        1.05062961484E+04
9.76800E+00        1.04945114782E+04
9.77400E+00        1.04827465434E+04
9.78000E+00        1.04710117230E+04
9.78600E+00        1.04592861159E+04
9.79200E+00        1.04475801131E+04
9.79800E+00        1.04358936711E+04
9.80400E+00        1.04242267467E+04
9.81000E+00        1.04125870658E+04
9.81600E+00        1.04009590381E+04
9.82200E+00        1.03893503986E+04
9.82800E+00        1.03777611045E+04
9.83400E+00        1.03661936968E+04
9.84000E+00        1.03546506885E+04
9.84600E+00        1.03431191629E+04
9.85200E+00        1.03316068125E+04
9.85800E+00        1.03201135950E+04
9.86400E+00        1.03086394681E+04
9.87000E+00        1.02971920729E+04
9.87600E+00        1.02857559928E+04
9.88200E+00        1.02743388776E+04
9.88800E+00        1.02629432436E+04
9.89400E+00        1.02515639303E+04
9.90000E+00        1.02402110978E+04
9.90600E+00        1.02288694149E+04
9.91200E+00        1.02175464897E+04
9.91800E+00        1.02062422808E+04
9.92400E+00        1.01949567473E+04
9.93000E+00        1.01836974467E+04
9.93600E+00        1.01724491329E+04
9.94200E+00        1.01612219048E+04
9.94800E+00        1.01500106537E+04
9.95400E+00        1.01388178745E+04
9.96000E+00        1.01276435269E+04
9.96600E+00        1.01164951188E+04
9.97200E+00        1.01053575055E+04
9.97800E+00        1.00942382033E+04
9.98400E+00        1.00831371724E+04
9.99000E+00        1.00720543730E+04
9.99600E+00        1.00609922729E+04
1.00020E+01        1.00499533130E+04
1.00080E+01        1.00389249591E+04
1.00140E+01        1.00279146785E+04
1.00200E+01        1.00169224319E+04
1.00260E+01        1.00059481801E+04
1.00320E+01        9.99499934148E+03
1.00380E+01        9.98406095409E+03
1.00440E+01        9.97314293038E+03
1.00500E+01        9.96224025743E+03
1.00560E+01        9.95135538504E+03
1.00620E+01        9.94048827466E+03
1.00680E+01        9.92964629646E+03
1.00740E+01        9.91881458681E+03
1.00800E+01        9.90800052418E+03
1.00860E+01        9.89720407044E+03
1.00920E+01        9.88642765165E+03
1.00980E+01        9.87566629902E+03
1.01040E+01        9.86492980175E+03
1.01100E+01        9.85420339360E+03
1.01160E+01        9.84349440523E+03
1.01220E+01        9.83280279912E+03
1.01280E+01        9.82212853784E+03
1.01340E+01        9.81147158408E+03
1.01400E+01        9.80083434334E+03
1.01460E+01        9.79021919484E+03
1.01520E+01        9.77961393012E+03
1.01580E+01        9.76902582463E+03
1.01640E+01        9.75845484156E+03
1.01700E+01        9.74790094417E+03
1.01760E+01        9.73736409584E+03
1.01820E+01        9.72685151716E+03
1.01880E+01        9.71634864960E+03
1.01940E+01        9.70586514085E+03
1.02000E+01        9.69539611397E+03
1.02060E+01        9.68494395447E+03
1.02120E+01        9.67450862630E+03
1.02180E+01        9.66409009351E+03
1.02240E+01        9.65369552274E+03
1.02300E+01        9.64331046548E+03
1.02360E+01        9.63294209633E+03
1.02420E+01        9.62259277798E+03
1.02480E+01        9.61225767584E+03
1.02540E+01        9.60193915537E+03
1.02600E+01        9.59163718128E+03
1.02660E+01        9.58135171838E+03
1.02720E+01        9.57108987235E+03
1.02780E+01        9.56083731893E+03
1.02840E+01        9.55060117168E+03
1.02900E+01        9.54038139576E+03
1.02960E+01        9.53018033164E+03
1.03020E+01        9.51999319173E+03
1.03080E+01        9.50982231922E+03
1.03140E+01        9.49967476710E+03
1.03200E+01        9.48953631853E+03
1.03260E+01        9.47941403427E+03
1.03320E+01        9.46930788011E+03
1.03380E+01        9.45921782197E+03
1.03440E+01        9.44914382583E+03
1.03500E+01        9.43908585777E+03
1.03560E+01        9.42904623394E+03
1.03620E+01        9.41902724535E+03
1.03680E+01        9.40901714892E+03
1.03740E+01        9.39902294578E+03
1.03800E+01        9.38904460246E+03
1.03860E+01        9.37908208557E+03
1.03920E+01        9.36913536179E+03
1.03980E+01        9.35920439793E+03
1.04040E+01        9.34928916084E+03
1.04100E+01        9.33939194509E+03
1.04160E+01        9.32951502041E+03
1.04220E+01        9.31964675590E+03
1.04280E+01        9.30979408652E+03
1.04340E+01        9.29995697957E+03
1.04400E+01        9.29013540245E+03
1.04460E+01        9.28032932261E+03
1.04520E+01        9.27053870761E+03
1.04580E+01        9.26076352510E+03
1.04640E+01        9.25100374279E+03
1.04700E+01        9.24125932850E+03
1.04760E+01        9.23153943802E+03
1.04820E+01        9.22182565383E+03
1.04880E+01        9.21212714160E+03
1.04940E+01        9.20244386946E+03
1.05000E+01        9.19277580564E+03
1.05060E+01        9.18312291844E+03
1.05120E+01        9.17348517624E+03
1.05180E+01        9.16386254753E+03
1.05240E+01        9.15425500085E+03
1.05300E+01        9.14466932715E+03
1.05360E+01        9.13509184335E+03
1.05420E+01        9.12552934773E+03
1.05480E+01        9.11598408105E+03
1.05540E+01        9.10645146612E+03
1.05600E+01        9.09693374624E+03
1.05660E+01        9.08743089053E+03
1.05720E+01        9.07794286818E+03
1.05780E+01        9.06846964847E+03
1.05840E+01        9.05901120074E+03
1.05900E+01        9.04956749443E+03
1.05960E+01        9.04013849906E+03
1.06020E+01        9.03072418421E+03
1.06080E+01        9.02133124976E+03
1.06140E+01        9.01194619803E+03
1.06200E+01        9.00257797964E+03
1.06260E+01        8.99322207501E+03
1.06320E+01        8.98388070002E+03
1.06380E+01        8.97455382474E+03
1.06440E+01        8.96524141930E+03
1.06500E+01        8.95594345390E+03
1.06560E+01        8.94665989883E+03
1.06620E+01        8.93739072445E+03
1.06680E+01        8.92813590120E+03
1.06740E+01        8.91889539958E+03
1.06800E+01        8.90966919018E+03
1.06860E+01        8.90046388363E+03
1.06920E+01        8.89126616387E+03
1.06980E+01        8.88208264856E+03
1.07040E+01        8.87291330859E+03
1.07100E+01        8.86375811490E+03
1.07160E+01        8.85461703854E+03
1.07220E+01        8.84549005061E+03
1.07280E+01        8.83637712230E+03
1.07340E+01        8.82728042471E+03
1.07400E+01        8.81819552720E+03
1.07460E+01        8.80912460329E+03
1.07520E+01        8.80006762445E+03
1.07580E+01        8.79102456224E+03
1.07640E+01        8.78199538827E+03
1.07700E+01        8.77298007423E+03
1.07760E+01        8.76397859187E+03
1.07820E+01        8.75499091305E+03
1.07880E+01        8.74601700965E+03
1.07940E+01        8.73705685365E+03
1.08000E+01        8.72811692836E+03
1.08060E+01        8.71918417672E+03
1.08120E+01        8.71026508884E+03
1.08180E+01        8.70135963699E+03
1.08240E+01        8.69246779349E+03
1.08300E+01        8.68358953074E+03
1.08360E+01        8.67472482121E+03
1.08420E+01        8.66587363744E+03
1.08480E+01        8.65703595202E+03
1.08540E+01        8.64821173765E+03
1.08600E+01        8.63940096705E+03
1.08660E+01        8.63060361305E+03
1.08720E+01        8.62181964853E+03
1.08780E+01        8.61304904643E+03
1.08840E+01        8.60429177977E+03
1.08900E+01        8.59554782163E+03
1.08960E+01        8.58681714517E+03
1.09020E+01        8.57809972361E+03
1.09080E+01        8.56939553024E+03
1.09140E+01        8.56070453840E+03
1.09200E+01        8.55202672153E+03
1.09260E+01        8.54336205310E+03
1.09320E+01        8.53471050667E+03
1.09380E+01        8.52607205586E+03
1.09440E+01        8.51744667435E+03
1.09500E+01        8.50883433591E+03
1.09560E+01        8.50023501434E+03
1.09620E+01        8.49164868352E+03
1.09680E+01        8.48307531741E+03
1.09740E+01        8.47452332375E+03
1.09800E+01        8.46597369092E+03
1.09860E+01        8.45743274776E+03
1.09920E+01        8.44891098124E+03
1.09980E+01        8.44040205014E+03
1.10040E+01        8.43190592878E+03
1.10100E+01        8.42342887530E+03
1.10160E+01        8.41495829037E+03
1.10220E+01        8.40650043859E+03
1.10280E+01        8.39805529454E+03
1.10340E+01        8.38962283288E+03
1.10400E+01        8.38120302831E+03
1.10460E+01        8.37279585563E+03
1.10520E+01        8.36440128966E+03
1.10580E+01        8.35601930531E+03
1.10640E+01        8.34764987754E+03
1.10700E+01        8.33929298139E+03
1.10760E+01        8.33094859193E+03
1.10820E+01        8.32261668433E+03
1.10880E+01        8.31429723378E+03
1.10940E+01        8.30599021557E+03
1.11000E+01        8.29769560502E+03
1.11060E+01        8.28941337754E+03
1.11120E+01        8.28114350857E+03
1.11180E+01        8.27288597364E+03
1.11240E+01        8.26464074831E+03
1.11300E+01        8.25640164922E+03
1.11360E+01        8.24818097622E+03
1.11420E+01        8.23997253990E+03
1.11480E+01        8.23177631609E+03
1.11540E+01        8.22359841517E+03
1.11600E+01        8.21542040954E+03
1.11660E+01        8.20726067873E+03
1.11720E+01        8.19911306428E+03
1.11780E+01        8.19097754230E+03
1.11840E+01        8.18285408896E+03
1.11900E+01        8.17474268048E+03
1.11960E+01        8.16664329317E+03
1.12020E+01        8.15855590335E+03
1.12080E+01        8.15048048744E+03
1.12140E+01        8.14241702189E+03
1.12200E+01        8.13436548322E+03
1.12260E+01        8.12632584801E+03
1.12320E+01        8.11829809289E+03
1.12380E+01        8.11028017355E+03
1.12440E+01        8.10227611073E+03
1.12500E+01        8.09428385823E+03
1.12560E+01        8.08630339292E+03
1.12620E+01        8.07833469171E+03
1.12680E+01        8.07037773158E+03
1.12740E+01        8.06243248955E+03
1.12800E+01        8.05449894271E+03
1.12860E+01        8.04657706819E+03
1.12920E+01        8.03866684320E+03
1.12980E+01        8.03076824498E+03
1.13040E+01        8.02288125085E+03
1.13100E+01        8.01500583816E+03
1.13160E+01        8.00714198432E+03
1.13220E+01        7.99928966682E+03
1.13280E+01        7.99144886318E+03
1.13340E+01        7.98361955098E+03
1.13400E+01        7.97580170785E+03
1.13460E+01        7.96799531148E+03
1.13520E+01        7.96019241821E+03
1.13580E+01        7.95240885641E+03
1.13640E+01        7.94463667474E+03
1.13700E+01        7.93687585112E+03
1.13760E+01        7.92912636350E+03
1.13820E+01        7.92138818989E+03
1.13880E+01        7.91366130837E+03
1.13940E+01        7.90594569703E+03
1.14000E+01        7.89824133407E+03
1.14060E+01        7.89054819768E+03
1.14120E+01        7.88286626616E+03
1.14180E+01        7.87519551783E+03
1.14240E+01        7.86753593106E+03
1.14300E+01        7.85988552575E+03
1.14360E+01        7.85224819936E+03
1.14420E+01        7.84462196999E+03
1.14480E+01        7.83700681622E+03
1.14540E+01        7.82940271669E+03
1.14600E+01        7.82180965008E+03
1.14660E+01        7.81422176630E+03
1.14720E+01        7.80665070747E+03
1.14780E+01        7.79909061793E+03
1.14840E+01        7.79154147657E+03
1.14900E+01        7.78400326234E+03
1.14960E+01        7.77647595424E+03
1.15020E+01        7.76895759543E+03
1.15080E+01        7.76145203862E+03
1.15140E+01        7.75395732520E+03
1.15200E+01        7.74647343438E+03
1.15260E+01        7.73900034540E+03
1.15320E+01        7.73153803755E+03
1.15380E+01        7.72408649016E+03
1.15440E+01        7.71663992666E+03
1.15500E+01        7.70920984400E+03
1.15560E+01        7.70179046012E+03
1.15620E+01        7.69438175457E+03
1.15680E+01        7.68698179151E+03
1.15740E+01        7.67959438326E+03
1.15800E+01        7.67221759224E+03
1.15860E+01        7.66485139818E+03
1.15920E+01        7.65749578087E+03
1.15980E+01        7.65015072013E+03
1.16040E+01        7.64281619583E+03
1.16100E+01        7.63549218791E+03
1.16160E+01        7.62817298640E+03
1.16220E+01        7.62086995665E+03
1.16280E+01        7.61357738332E+03
1.16340E+01        7.60629335123E+03
1.16400E+01        7.59902163294E+03
1.16460E+01        7.59176031157E+03
1.16520E+01        7.58450936735E+03
1.16580E+01        7.57726878059E+03
1.16640E+01        7.57003853164E+03
1.16700E+01        7.56281860090E+03
1.16760E+01        7.55560896880E+03
1.16820E+01        7.54840210459E+03
1.16880E+01        7.54121301844E+03
1.16940E+01        7.53403417253E+03
1.17000E+01        7.52686554748E+03
1.17060E+01        7.51970712395E+03
1.17120E+01        7.51255888266E+03
1.17180E+01        7.50542080438E+03
1.17240E+01        7.49829286991E+03
1.17300E+01        7.49117506010E+03
1.17360E+01        7.48405990870E+03
1.17420E+01        7.47696229802E+03
1.17480E+01        7.46987475482E+03
1.17540E+01        7.46279726012E+03
1.17600E+01        7.45572979501E+03
1.17660E+01        7.44867234059E+03
1.17720E+01        7.44162487805E+03
1.17780E+01        7.43458738857E+03
1.17840E+01        7.42755985342E+03
1.17900E+01        7.42054040493E+03
1.17960E+01        7.41352719442E+03
1.18020E+01        7.40652941717E+03
1.18080E+01        7.39954151968E+03
1.18140E+01        7.39256348341E+03
1.18200E+01        7.38559528989E+03
1.18260E+01        7.37863692068E+03
1.18320E+01        7.37168835736E+03
1.18380E+01        7.36474774653E+03
1.18440E+01        7.35781874171E+03
1.18500E+01        7.35089400492E+03
1.18560E+01        7.34398448894E+03
1.18620E+01        7.33708468748E+03
1.18680E+01        7.33019458241E+03
1.18740E+01        7.32331415562E+03
1.18800E+01        7.31644156605E+03
1.18860E+01        7.30958044339E+03
1.18920E+01        7.30272894496E+03
1.18980E+01        7.29588161097E+03
1.19040E+01        7.28904931232E+03
1.19100E+01        7.28222658421E+03
1.19160E+01        7.27541340882E+03
1.19220E+01        7.26860795732E+03
1.19280E+01        7.26181383581E+03
1.19340E+01        7.25502921384E+03
1.19400E+01        7.24825407376E+03
1.19460E+01        7.24148299673E+03
1.19520E+01        7.23472677270E+03
1.19580E+01        7.22797997787E+03
1.19640E+01        7.22124259474E+03
1.19700E+01        7.21451280829E+03
1.19760E+01        7.20779419797E+03
1.19820E+01        7.20108494714E+03
1.19880E+01        7.19437967241E+03
1.19940E+01        7.18768909363E+03
1.20000E+01        7.18100782250E+03
1.20060E+01        7.17433584180E+03
1.20120E+01        7.16767134848E+03
1.20180E+01        7.16101789886E+03
1.20240E+01        7.15437368831E+03
1.20300E+01        7.14773336852E+03
1.20360E+01        7.14110758994E+03
1.20420E+01        7.13449099939E+03
1.20480E+01        7.12788180397E+03
1.20540E+01        7.12128354038E+03
1.20600E+01        7.11469441417E+03
1.20660E+01        7.10810910683E+03
1.20720E+01        7.10153820985E+03
1.20780E+01        7.09497639990E+03
1.20840E+01        7.08842366029E+03
1.20900E+01        7.08187820985E+03
1.20960E+01        7.07534356260E+03
1.21020E+01        7.06881793583E+03
1.21080E+01        7.06229604552E+03
1.21140E+01        7.05578841496E+03
1.21200E+01        7.04928975534E+03
1.21260E+01        7.04279829547E+03
1.21320E+01        7.03631753010E+03
1.21380E+01        7.02984568648E+03
1.21440E+01        7.02337750990E+03
1.21500E+01        7.01692346570E+03
1.21560E+01        7.01047829441E+03
1.21620E+01        7.00404023471E+03
1.21680E+01        6.99761276224E+03
1.21740E+01        6.99119411416E+03
1.21800E+01        6.98477906477E+03
1.21860E+01        6.97837802198E+03
1.21920E+01        6.97198575539E+03
1.21980E+01        6.96560051350E+03
1.22040E+01        6.95922575296E+03
1.22100E+01        6.95285972076E+03
1.22160E+01        6.94650240101E+03
1.22220E+01        6.94014860159E+03
1.22280E+01        6.93380693641E+03
1.22340E+01        6.92747566542E+03
1.22400E+01        6.92115304371E+03
1.22460E+01        6.91483905558E+03
1.22520E+01        6.90852853269E+03
1.22580E+01        6.90223176947E+03
1.22640E+01        6.89594187480E+03
1.22700E+01        6.88966227095E+03
1.22760E+01        6.88339122271E+03
1.22820E+01        6.87712871457E+03
1.22880E+01        6.87086960653E+03
1.22940E+01        6.86462242661E+03
1.23000E+01        6.85838545243E+03
1.23060E+01        6.85215695673E+03
1.23120E+01        6.84593692421E+03
1.23180E+01        6.83972023826E+03
1.23240E+01        6.83351709091E+03
1.23300E+01        6.82732065995E+03
1.23360E+01        6.82113433381E+03
1.23420E+01        6.81495639477E+03
1.23480E+01        6.80878682772E+03
1.23540E+01        6.80262054396E+03
1.23600E+01        6.79646598695E+03
1.23660E+01        6.79032145166E+03
1.23720E+01        6.78418522825E+03
1.23780E+01        6.77805730177E+03
1.23840E+01        6.77193260661E+03
1.23900E+01        6.76581954817E+03
1.23960E+01        6.75971642925E+03
1.24020E+01        6.75362154782E+03
1.24080E+01        6.74753488911E+03
1.24140E+01        6.74145141042E+03
1.24200E+01        6.73537947937E+03
1.24260E+01        6.72931740651E+03
1.24320E+01        6.72326349759E+03
1.24380E+01        6.71721773799E+03
1.24440E+01        6.71117510778E+03
1.24500E+01        6.70514393706E+03
1.24560E+01        6.69912254408E+03
1.24620E+01        6.69310924229E+03
1.24680E+01        6.68710401724E+03
1.24740E+01        6.68110187161E+03
1.24800E+01        6.67511109823E+03
1.24860E+01        6.66913002299E+03
1.24920E+01        6.66315696701E+03
1.24980E+01        6.65719191600E+03
1.25040E+01        6.65122989509E+03
1.25100E+01        6.64527916007E+03
1.25160E+01        6.63933804446E+03
1.25220E+01        6.63340487696E+03
1.25280E+01        6.62747470057E+03
1.25340E+01        6.62155739135E+03
1.25400E+01        6.61564633971E+03
1.25460E+01        6.60974482954E+03
1.25520E+01        6.60385119714E+03
1.25580E+01        6.59796050769E+03
1.25640E+01        6.59208259330E+03
1.25700E+01        6.58621087393E+03
1.25760E+01        6.58034861895E+03
1.25820E+01        6.57449417216E+03
1.25880E+01        6.56864262077E+03
1.25940E+01        6.56280211820E+03
1.26000E+01        6.55697101894E+03
1.26060E+01        6.55114767274E+03
1.26120E+01        6.54532718436E+03
1.26180E+01        6.53951930755E+03
1.26240E+01        6.53371751498E+03
1.26300E+01        6.52792505010E+03
1.26360E+01        6.52214027007E+03
1.26420E+01        6.51635830142E+03
1.26480E+01        6.51058885477E+03
1.26540E+01        6.50482543180E+03
1.26600E+01        6.49907126169E+03
1.26660E+01        6.49331986624E+03
1.26720E+01        6.48758092178E+03
1.26780E+01        6.48184795305E+03
1.26840E+01        6.47612417787E+03
1.26900E+01        6.47040796664E+03
1.26960E+01        6.46469448470E+03
1.27020E+01        6.45899336578E+03
1.27080E+01        6.45329816326E+03
1.27140E+01        6.44761208088E+03
1.27200E+01        6.44192869192E+03
1.27260E+01        6.43625759622E+03
1.27320E+01        6.43059236995E+03
1.27380E+01        6.42493620564E+03
1.27440E+01        6.41928269925E+03
1.27500E+01        6.41364141690E+03
1.27560E+01        6.40800595745E+03
1.27620E+01        6.40237950225E+03
1.27680E+01        6.39676044050E+03
1.27740E+01        6.39114399282E+03
1.27800E+01        6.38553968342E+03
1.27860E+01        6.37994113935E+03
1.27920E+01        6.37435152808E+03
1.27980E+01        6.36876449620E+03
1.28040E+01        6.36318953462E+03
1.28100E+01        6.35762029275E+03
1.28160E+01        6.35205992708E+03
1.28220E+01        6.34650210648E+03
1.28280E+01        6.34095628870E+03
1.28340E+01        6.33541614546E+03
1.28400E+01        6.32988482225E+03
1.28460E+01        6.32435601016E+03
1.28520E+01        6.31883913394E+03
1.28580E+01        6.31332788749E+03
1.28640E+01        6.30782540540E+03
1.28700E+01        6.30232540079E+03
1.28760E+01        6.29683726565E+03
1.28820E+01        6.29135471591E+03
1.28880E+01        6.28588087530E+03
1.28940E+01        6.28040947890E+03
1.29000E+01        6.27494988606E+03
1.29060E+01        6.26949583466E+03
1.29120E+01        6.26405043762E+03
1.29180E+01        6.25860745186E+03
1.29240E+01        6.25317620428E+03
1.29300E+01        6.24775045456E+03
1.29360E+01        6.24233330488E+03
1.29420E+01        6.23691853390E+03
1.29480E+01        6.23151543620E+03
1.29540E+01        6.22611934430E+03
1.29600E+01        6.22072869636E+03
1.29660E+01        6.21534194597E+03
1.29720E+01        6.20996680447E+03
1.29780E+01        6.20459707487E+03
1.29840E+01        6.19923121481E+03
1.29900E+01        6.19387691569E+03
1.29960E+01        6.18852953836E+03
1.30020E+01        6.18318753053E+03
1.30080E+01        6.17784935521E+03
1.30140E+01        6.17252267730E+03
1.30200E+01        6.16720287376E+03
1.30260E+01        6.16188839768E+03
1.30320E+01        6.15657771745E+03
1.30380E+01        6.15127847160E+03
1.30440E+01        6.14598605307E+03
1.30500E+01        6.14069434085E+03
1.30560E+01        6.13541554718E+03
1.30620E+01        6.13014354582E+03
1.30680E+01        6.12487832516E+03
1.30740E+01        6.11961378525E+03
1.30800E+01        6.11436209645E+03
1.30860E+01        6.10911715363E+03
1.30920E+01        6.10387894527E+03
1.30980E+01        6.09864139241E+03
1.31040E+01        6.09341662370E+03
1.31100E+01        6.08819855503E+03
1.31160E+01        6.08298112311E+03
1.31220E+01        6.07777642546E+03
1.31280E+01        6.07257839364E+03
1.31340E+01        6.06738701631E+03
1.31400E+01        6.06219625096E+03
1.31460E+01        6.05701815381E+03
1.31520E+01        6.05184667722E+03
1.31580E+01        6.04668180995E+03
1.31640E+01        6.04151753019E+03
1.31700E+01        6.03636585303E+03
1.31760E+01        6.03122075155E+03
1.31820E+01        6.02607621941E+03
1.31880E+01        6.02094424098E+03
1.31940E+01        6.01581880483E+03
1.32000E+01        6.01069989986E+03
1.32060E+01        6.00558154023E+03
1.32120E+01        6.00047566956E+03
1.32180E+01        5.99537629696E+03
1.32240E+01        5.99027894416E+03
1.32300E+01        5.98519104747E+03
1.32360E+01        5.98011110822E+03
1.32420E+01        5.97503316730E+03
1.32480E+01        5.96996464211E+03
1.32540E+01        5.96490403785E+03
1.32600E+01        5.95984985515E+03
1.32660E+01        5.95479764242E+03
1.32720E+01        5.94975479193E+03
1.32780E+01        5.94471981402E+03
1.32840E+01        5.93968678499E+03
1.32900E+01        5.93466455681E+03
1.32960E+01        5.92964720833E+03
1.33020E+01        5.92463768448E+03
1.33080E+01        5.91963008162E+03
1.33140E+01        5.91463174842E+03
1.33200E+01        5.90964120415E+03
1.33260E+01        5.90465256014E+03
1.33320E+01        5.89967314650E+03
1.33380E+01        5.89470148628E+03
1.33440E+01        5.88973609797E+03
1.33500E+01        5.88477258255E+03
1.33560E+01        5.87981824547E+03
1.33620E+01        5.87487161479E+03
1.33680E+01        5.86992683665E+03
1.33740E+01        5.86499119808E+03
1.33800E+01        5.86006323091E+03
1.33860E+01        5.85513709607E+03
1.33920E+01        5.85022151965E+03
1.33980E+01        5.84531066506E+03
1.34040E+01        5.84040308014E+03
1.34100E+01        5.83550601164E+03
1.34160E+01        5.83061363773E+03
1.34220E+01        5.82572450992E+03
1.34280E+01        5.82084585679E+03
1.34340E+01        5.81597332001E+03
1.34400E+01        5.81110544177E+03
1.34460E+01        5.80624077847E+03
1.34520E+01        5.80138653452E+03
1.34580E+01        5.79653692228E+03
1.34640E+01        5.79169050180E+03
1.34700E+01        5.78685445946E+03
1.34760E+01        5.78202302215E+03
1.34820E+01        5.77719475359E+03
1.34880E+01        5.77237682219E+03
1.34940E+01        5.76756490612E+03
1.35000E+01        5.76275326237E+03
1.35060E+01        5.75795335180E+03
1.35120E+01        5.75315942666E+03
1.35180E+01        5.74837004503E+03
1.35240E+01        5.74358377905E+03
1.35300E+01        5.73880775548E+03
1.35360E+01        5.73403624933E+03
1.35420E+01        5.72926783635E+03
1.35480E+01        5.72450962554E+03
1.35540E+01        5.71975733110E+03
1.35600E+01        5.71500525777E+03
1.35660E+01        5.71026477147E+03
1.35720E+01        5.70553017225E+03
1.35780E+01        5.70079577905E+03
1.35840E+01        5.69607292954E+03
1.35900E+01        5.69135593799E+03
1.35960E+01        5.68663913752E+03
1.36020E+01        5.68193383762E+03
1.36080E+01        5.67723436676E+03
1.36140E+01        5.67253507214E+03
1.36200E+01        5.66784723523E+03
1.36260E+01        5.66316519860E+03
1.36320E+01        5.65848473309E+03
1.36380E+01        5.65381286347E+03
1.36440E+01        5.64914817513E+03
1.36500E+01        5.64448503985E+03
1.36560E+01        5.63983046502E+03
1.36620E+01        5.63518303959E+03
1.36680E+01        5.63053714926E+03
1.36740E+01        5.62589978416E+03
1.36800E+01        5.62126953675E+03
1.36860E+01        5.61664080665E+03
1.36920E+01        5.61202056674E+03
1.36980E+01        5.60740741299E+03
1.37040E+01        5.60279575889E+03
1.37100E+01        5.59819256014E+03
1.37160E+01        5.59359641621E+03
1.37220E+01        5.58900175440E+03
1.37280E+01        5.58441551330E+03
1.37340E+01        5.57983629587E+03
1.37400E+01        5.57525854315E+03
1.37460E+01        5.57068917669E+03
1.37520E+01        5.56612680293E+03
1.37580E+01        5.56156587662E+03
1.37640E+01        5.55701330231E+03
1.37700E+01        5.55246768991E+03
1.37760E+01        5.54792350781E+03
1.37820E+01        5.54338764366E+03
1.37880E+01        5.53885871080E+03
1.37940E+01        5.53433119123E+03
1.38000E+01        5.52981333324E+03
1.38060E+01        5.52529962110E+03
1.38120E+01        5.52078868288E+03
1.38180E+01        5.51628599503E+03
1.38240E+01        5.51179017780E+03
1.38300E+01        5.50729574022E+03
1.38360E+01        5.50281089030E+03
1.38420E+01        5.49832603927E+03
1.38480E+01        5.49385212221E+03
1.38540E+01        5.48938228865E+03
1.38600E+01        5.48491517562E+03
1.38660E+01        5.48045758926E+03
1.38720E+01        5.47600542737E+03
1.38780E+01        5.47155323808E+03
1.38840E+01        5.46711190323E+03
1.38900E+01        5.46267460578E+03
1.38960E+01        5.45823998948E+03
1.39020E+01        5.45381482740E+03
1.39080E+01        5.44939503736E+03
1.39140E+01        5.44497519407E+03
1.39200E+01        5.44056612651E+03
1.39260E+01        5.43616105086E+03
1.39320E+01        5.43175861751E+03
1.39380E+01        5.42736556670E+03
1.39440E+01        5.42297244141E+03
1.39500E+01        5.41859002690E+03
1.39560E+01        5.41421291551E+03
1.39620E+01        5.40983571707E+03
1.39680E+01        5.40546919071E+03
1.39740E+01        5.40110794191E+03
1.39800E+01        5.39674659358E+03
1.39860E+01        5.39239587882E+03
1.39920E+01        5.38805041622E+03
1.39980E+01        5.38370484172E+03
1.40040E+01        5.37936986248E+03
