# %ECSV 0.9
# ---
# datatype:
# - {name: wavelength, unit: micron, datatype: float64}
# - {name: flux, unit: microJansky, datatype: float64}
# schema: astropy-2.0
#
#
#  - - File generated by ExoNoodle - -
#         V1.0.0 - MML (CEA-Saclay)
#       2021-03-25 15:37:33.308590
wavelength flux 
3.00000E+00        7.35620447418E+04
3.00600E+00        7.33600753913E+04
3.01200E+00        7.31588937372E+04
3.01800E+00        7.29584134310E+04
3.02400E+00        7.27586736097E+04
3.03000E+00        7.25596775928E+04
3.03600E+00        7.23614261807E+04
3.04200E+00        7.21638925361E+04
3.04800E+00        7.19671075876E+04
3.05400E+00        7.17710376967E+04
3.06000E+00        7.15756974768E+04
3.06600E+00        7.13810764780E+04
3.07200E+00        7.11871860764E+04
3.07800E+00        7.09939954560E+04
3.08400E+00        7.08015228112E+04
3.09000E+00        7.06097547529E+04
3.09600E+00        7.04187049480E+04
3.10200E+00        7.02283509304E+04
3.10800E+00        7.00386996202E+04
3.11400E+00        6.98497481439E+04
3.12000E+00        6.96614966445E+04
3.12600E+00        6.94739362389E+04
3.13200E+00        6.92870670945E+04
3.13800E+00        6.91008797627E+04
3.14400E+00        6.89153846433E+04
3.15000E+00        6.87305657145E+04
3.15600E+00        6.85464267676E+04
3.16200E+00        6.83629715315E+04
3.16800E+00        6.81801841160E+04
3.17400E+00        6.79980747869E+04
3.18000E+00        6.78166277413E+04
3.18600E+00        6.76358467255E+04
3.19200E+00        6.74557260618E+04
3.19800E+00        6.72762881275E+04
3.20400E+00        6.70974950229E+04
3.21000E+00        6.69193633092E+04
3.21600E+00        6.67418774440E+04
3.22200E+00        6.65650509781E+04
3.22800E+00        6.63888678142E+04
3.23400E+00        6.62133224196E+04
3.24000E+00        6.60384282436E+04
3.24600E+00        6.58641819175E+04
3.25200E+00        6.56905652971E+04
3.25800E+00        6.55175792036E+04
3.26400E+00        6.53452328968E+04
3.27000E+00        6.51735117993E+04
3.27600E+00        6.50024251274E+04
3.28200E+00        6.48319459882E+04
3.28800E+00        6.46621083817E+04
3.29400E+00        6.44928759166E+04
3.30000E+00        6.43242617647E+04
3.30600E+00        6.41562688525E+04
3.31200E+00        6.39888767689E+04
3.31800E+00        6.38220918728E+04
3.32400E+00        6.36559204396E+04
3.33000E+00        6.34903422262E+04
3.33600E+00        6.33253635502E+04
3.34200E+00        6.31609818809E+04
3.34800E+00        6.29972034403E+04
3.35400E+00        6.28340082072E+04
3.36000E+00        6.26714024458E+04
3.36600E+00        6.25093717111E+04
3.37200E+00        6.23479374560E+04
3.37800E+00        6.21870879094E+04
3.38400E+00        6.20268033698E+04
3.39000E+00        6.18671078263E+04
3.39600E+00        6.17079751448E+04
3.40200E+00        6.15494206347E+04
3.40800E+00        6.13914300868E+04
3.41400E+00        6.12340128391E+04
3.42000E+00        6.10771489230E+04
3.42600E+00        6.09208508738E+04
3.43200E+00        6.07651157185E+04
3.43800E+00        6.06099326481E+04
3.44400E+00        6.04553051190E+04
3.45000E+00        6.03012250081E+04
3.45600E+00        6.01476989140E+04
3.46200E+00        5.99947181838E+04
3.46800E+00        5.98422836488E+04
3.47400E+00        5.96903929890E+04
3.48000E+00        5.95390356313E+04
3.48600E+00        5.93882258213E+04
3.49200E+00        5.92379447630E+04
3.49800E+00        5.90881896911E+04
3.50400E+00        5.89389758473E+04
3.51000E+00        5.87902947388E+04
3.51600E+00        5.86421278167E+04
3.52200E+00        5.84944947681E+04
3.52800E+00        5.83473771024E+04
3.53400E+00        5.82007832455E+04
3.54000E+00        5.80547059487E+04
3.54600E+00        5.79091455251E+04
3.55200E+00        5.77640967495E+04
3.55800E+00        5.76195524811E+04
3.56400E+00        5.74755295660E+04
3.57000E+00        5.73320038300E+04
3.57600E+00        5.71889865985E+04
3.58200E+00        5.70464707759E+04
3.58800E+00        5.69044566962E+04
3.59400E+00        5.67629368009E+04
3.60000E+00        5.66219144202E+04
3.60600E+00        5.64813874399E+04
3.61200E+00        5.63413483696E+04
3.61800E+00        5.62018058985E+04
3.62400E+00        5.60627496024E+04
3.63000E+00        5.59241779423E+04
3.63600E+00        5.57860912766E+04
3.64200E+00        5.56484745041E+04
3.64800E+00        5.55113516900E+04
3.65400E+00        5.53747024260E+04
3.66000E+00        5.52385247186E+04
3.66600E+00        5.51028218508E+04
3.67200E+00        5.49675918079E+04
3.67800E+00        5.48328325842E+04
3.68400E+00        5.46985369543E+04
3.69000E+00        5.45647110442E+04
3.69600E+00        5.44313471480E+04
3.70200E+00        5.42984461622E+04
3.70800E+00        5.41660061251E+04
3.71400E+00        5.40340175859E+04
3.72000E+00        5.39024936145E+04
3.72600E+00        5.37714196195E+04
3.73200E+00        5.36408039661E+04
3.73800E+00        5.35106270439E+04
3.74400E+00        5.33809069515E+04
3.75000E+00        5.32516320453E+04
3.75600E+00        5.31227999590E+04
3.76200E+00        5.29944166718E+04
3.76800E+00        5.28664678823E+04
3.77400E+00        5.27389540537E+04
3.78000E+00        5.26118856930E+04
3.78600E+00        5.24852536142E+04
3.79200E+00        5.23590537150E+04
3.79800E+00        5.22332814407E+04
3.80400E+00        5.21079422322E+04
3.81000E+00        5.19830347366E+04
3.81600E+00        5.18585467329E+04
3.82200E+00        5.17344917884E+04
3.82800E+00        5.16108527798E+04
3.83400E+00        5.14876382960E+04
3.84000E+00        5.13648389400E+04
3.84600E+00        5.12424649871E+04
3.85200E+00        5.11205004400E+04
3.85800E+00        5.09989555487E+04
3.86400E+00        5.08778161419E+04
3.87000E+00        5.07570907094E+04
3.87600E+00        5.06367700105E+04
3.88200E+00        5.05168690257E+04
3.88800E+00        5.03973623394E+04
3.89400E+00        5.02782601131E+04
3.90000E+00        5.01595606503E+04
3.90600E+00        5.00412622622E+04
3.91200E+00        4.99233632680E+04
3.91800E+00        4.98058641447E+04
3.92400E+00        4.96887541721E+04
3.93000E+00        4.95720433574E+04
3.93600E+00        4.94557205630E+04
3.94200E+00        4.93397936114E+04
3.94800E+00        4.92242467200E+04
3.95400E+00        4.91090924088E+04
3.96000E+00        4.89943243420E+04
3.96600E+00        4.88799362354E+04
3.97200E+00        4.87659311774E+04
3.97800E+00        4.86523122206E+04
3.98400E+00        4.85390684637E+04
3.99000E+00        4.84262029846E+04
3.99600E+00        4.83137142077E+04
4.00200E+00        4.82015959579E+04
4.00800E+00        4.80898558987E+04
4.01400E+00        4.79784832731E+04
4.02000E+00        4.78674811413E+04
4.02600E+00        4.77568525283E+04
4.03200E+00        4.76465867624E+04
4.03800E+00        4.75366823500E+04
4.04400E+00        4.74271514030E+04
4.05000E+00        4.73179722152E+04
4.05600E+00        4.72091609713E+04
4.06200E+00        4.71007050922E+04
4.06800E+00        4.69926121016E+04
4.07400E+00        4.68848715233E+04
4.08000E+00        4.67774843632E+04
4.08600E+00        4.66704531951E+04
4.09200E+00        4.65637745325E+04
4.09800E+00        4.64574469195E+04
4.10400E+00        4.63514624762E+04
4.11000E+00        4.62458326368E+04
4.11600E+00        4.61405407004E+04
4.12200E+00        4.60356009102E+04
4.12800E+00        4.59310025936E+04
4.13400E+00        4.58267511326E+04
4.14000E+00        4.57228343748E+04
4.14600E+00        4.56192548996E+04
4.15200E+00        4.55160160977E+04
4.15800E+00        4.54131204840E+04
4.16400E+00        4.53105300336E+04
4.17000E+00        4.52083150745E+04
4.17600E+00        4.51064347424E+04
4.18200E+00        4.50048407634E+04
4.18800E+00        4.49036217907E+04
4.19400E+00        4.48026866651E+04
4.20000E+00        4.47021236478E+04
4.20600E+00        4.46018419957E+04
4.21200E+00        4.45019295801E+04
4.21800E+00        4.44022960714E+04
4.22400E+00        4.43030289537E+04
4.23000E+00        4.42040383079E+04
4.23600E+00        4.41053690821E+04
4.24200E+00        4.40070582196E+04
4.24800E+00        4.39090240193E+04
4.25400E+00        4.38113454182E+04
4.26000E+00        4.37139391982E+04
4.26600E+00        4.36168896124E+04
4.27200E+00        4.35201081576E+04
4.27800E+00        4.34236372322E+04
4.28400E+00        4.33275169836E+04
4.29000E+00        4.32316595184E+04
4.29600E+00        4.31359487005E+04
4.30200E+00        4.30399228486E+04
4.30800E+00        4.29455603267E+04
4.31400E+00        4.28502654565E+04
4.32000E+00        4.27557050692E+04
4.32600E+00        4.26487619994E+04
4.33200E+00        4.25669369975E+04
4.33800E+00        4.24715425192E+04
4.34400E+00        4.23730064292E+04
4.35000E+00        4.22768018487E+04
4.35600E+00        4.21866078024E+04
4.36200E+00        4.20922747225E+04
4.36800E+00        4.20017377904E+04
4.37400E+00        4.18990660195E+04
4.38000E+00        4.18185199637E+04
4.38600E+00        4.17103198839E+04
4.39200E+00        4.16341274452E+04
4.39800E+00        4.15268488123E+04
4.40400E+00        4.14496941920E+04
4.41000E+00        4.13585161529E+04
4.41600E+00        4.12613367742E+04
4.42200E+00        4.11793574937E+04
4.42800E+00        4.10900144171E+04
4.43400E+00        4.09941547423E+04
4.44000E+00        4.09011337470E+04
4.44600E+00        4.08197222327E+04
4.45200E+00        4.07335075497E+04
4.45800E+00        4.06457860904E+04
4.46400E+00        4.05574259344E+04
4.47000E+00        4.04685127337E+04
4.47600E+00        4.03799095094E+04
4.48200E+00        4.02902864434E+04
4.48800E+00        4.02028314269E+04
4.49400E+00        4.01173953409E+04
4.50000E+00        4.00309015382E+04
4.50600E+00        3.99448418177E+04
4.51200E+00        3.98602993643E+04
4.51800E+00        3.97774819436E+04
4.52400E+00        3.96873372192E+04
4.53000E+00        3.96104684112E+04
4.53600E+00        3.95269015953E+04
4.54200E+00        3.94432754576E+04
4.54800E+00        3.93593989561E+04
4.55400E+00        3.92730833718E+04
4.56000E+00        3.91892026407E+04
4.56600E+00        3.91015127843E+04
4.57200E+00        3.90229952642E+04
4.57800E+00        3.89438236631E+04
4.58400E+00        3.88617719649E+04
4.59000E+00        3.87800534379E+04
4.59600E+00        3.86963766301E+04
4.60200E+00        3.86072606486E+04
4.60800E+00        3.85344595011E+04
4.61400E+00        3.84555826718E+04
4.62000E+00        3.83716200998E+04
4.62600E+00        3.82904954155E+04
4.63200E+00        3.82117516468E+04
4.63800E+00        3.81360786078E+04
4.64400E+00        3.80535187288E+04
4.65000E+00        3.79714134790E+04
4.65600E+00        3.78995104151E+04
4.66200E+00        3.78263087947E+04
4.66800E+00        3.77429960029E+04
4.67400E+00        3.76521725273E+04
4.68000E+00        3.75838525664E+04
4.68600E+00        3.75097507466E+04
4.69200E+00        3.74245209783E+04
4.69800E+00        3.73493004172E+04
4.70400E+00        3.72763626081E+04
4.71000E+00        3.71940442577E+04
4.71600E+00        3.71167875530E+04
4.72200E+00        3.70415818856E+04
4.72800E+00        3.69647084083E+04
4.73400E+00        3.68868664703E+04
4.74000E+00        3.68154313965E+04
4.74600E+00        3.67345384655E+04
4.75200E+00        3.66617621700E+04
4.75800E+00        3.65878915934E+04
4.76400E+00        3.65035437476E+04
4.77000E+00        3.64393083400E+04
4.77600E+00        3.63623567666E+04
4.78200E+00        3.62842354675E+04
4.78800E+00        3.62170074556E+04
4.79400E+00        3.61330887675E+04
4.80000E+00        3.60679277339E+04
4.80600E+00        3.59952349214E+04
4.81200E+00        3.59135090956E+04
4.81800E+00        3.58508009157E+04
4.82400E+00        3.57697981217E+04
4.83000E+00        3.57044097099E+04
4.83600E+00        3.56273688597E+04
4.84200E+00        3.55565816727E+04
4.84800E+00        3.54895821721E+04
4.85400E+00        3.54060879394E+04
4.86000E+00        3.53455022573E+04
4.86600E+00        3.52671480882E+04
4.87200E+00        3.52017181260E+04
4.87800E+00        3.51254079661E+04
4.88400E+00        3.50525726405E+04
4.89000E+00        3.49923128356E+04
4.89600E+00        3.49184897070E+04
4.90200E+00        3.48529979398E+04
4.90800E+00        3.47737027109E+04
4.91400E+00        3.47125706522E+04
4.92000E+00        3.46268594967E+04
4.92600E+00        3.45699618642E+04
4.93200E+00        3.44962030239E+04
4.93800E+00        3.44170613711E+04
4.94400E+00        3.43634554402E+04
4.95000E+00        3.43011510504E+04
4.95600E+00        3.42282882147E+04
4.96200E+00        3.41664164178E+04
4.96800E+00        3.40902483763E+04
4.97400E+00        3.40316377752E+04
4.98000E+00        3.39541095910E+04
4.98600E+00        3.38978378026E+04
4.99200E+00        3.38259717715E+04
4.99800E+00        3.37648898132E+04
5.00400E+00        3.36923820536E+04
5.01000E+00        3.36150320455E+04
5.01600E+00        3.35566244739E+04
5.02200E+00        3.34876811280E+04
5.02800E+00        3.34210187661E+04
5.03400E+00        3.33689247054E+04
5.04000E+00        3.32875228290E+04
5.04600E+00        3.32374347690E+04
5.05200E+00        3.31653172600E+04
5.05800E+00        3.31045470468E+04
5.06400E+00        3.30380141433E+04
5.07000E+00        3.29740182772E+04
5.07600E+00        3.29154337303E+04
5.08200E+00        3.28355299656E+04
5.08800E+00        3.27894957241E+04
5.09400E+00        3.27041300965E+04
5.10000E+00        3.26623095470E+04
5.10600E+00        3.25869714799E+04
5.11200E+00        3.25358038698E+04
5.11800E+00        3.24598021114E+04
5.12400E+00        3.24092732157E+04
5.13000E+00        3.23422069163E+04
5.13600E+00        3.22838060817E+04
5.14200E+00        3.22223553086E+04
5.14800E+00        3.21582047629E+04
5.15400E+00        3.20998794894E+04
5.16000E+00        3.20196987287E+04
5.16600E+00        3.19771360064E+04
5.17200E+00        3.19074282785E+04
5.17800E+00        3.18539949825E+04
5.18400E+00        3.17880274612E+04
5.19000E+00        3.17291525814E+04
5.19600E+00        3.16707469968E+04
5.20200E+00        3.16033174674E+04
5.20800E+00        3.15416977103E+04
5.21400E+00        3.14874119918E+04
5.22000E+00        3.14293582105E+04
5.22600E+00        3.13539012066E+04
5.23200E+00        3.12821793856E+04
5.23800E+00        3.12508169455E+04
5.24400E+00        3.11890937413E+04
5.25000E+00        3.11299309841E+04
5.25600E+00        3.10469535257E+04
5.26200E+00        3.10006100392E+04
5.26800E+00        3.09545811954E+04
5.27400E+00        3.08840350758E+04
5.28000E+00        3.08375015790E+04
5.28600E+00        3.07764365789E+04
5.29200E+00        3.07131382912E+04
5.29800E+00        3.06643212138E+04
5.30400E+00        3.06015917092E+04
5.31000E+00        3.05479171320E+04
5.31600E+00        3.04828979468E+04
5.32200E+00        3.04330047251E+04
5.32800E+00        3.03767808211E+04
5.33400E+00        3.03197313138E+04
5.34000E+00        3.02588014250E+04
5.34600E+00        3.02049811702E+04
5.35200E+00        3.01490545001E+04
5.35800E+00        3.00927987031E+04
5.36400E+00        3.00369671720E+04
5.37000E+00        2.99805384934E+04
5.37600E+00        2.99249357186E+04
5.38200E+00        2.98690014840E+04
5.38800E+00        2.98067933238E+04
5.39400E+00        2.97494359131E+04
5.40000E+00        2.97026838049E+04
5.40600E+00        2.96472599564E+04
5.41200E+00        2.95916092772E+04
5.41800E+00        2.95369304351E+04
5.42400E+00        2.94823404490E+04
5.43000E+00        2.94281709234E+04
5.43600E+00        2.93736321319E+04
5.44200E+00        2.93191900270E+04
5.44800E+00        2.92652239688E+04
5.45400E+00        2.92106792119E+04
5.46000E+00        2.91566264554E+04
5.46600E+00        2.91023834275E+04
5.47200E+00        2.90486893395E+04
5.47800E+00        2.89964944745E+04
5.48400E+00        2.89432840790E+04
5.49000E+00        2.88858954813E+04
5.49600E+00        2.88371681183E+04
5.50200E+00        2.87843056568E+04
5.50800E+00        2.87309724737E+04
5.51400E+00        2.86789895874E+04
5.52000E+00        2.86265560496E+04
5.52600E+00        2.85739867356E+04
5.53200E+00        2.85220012752E+04
5.53800E+00        2.84701139546E+04
5.54400E+00        2.84180429532E+04
5.55000E+00        2.83663267583E+04
5.55600E+00        2.83148993146E+04
5.56200E+00        2.82626334103E+04
5.56800E+00        2.82082048635E+04
5.57400E+00        2.81608691029E+04
5.58000E+00        2.81003996784E+04
5.58600E+00        2.80589439228E+04
5.59200E+00        2.80081745014E+04
5.59800E+00        2.79574857790E+04
5.60400E+00        2.79064362661E+04
5.61000E+00        2.78567046770E+04
5.61600E+00        2.78064425058E+04
5.62200E+00        2.77558464252E+04
5.62800E+00        2.77064113480E+04
5.63400E+00        2.76565255000E+04
5.64000E+00        2.76053964897E+04
5.64600E+00        2.75572942302E+04
5.65200E+00        2.75078522468E+04
5.65800E+00        2.74583145066E+04
5.66400E+00        2.74093767580E+04
5.67000E+00        2.73603137917E+04
5.67600E+00        2.73112576820E+04
5.68200E+00        2.72624615870E+04
5.68800E+00        2.72139468389E+04
5.69400E+00        2.71650186982E+04
5.70000E+00        2.71169375627E+04
5.70600E+00        2.70687017686E+04
5.71200E+00        2.70205342565E+04
5.71800E+00        2.69725246917E+04
5.72400E+00        2.69246233499E+04
5.73000E+00        2.68768323759E+04
5.73600E+00        2.68290842706E+04
5.74200E+00        2.67816739146E+04
5.74800E+00        2.67342602482E+04
5.75400E+00        2.66869553935E+04
5.76000E+00        2.66398153386E+04
5.76600E+00        2.65928005867E+04
5.77200E+00        2.65458072889E+04
5.77800E+00        2.64990850103E+04
5.78400E+00        2.64524145216E+04
5.79000E+00        2.64058584511E+04
5.79600E+00        2.63594427445E+04
5.80200E+00        2.63131449982E+04
5.80800E+00        2.62669491067E+04
5.81400E+00        2.62200976239E+04
5.82000E+00        2.61749282887E+04
5.82600E+00        2.61291229641E+04
5.83200E+00        2.60834054166E+04
5.83800E+00        2.60378047777E+04
5.84400E+00        2.59923329934E+04
5.85000E+00        2.59469705739E+04
5.85600E+00        2.59017273812E+04
5.86200E+00        2.58566205508E+04
5.86800E+00        2.58116040756E+04
5.87400E+00        2.57661128576E+04
5.88000E+00        2.57219288548E+04
5.88600E+00        2.56772604316E+04
5.89200E+00        2.56327343203E+04
5.89800E+00        2.55882900586E+04
5.90400E+00        2.55433531471E+04
5.91000E+00        2.54997600258E+04
5.91600E+00        2.54556426773E+04
5.92200E+00        2.54116995532E+04
5.92800E+00        2.53678267543E+04
5.93400E+00        2.53240647084E+04
5.94000E+00        2.52804152300E+04
5.94600E+00        2.52368757645E+04
5.95200E+00        2.51934481220E+04
5.95800E+00        2.51501527001E+04
5.96400E+00        2.51069356306E+04
5.97000E+00        2.50638466129E+04
5.97600E+00        2.50208581964E+04
5.98200E+00        2.49779765304E+04
5.98800E+00        2.49352055691E+04
5.99400E+00        2.48925504626E+04
6.00000E+00        2.48497402931E+04
6.00600E+00        2.48075619301E+04
6.01200E+00        2.47652204658E+04
6.01800E+00        2.47229857685E+04
6.02400E+00        2.46808585508E+04
6.03000E+00        2.46388598687E+04
6.03600E+00        2.45969433227E+04
6.04200E+00        2.45551321435E+04
6.04800E+00        2.45134259845E+04
6.05400E+00        2.44718255567E+04
6.06000E+00        2.44303284023E+04
6.06600E+00        2.43889352370E+04
6.07200E+00        2.43476679290E+04
6.07800E+00        2.43064837800E+04
6.08400E+00        2.42653994527E+04
6.09000E+00        2.42244177622E+04
6.09600E+00        2.41835425470E+04
6.10200E+00        2.41427661591E+04
6.10800E+00        2.41020499462E+04
6.11400E+00        2.40615409296E+04
6.12000E+00        2.40210684009E+04
6.12600E+00        2.39806965119E+04
6.13200E+00        2.39404259680E+04
6.13800E+00        2.39002543750E+04
6.14400E+00        2.38601824426E+04
6.15000E+00        2.38202202689E+04
6.15600E+00        2.37803600100E+04
6.16200E+00        2.37404816179E+04
6.16800E+00        2.37009085284E+04
6.17400E+00        2.36613300291E+04
6.18000E+00        2.36218492672E+04
6.18600E+00        2.35824659266E+04
6.19200E+00        2.35431807081E+04
6.19800E+00        2.35040137183E+04
6.20400E+00        2.34649207180E+04
6.21000E+00        2.34259238868E+04
6.21600E+00        2.33870229150E+04
6.22200E+00        2.33482174938E+04
6.22800E+00        2.33095083213E+04
6.23400E+00        2.32708930782E+04
6.24000E+00        2.32323936582E+04
6.24600E+00        2.31939683402E+04
6.25200E+00        2.31556360450E+04
6.25800E+00        2.31173974734E+04
6.26400E+00        2.30792523251E+04
6.27000E+00        2.30412003010E+04
6.27600E+00        2.30032420957E+04
6.28200E+00        2.29653754255E+04
6.28800E+00        2.29276228915E+04
6.29400E+00        2.28899403583E+04
6.30000E+00        2.28523494710E+04
6.30600E+00        2.28148499374E+04
6.31200E+00        2.27774414665E+04
6.31800E+00        2.27401247496E+04
6.32400E+00        2.27028975339E+04
6.33000E+00        2.26657605145E+04
6.33600E+00        2.26287350215E+04
6.34200E+00        2.25917658032E+04
6.34800E+00        2.25549093201E+04
6.35400E+00        2.25181301962E+04
6.36000E+00        2.24814398471E+04
6.36600E+00        2.24448379916E+04
6.37200E+00        2.24083243498E+04
6.37800E+00        2.23719209794E+04
6.38400E+00        2.23355809658E+04
6.39000E+00        2.22993302633E+04
6.39600E+00        2.22631685868E+04
6.40200E+00        2.22270918162E+04
6.40800E+00        2.21911016023E+04
6.41400E+00        2.21551976728E+04
6.42000E+00        2.21193797561E+04
6.42600E+00        2.20836686777E+04
6.43200E+00        2.20480219426E+04
6.43800E+00        2.20124604126E+04
6.44400E+00        2.19769838204E+04
6.45000E+00        2.19415918996E+04
6.45600E+00        2.19062843852E+04
6.46200E+00        2.18710610130E+04
6.46800E+00        2.18359224619E+04
6.47400E+00        2.18008874093E+04
6.48000E+00        2.17659148535E+04
6.48600E+00        2.17310253934E+04
6.49200E+00        2.16962187696E+04
6.49800E+00        2.16614947242E+04
6.50400E+00        2.16268529998E+04
6.51000E+00        2.15922933402E+04
6.51600E+00        2.15578360834E+04
6.52200E+00        2.15234388273E+04
6.52800E+00        2.14891247308E+04
6.53400E+00        2.14548907555E+04
6.54000E+00        2.14207375786E+04
6.54600E+00        2.13866649499E+04
6.55200E+00        2.13526726199E+04
6.55800E+00        2.13187807045E+04
6.56400E+00        2.12849481948E+04
6.57000E+00        2.12511952413E+04
6.57600E+00        2.12175215980E+04
6.58200E+00        2.11839270204E+04
6.58800E+00        2.11504112646E+04
6.59400E+00        2.11169942592E+04
6.60000E+00        2.10836353873E+04
6.60600E+00        2.10503546112E+04
6.61200E+00        2.10171516909E+04
6.61800E+00        2.09840263870E+04
6.62400E+00        2.09509784612E+04
6.63000E+00        2.09180276575E+04
6.63600E+00        2.08851337451E+04
6.64200E+00        2.08523165012E+04
6.64800E+00        2.08195765892E+04
6.65400E+00        2.07869119774E+04
6.66000E+00        2.07543431573E+04
6.66600E+00        2.07218302159E+04
6.67200E+00        2.06893927778E+04
6.67800E+00        2.06570306128E+04
6.68400E+00        2.06247434913E+04
6.69000E+00        2.05925311846E+04
6.69600E+00        2.05604122173E+04
6.70200E+00        2.05283497139E+04
6.70800E+00        2.04963604574E+04
6.71400E+00        2.04644451095E+04
6.72000E+00        2.04326229631E+04
6.72600E+00        2.04008547296E+04
6.73200E+00        2.03691597340E+04
6.73800E+00        2.03375377542E+04
6.74400E+00        2.03059885693E+04
6.75000E+00        2.02745313250E+04
6.75600E+00        2.02431270396E+04
6.76200E+00        2.02117948905E+04
6.76800E+00        2.01805346601E+04
6.77400E+00        2.01493653777E+04
6.78000E+00        2.01182474363E+04
6.78600E+00        2.00872025008E+04
6.79200E+00        2.00562277526E+04
6.79800E+00        2.00253421098E+04
6.80400E+00        1.99945088033E+04
6.81000E+00        1.99637467742E+04
6.81600E+00        1.99330540872E+04
6.82200E+00        1.99024495460E+04
6.82800E+00        1.98718966091E+04
6.83400E+00        1.98414132472E+04
6.84000E+00        1.98110181750E+04
6.84600E+00        1.97806733097E+04
6.85200E+00        1.97503973965E+04
6.85800E+00        1.97201902295E+04
6.86400E+00        1.96900704107E+04
6.87000E+00        1.96600000918E+04
6.87600E+00        1.96299979054E+04
6.88200E+00        1.96000636483E+04
6.88800E+00        1.95702158112E+04
6.89400E+00        1.95404167780E+04
6.90000E+00        1.95106850695E+04
6.90600E+00        1.94810390931E+04
6.91200E+00        1.94514414059E+04
6.91800E+00        1.94219104451E+04
6.92400E+00        1.93924460130E+04
6.93000E+00        1.93630664071E+04
6.93600E+00        1.93337344131E+04
6.94200E+00        1.93044683582E+04
6.94800E+00        1.92752864584E+04
6.95400E+00        1.92461516695E+04
6.96000E+00        1.92170822366E+04
6.96600E+00        1.91880771392E+04
6.97200E+00        1.91591561417E+04
6.97800E+00        1.91302815960E+04
6.98400E+00        1.91014716389E+04
6.99000E+00        1.90727442975E+04
6.99600E+00        1.90440629204E+04
7.00200E+00        1.90154455634E+04
7.00800E+00        1.89869101739E+04
7.01400E+00        1.89584202665E+04
7.02000E+00        1.89299938172E+04
7.02600E+00        1.89016306398E+04
7.03200E+00        1.88733485756E+04
7.03800E+00        1.88451113595E+04
7.04400E+00        1.88169368612E+04
7.05000E+00        1.87888428432E+04
7.05600E+00        1.87607932041E+04
7.06200E+00        1.87328049265E+04
7.06800E+00        1.87048973121E+04
7.07400E+00        1.86770336128E+04
7.08000E+00        1.86492315408E+04
7.08600E+00        1.86215087026E+04
7.09200E+00        1.85938293210E+04
7.09800E+00        1.85662110302E+04
7.10400E+00        1.85386713596E+04
7.11000E+00        1.85111746922E+04
7.11600E+00        1.84837385850E+04
7.12200E+00        1.84563804903E+04
7.12800E+00        1.84290641558E+04
7.13400E+00        1.84018086526E+04
7.14000E+00        1.83746130107E+04
7.14600E+00        1.83474945809E+04
7.15200E+00        1.83204181168E+04
7.15800E+00        1.82934009964E+04
7.16400E+00        1.82664604948E+04
7.17000E+00        1.82395615227E+04
7.17600E+00        1.82127213821E+04
7.18200E+00        1.81859564886E+04
7.18800E+00        1.81592334789E+04
7.19400E+00        1.81325687941E+04
7.20000E+00        1.81059795596E+04
7.20600E+00        1.80794309967E+04
7.21200E+00        1.80529402574E+04
7.21800E+00        1.80265243930E+04
7.22400E+00        1.80001487785E+04
7.23000E+00        1.79738297162E+04
7.23600E+00        1.79475685940E+04
7.24200E+00        1.79213815882E+04
7.24800E+00        1.78952342776E+04
7.25400E+00        1.78691436414E+04
7.26000E+00        1.78431265596E+04
7.26600E+00        1.78171487623E+04
7.27200E+00        1.77912271556E+04
7.27800E+00        1.77653785467E+04
7.28400E+00        1.77395680512E+04
7.29000E+00        1.77138140337E+04
7.29600E+00        1.76881155695E+04
7.30200E+00        1.76624893699E+04
7.30800E+00        1.76369015144E+04
7.31400E+00        1.76113687402E+04
7.32000E+00        1.75859069281E+04
7.32600E+00        1.75604838246E+04
7.33200E+00        1.75351153351E+04
7.33800E+00        1.75098013049E+04
7.34400E+00        1.74845582789E+04
7.35000E+00        1.74593526815E+04
7.35600E+00        1.74342003306E+04
7.36200E+00        1.74091192059E+04
7.36800E+00        1.73840751245E+04
7.37400E+00        1.73590845859E+04
7.38000E+00        1.73341474391E+04
7.38600E+00        1.73092800653E+04
7.39200E+00        1.72844484822E+04
7.39800E+00        1.72596705880E+04
7.40400E+00        1.72349454873E+04
7.41000E+00        1.72102894686E+04
7.41600E+00        1.71856694867E+04
7.42200E+00        1.71611011147E+04
7.42800E+00        1.71365856873E+04
7.43400E+00        1.71121386599E+04
7.44000E+00        1.70877271774E+04
7.44600E+00        1.70633674609E+04
7.45200E+00        1.70390586307E+04
7.45800E+00        1.70148182635E+04
7.46400E+00        1.69906129564E+04
7.47000E+00        1.69664588393E+04
7.47600E+00        1.69423550386E+04
7.48200E+00        1.69183028746E+04
7.48800E+00        1.68943176087E+04
7.49400E+00        1.68703668068E+04
7.50000E+00        1.68464664860E+04
7.50600E+00        1.68226157802E+04
7.51200E+00        1.67988320455E+04
7.51800E+00        1.67750823060E+04
7.52400E+00        1.67513824891E+04
7.53000E+00        1.67277317347E+04
7.53600E+00        1.67041313492E+04
7.54200E+00        1.66805964030E+04
7.54800E+00        1.66570948754E+04
7.55400E+00        1.66336418656E+04
7.56000E+00        1.66102386734E+04
7.56600E+00        1.65869002857E+04
7.57200E+00        1.65635948631E+04
7.57800E+00        1.65403374208E+04
7.58400E+00        1.65171292524E+04
7.59000E+00        1.64939695097E+04
7.59600E+00        1.64708580595E+04
7.60200E+00        1.64478097673E+04
7.60800E+00        1.64247944826E+04
7.61400E+00        1.64018270931E+04
7.62000E+00        1.63789074673E+04
7.62600E+00        1.63560347685E+04
7.63200E+00        1.63332258767E+04
7.63800E+00        1.63104487363E+04
7.64400E+00        1.62877188381E+04
7.65000E+00        1.62650353509E+04
7.65600E+00        1.62423995502E+04
7.66200E+00        1.62198106050E+04
7.66800E+00        1.61972831571E+04
7.67400E+00        1.61747875186E+04
7.68000E+00        1.61523383529E+04
7.68600E+00        1.61299355333E+04
7.69200E+00        1.61075782385E+04
7.69800E+00        1.60852677335E+04
7.70400E+00        1.60630185372E+04
7.71000E+00        1.60407991309E+04
7.71600E+00        1.60186261364E+04
7.72200E+00        1.59964987367E+04
7.72800E+00        1.59744161188E+04
7.73400E+00        1.59523795385E+04
7.74000E+00        1.59304033964E+04
7.74600E+00        1.59084564357E+04
7.75200E+00        1.58865551424E+04
7.75800E+00        1.58646987073E+04
7.76400E+00        1.58428863260E+04
7.77000E+00        1.58211192452E+04
7.77600E+00        1.57993966601E+04
7.78200E+00        1.57777328376E+04
7.78800E+00        1.57560988642E+04
7.79400E+00        1.57345090276E+04
7.80000E+00        1.57129625310E+04
7.80600E+00        1.56914606124E+04
7.81200E+00        1.56700024749E+04
7.81800E+00        1.56485873260E+04
7.82400E+00        1.56272313229E+04
7.83000E+00        1.56059038049E+04
7.83600E+00        1.55846189274E+04
7.84200E+00        1.55633779197E+04
7.84800E+00        1.55421799928E+04
7.85400E+00        1.55210243619E+04
7.86000E+00        1.54999122518E+04
7.86600E+00        1.54788576594E+04
7.87200E+00        1.54578302199E+04
7.87800E+00        1.54368459557E+04
7.88400E+00        1.54159034209E+04
7.89000E+00        1.53950038330E+04
7.89600E+00        1.53741464136E+04
7.90200E+00        1.53533303879E+04
7.90800E+00        1.53325716116E+04
7.91400E+00        1.53118400057E+04
7.92000E+00        1.52911494614E+04
7.92600E+00        1.52705011878E+04
7.93200E+00        1.52498937562E+04
7.93800E+00        1.52293283729E+04
7.94400E+00        1.52088042693E+04
7.95000E+00        1.51883206808E+04
7.95600E+00        1.51678788096E+04
7.96200E+00        1.51474923561E+04
7.96800E+00        1.51271316096E+04
7.97400E+00        1.51068122525E+04
7.98000E+00        1.50865328732E+04
7.98600E+00        1.50662946665E+04
7.99200E+00        1.50460962251E+04
7.99800E+00        1.50259387411E+04
8.00400E+00        1.50058214583E+04
8.01000E+00        1.49857436245E+04
8.01600E+00        1.49657064278E+04
8.02200E+00        1.49457227432E+04
8.02800E+00        1.49257651924E+04
8.03400E+00        1.49058473167E+04
8.04000E+00        1.48859683699E+04
8.04600E+00        1.48661295331E+04
8.05200E+00        1.48463294193E+04
8.05800E+00        1.48265692071E+04
8.06400E+00        1.48068475137E+04
8.07000E+00        1.47871655147E+04
8.07600E+00        1.47675224684E+04
8.08200E+00        1.47479176369E+04
8.08800E+00        1.47283521915E+04
8.09400E+00        1.47088388059E+04
8.10000E+00        1.46893505380E+04
8.10600E+00        1.46699000842E+04
8.11200E+00        1.46504886103E+04
8.11800E+00        1.46311147519E+04
8.12400E+00        1.46117796723E+04
8.13000E+00        1.45924826405E+04
8.13600E+00        1.45732229287E+04
8.14200E+00        1.45540016965E+04
8.14800E+00        1.45348175891E+04
8.15400E+00        1.45156717633E+04
8.16000E+00        1.44965628682E+04
8.16600E+00        1.44775058829E+04
8.17200E+00        1.44584717926E+04
8.17800E+00        1.44394755916E+04
8.18400E+00        1.44205159372E+04
8.19000E+00        1.44015939780E+04
8.19600E+00        1.43827083750E+04
8.20200E+00        1.43638602742E+04
8.20800E+00        1.43450489593E+04
8.21400E+00        1.43262737174E+04
8.22000E+00        1.43075356906E+04
8.22600E+00        1.42888335496E+04
8.23200E+00        1.42701684337E+04
8.23800E+00        1.42515390174E+04
8.24400E+00        1.42329464376E+04
8.25000E+00        1.42144029460E+04
8.25600E+00        1.41958825122E+04
8.26200E+00        1.41773974095E+04
8.26800E+00        1.41589487694E+04
8.27400E+00        1.41405352778E+04
8.28000E+00        1.41221580637E+04
8.28600E+00        1.41038158167E+04
8.29200E+00        1.40855096632E+04
8.29800E+00        1.40672382966E+04
8.30400E+00        1.40490028406E+04
8.31000E+00        1.40308019925E+04
8.31600E+00        1.40126368733E+04
8.32200E+00        1.39945061840E+04
8.32800E+00        1.39764110431E+04
8.33400E+00        1.39583501552E+04
8.34000E+00        1.39403246364E+04
8.34600E+00        1.39223331948E+04
8.35200E+00        1.39043769441E+04
8.35800E+00        1.38864678560E+04
8.36400E+00        1.38685805045E+04
8.37000E+00        1.38507268821E+04
8.37600E+00        1.38329075008E+04
8.38200E+00        1.38151228695E+04
8.38800E+00        1.37973717091E+04
8.39400E+00        1.37796551244E+04
8.40000E+00        1.37619718398E+04
8.40600E+00        1.37443229576E+04
8.41200E+00        1.37267072058E+04
8.41800E+00        1.37091256841E+04
8.42400E+00        1.36915771243E+04
8.43000E+00        1.36740626233E+04
8.43600E+00        1.36565809166E+04
8.44200E+00        1.36391330987E+04
8.44800E+00        1.36217179085E+04
8.45400E+00        1.36043358513E+04
8.46000E+00        1.35869874298E+04
8.46600E+00        1.35696713881E+04
8.47200E+00        1.35523888146E+04
8.47800E+00        1.35351384570E+04
8.48400E+00        1.35179214011E+04
8.49000E+00        1.35007363982E+04
8.49600E+00        1.34835845316E+04
8.50200E+00        1.34664645560E+04
8.50800E+00        1.34493775524E+04
8.51400E+00        1.34323222789E+04
8.52000E+00        1.34152992355E+04
8.52600E+00        1.33983089194E+04
8.53200E+00        1.33813500938E+04
8.53800E+00        1.33644238338E+04
8.54400E+00        1.33475289059E+04
8.55000E+00        1.33306791115E+04
8.55600E+00        1.33138350340E+04
8.56200E+00        1.32970480534E+04
8.56800E+00        1.32802805253E+04
8.57400E+00        1.32635439375E+04
8.58000E+00        1.32468393566E+04
8.58600E+00        1.32301655610E+04
8.59200E+00        1.32135230449E+04
8.59800E+00        1.31969122999E+04
8.60400E+00        1.31803321095E+04
8.61000E+00        1.31637835341E+04
8.61600E+00        1.31472653607E+04
8.62200E+00        1.31307780810E+04
8.62800E+00        1.31143221841E+04
8.63400E+00        1.30978964620E+04
8.64000E+00        1.30815019692E+04
8.64600E+00        1.30651375007E+04
8.65200E+00        1.30488041089E+04
8.65800E+00        1.30325005921E+04
8.66400E+00        1.30162274387E+04
8.67000E+00        1.29999851346E+04
8.67600E+00        1.29837724832E+04
8.68200E+00        1.29675905307E+04
8.68800E+00        1.29514380837E+04
8.69400E+00        1.29353156284E+04
8.70000E+00        1.29192236481E+04
8.70600E+00        1.29031609543E+04
8.71200E+00        1.28871285876E+04
8.71800E+00        1.28711253625E+04
8.72400E+00        1.28551517628E+04
8.73000E+00        1.28392082695E+04
8.73600E+00        1.28232937023E+04
8.74200E+00        1.28074085434E+04
8.74800E+00        1.27915532725E+04
8.75400E+00        1.27757267139E+04
8.76000E+00        1.27599298987E+04
8.76600E+00        1.27441616545E+04
8.77200E+00        1.27284224611E+04
8.77800E+00        1.27127127960E+04
8.78400E+00        1.26970314913E+04
8.79000E+00        1.26813790256E+04
8.79600E+00        1.26657558750E+04
8.80200E+00        1.26501608761E+04
8.80800E+00        1.26345950512E+04
8.81400E+00        1.26190572402E+04
8.82000E+00        1.26035479192E+04
8.82600E+00        1.25880675621E+04
8.83200E+00        1.25726150134E+04
8.83800E+00        1.25571907480E+04
8.84400E+00        1.25417952382E+04
8.85000E+00        1.25264273332E+04
8.85600E+00        1.25110875066E+04
8.86200E+00        1.24957762293E+04
8.86800E+00        1.24804923550E+04
8.87400E+00        1.24652368936E+04
8.88000E+00        1.24500087018E+04
8.88600E+00        1.24348082508E+04
8.89200E+00        1.24196360092E+04
8.89800E+00        1.24044908386E+04
8.90400E+00        1.23893732087E+04
8.91000E+00        1.23742835868E+04
8.91600E+00        1.23592208388E+04
8.92200E+00        1.23441736471E+04
8.92800E+00        1.23291778361E+04
8.93400E+00        1.23141969176E+04
8.94000E+00        1.22992431450E+04
8.94600E+00        1.22843169829E+04
8.95200E+00        1.22694173061E+04
8.95800E+00        1.22545445804E+04
8.96400E+00        1.22396992690E+04
8.97000E+00        1.22248685790E+04
8.97600E+00        1.22100879914E+04
8.98200E+00        1.21953113075E+04
8.98800E+00        1.21805723854E+04
8.99400E+00        1.21658600298E+04
9.00000E+00        1.21511747014E+04
9.00600E+00        1.21365152883E+04
9.01200E+00        1.21218822522E+04
9.01800E+00        1.21072760523E+04
9.02400E+00        1.20926955811E+04
9.03000E+00        1.20781412988E+04
9.03600E+00        1.20636136634E+04
9.04200E+00        1.20491115717E+04
9.04800E+00        1.20346354826E+04
9.05400E+00        1.20201858528E+04
9.06000E+00        1.20057730462E+04
9.06600E+00        1.19913745809E+04
9.07200E+00        1.19770023890E+04
9.07800E+00        1.19626439541E+04
9.08400E+00        1.19483225894E+04
9.09000E+00        1.19340267989E+04
9.09600E+00        1.19197570363E+04
9.10200E+00        1.19055122125E+04
9.10800E+00        1.18913041354E+04
9.11400E+00        1.18771105369E+04
9.12000E+00        1.18629416992E+04
9.12600E+00        1.18487980756E+04
9.13200E+00        1.18346688176E+04
9.13800E+00        1.18205867427E+04
9.14400E+00        1.18065184047E+04
9.15000E+00        1.17924755526E+04
9.15600E+00        1.17784571100E+04
9.16200E+00        1.17644635275E+04
9.16800E+00        1.17504947466E+04
9.17400E+00        1.17365512154E+04
9.18000E+00        1.17226318628E+04
9.18600E+00        1.17087371377E+04
9.19200E+00        1.16948674867E+04
9.19800E+00        1.16810218431E+04
9.20400E+00        1.16672006544E+04
9.21000E+00        1.16534043658E+04
9.21600E+00        1.16396319148E+04
9.22200E+00        1.16258837474E+04
9.22800E+00        1.16121598071E+04
9.23400E+00        1.15984605374E+04
9.24000E+00        1.15847848810E+04
9.24600E+00        1.15711332825E+04
9.25200E+00        1.15575061841E+04
9.25800E+00        1.15439025326E+04
9.26400E+00        1.15303227713E+04
9.27000E+00        1.15167668445E+04
9.27600E+00        1.15032351930E+04
9.28200E+00        1.14897267686E+04
9.28800E+00        1.14762420131E+04
9.29400E+00        1.14627813657E+04
9.30000E+00        1.14493437824E+04
9.30600E+00        1.14359297036E+04
9.31200E+00        1.14225390748E+04
9.31800E+00        1.14091723336E+04
9.32400E+00        1.13958284414E+04
9.33000E+00        1.13825078366E+04
9.33600E+00        1.13692109558E+04
9.34200E+00        1.13559367641E+04
9.34800E+00        1.13426965281E+04
9.35400E+00        1.13294685232E+04
9.36000E+00        1.13162640262E+04
9.36600E+00        1.13030820074E+04
9.37200E+00        1.12899229025E+04
9.37800E+00        1.12767866586E+04
9.38400E+00        1.12636737088E+04
9.39000E+00        1.12505830288E+04
9.39600E+00        1.12375150524E+04
9.40200E+00        1.12244697275E+04
9.40800E+00        1.12114474855E+04
9.41400E+00        1.11984473071E+04
9.42000E+00        1.11854696245E+04
9.42600E+00        1.11725148679E+04
9.43200E+00        1.11595820219E+04
9.43800E+00        1.11466821592E+04
9.44400E+00        1.11337939328E+04
9.45000E+00        1.11209284253E+04
9.45600E+00        1.11080846263E+04
9.46200E+00        1.10952629652E+04
9.46800E+00        1.10824633914E+04
9.47400E+00        1.10696863318E+04
9.48000E+00        1.10569307808E+04
9.48600E+00        1.10441971664E+04
9.49200E+00        1.10314854384E+04
9.49800E+00        1.10187960223E+04
9.50400E+00        1.10061279173E+04
9.51000E+00        1.09934920451E+04
9.51600E+00        1.09808678268E+04
9.52200E+00        1.09682647731E+04
9.52800E+00        1.09556833089E+04
9.53400E+00        1.09431233851E+04
9.54000E+00        1.09305854243E+04
9.54600E+00        1.09180684344E+04
9.55200E+00        1.09055728388E+04
9.55800E+00        1.08930985890E+04
9.56400E+00        1.08806461059E+04
9.57000E+00        1.08682144023E+04
9.57600E+00        1.08558142638E+04
9.58200E+00        1.08434249028E+04
9.58800E+00        1.08310566474E+04
9.59400E+00        1.08187099164E+04
9.60000E+00        1.08063837287E+04
9.60600E+00        1.07940785040E+04
9.61200E+00        1.07817941949E+04
9.61800E+00        1.07695312189E+04
9.62400E+00        1.07572885995E+04
9.63000E+00        1.07450667549E+04
9.63600E+00        1.07328656383E+04
9.64200E+00        1.07206856654E+04
9.64800E+00        1.07085360878E+04
9.65400E+00        1.06963968641E+04
9.66000E+00        1.06842781828E+04
9.66600E+00        1.06721804580E+04
9.67200E+00        1.06601027230E+04
9.67800E+00        1.06480453925E+04
9.68400E+00        1.06360084209E+04
9.69000E+00        1.06239917625E+04
9.69600E+00        1.06119958297E+04
9.70200E+00        1.06000196613E+04
9.70800E+00        1.05880636703E+04
9.71400E+00        1.05761379082E+04
9.72000E+00        1.05642221254E+04
9.72600E+00        1.05523268403E+04
9.73200E+00        1.05404510974E+04
9.73800E+00        1.05285953079E+04
9.74400E+00        1.05167594272E+04
9.75000E+00        1.05049438641E+04
9.75600E+00        1.04931476678E+04
9.76200E+00        1.04813712478E+04
9.76800E+00        1.04696145601E+04
9.77400E+00        1.04578775609E+04
9.78000E+00        1.04461706293E+04
9.78600E+00        1.04344728644E+04
9.79200E+00        1.04227946572E+04
9.79800E+00        1.04111359643E+04
9.80400E+00        1.03994967426E+04
9.81000E+00        1.03878773969E+04
9.81600E+00        1.03762769877E+04
9.82200E+00        1.03646959207E+04
9.82800E+00        1.03531341531E+04
9.83400E+00        1.03416015148E+04
9.84000E+00        1.03300786527E+04
9.84600E+00        1.03185745164E+04
9.85200E+00        1.03070895097E+04
9.85800E+00        1.02956235903E+04
9.86400E+00        1.02841767163E+04
9.87000E+00        1.02727492886E+04
9.87600E+00        1.02613403790E+04
9.88200E+00        1.02499503892E+04
9.88800E+00        1.02385890517E+04
9.89400E+00        1.02272367660E+04
9.90000E+00        1.02159037162E+04
9.90600E+00        1.02045889796E+04
9.91200E+00        1.01932929558E+04
9.91800E+00        1.01820156040E+04
9.92400E+00        1.01707568832E+04
9.93000E+00        1.01595171907E+04
9.93600E+00        1.01482956091E+04
9.94200E+00        1.01371022135E+04
9.94800E+00        1.01259175985E+04
9.95400E+00        1.01147514115E+04
9.96000E+00        1.01036036124E+04
9.96600E+00        1.00924745960E+04
9.97200E+00        1.00813634516E+04
9.97800E+00        1.00702705749E+04
9.98400E+00        1.00591959259E+04
9.99000E+00        1.00481394651E+04
9.99600E+00        1.00371107344E+04
1.00020E+01        1.00260909528E+04
1.00080E+01        1.00150888081E+04
1.00140E+01        1.00041046937E+04
1.00200E+01        9.99313857038E+03
1.00260E+01        9.98219039915E+03
1.00320E+01        9.97126057095E+03
1.00380E+01        9.96034818653E+03
1.00440E+01        9.94946313537E+03
1.00500E+01        9.93858637280E+03
1.00560E+01        9.92772736846E+03
1.00620E+01        9.91688608392E+03
1.00680E+01        9.90606290795E+03
1.00740E+01        9.89525694758E+03
1.00800E+01        9.88446859227E+03
1.00860E+01        9.87369780397E+03
1.00920E+01        9.86295395990E+03
1.00980E+01        9.85221818166E+03
1.01040E+01        9.84150028128E+03
1.01100E+01        9.83079937199E+03
1.01160E+01        9.82011584105E+03
1.01220E+01        9.80944965103E+03
1.01280E+01        9.79880076461E+03
1.01340E+01        9.78816914454E+03
1.01400E+01        9.77756408724E+03
1.01460E+01        9.76696729958E+03
1.01520E+01        9.75638724561E+03
1.01580E+01        9.74582431008E+03
1.01640E+01        9.73527845624E+03
1.01700E+01        9.72474964747E+03
1.01760E+01        9.71423784720E+03
1.01820E+01        9.70374343741E+03
1.01880E+01        9.69326554448E+03
1.01940E+01        9.68281379404E+03
1.02000E+01        9.67236965392E+03
1.02060E+01        9.66194234108E+03
1.02120E+01        9.65153181955E+03
1.02180E+01        9.64113805346E+03
1.02240E+01        9.63076142228E+03
1.02300E+01        9.62040105941E+03
1.02360E+01        9.61005734495E+03
1.02420E+01        9.59973940704E+03
1.02480E+01        9.58942887317E+03
1.02540E+01        9.57913488156E+03
1.02600E+01        9.56885739697E+03
1.02660E+01        9.55859638431E+03
1.02720E+01        9.54835222024E+03
1.02780E+01        9.53812404601E+03
1.02840E+01        9.52791223892E+03
1.02900E+01        9.51771676421E+03
1.02960E+01        9.50754666278E+03
1.03020E+01        9.49738373928E+03
1.03080E+01        9.48723704450E+03
1.03140E+01        9.47710695268E+03
1.03200E+01        9.46699261186E+03
1.03260E+01        9.45689439689E+03
1.03320E+01        9.44681227367E+03
1.03380E+01        9.43674620818E+03
1.03440E+01        9.42669616648E+03
1.03500E+01        9.41666211474E+03
1.03560E+01        9.40665299832E+03
1.03620E+01        9.39665122090E+03
1.03680E+01        9.38666492689E+03
1.03740E+01        9.37669448838E+03
1.03800E+01        9.36673987196E+03
1.03860E+01        9.35680104432E+03
1.03920E+01        9.34687797224E+03
1.03980E+01        9.33697062257E+03
1.04040E+01        9.32707896228E+03
1.04100E+01        9.31721185204E+03
1.04160E+01        9.30735186354E+03
1.04220E+01        9.29750706407E+03
1.04280E+01        9.28767782264E+03
1.04340E+01        9.27786410662E+03
1.04400E+01        9.26806588349E+03
1.04460E+01        9.25828312078E+03
1.04520E+01        9.24851578613E+03
1.04580E+01        9.23876384726E+03
1.04640E+01        9.22902727196E+03
1.04700E+01        9.21930602812E+03
1.04760E+01        9.20960927162E+03
1.04820E+01        9.19991858501E+03
1.04880E+01        9.19024313403E+03
1.04940E+01        9.18058288689E+03
1.05000E+01        9.17093781189E+03
1.05060E+01        9.16130787742E+03
1.05120E+01        9.15169305193E+03
1.05180E+01        9.14209330397E+03
1.05240E+01        9.13250860217E+03
1.05300E+01        9.12293930856E+03
1.05360E+01        9.11338460486E+03
1.05420E+01        9.10384485368E+03
1.05480E+01        9.09432870466E+03
1.05540E+01        9.08481875636E+03
1.05600E+01        9.07532366768E+03
1.05660E+01        9.06584340781E+03
1.05720E+01        9.05637794603E+03
1.05780E+01        9.04692725167E+03
1.05840E+01        9.03749129416E+03
1.05900E+01        9.02807004301E+03
1.05960E+01        9.01866346780E+03
1.06020E+01        9.00927153819E+03
1.06080E+01        8.99989461194E+03
1.06140E+01        8.99053188244E+03
1.06200E+01        8.98119228057E+03
1.06260E+01        8.97185862223E+03
1.06320E+01        8.96253945898E+03
1.06380E+01        8.95323476094E+03
1.06440E+01        8.94394449832E+03
1.06500E+01        8.93466864141E+03
1.06560E+01        8.92540716054E+03
1.06620E+01        8.91616002616E+03
1.06680E+01        8.90692720877E+03
1.06740E+01        8.89770867895E+03
1.06800E+01        8.88850440736E+03
1.06860E+01        8.87931474754E+03
1.06920E+01        8.87013890429E+03
1.06980E+01        8.86097723168E+03
1.07040E+01        8.85182970068E+03
1.07100E+01        8.84269628231E+03
1.07160E+01        8.83357694767E+03
1.07220E+01        8.82447166795E+03
1.07280E+01        8.81538041440E+03
1.07340E+01        8.80631156383E+03
1.07400E+01        8.79724826798E+03
1.07460E+01        8.78819891250E+03
1.07520E+01        8.77916346893E+03
1.07580E+01        8.77014190888E+03
1.07640E+01        8.76113420404E+03
1.07700E+01        8.75214032615E+03
1.07760E+01        8.74316024706E+03
1.07820E+01        8.73419393866E+03
1.07880E+01        8.72524137293E+03
1.07940E+01        8.71630252190E+03
1.08000E+01        8.70737773309E+03
1.08060E+01        8.69846622750E+03
1.08120E+01        8.68956835316E+03
1.08180E+01        8.68068408241E+03
1.08240E+01        8.67181338764E+03
1.08300E+01        8.66295624130E+03
1.08360E+01        8.65411261594E+03
1.08420E+01        8.64528248415E+03
1.08480E+01        8.63646581861E+03
1.08540E+01        8.62766259206E+03
1.08600E+01        8.61887277730E+03
1.08660E+01        8.61009634721E+03
1.08720E+01        8.60133327474E+03
1.08780E+01        8.59258353290E+03
1.08840E+01        8.58384709478E+03
1.08900E+01        8.57512393351E+03
1.08960E+01        8.56641402233E+03
1.09020E+01        8.55771733451E+03
1.09080E+01        8.54903384339E+03
1.09140E+01        8.54036352241E+03
1.09200E+01        8.53170634505E+03
1.09260E+01        8.52306228484E+03
1.09320E+01        8.51443131542E+03
1.09380E+01        8.50581341046E+03
1.09440E+01        8.49720854371E+03
1.09500E+01        8.48861668898E+03
1.09560E+01        8.48003782016E+03
1.09620E+01        8.47147191119E+03
1.09680E+01        8.46291893608E+03
1.09740E+01        8.45438730264E+03
1.09800E+01        8.44585204790E+03
1.09860E+01        8.43733735497E+03
1.09920E+01        8.42883585668E+03
1.09980E+01        8.42034716327E+03
1.10040E+01        8.41187124913E+03
1.10100E+01        8.40340845100E+03
1.10160E+01        8.39495801848E+03
1.10220E+01        8.38652028880E+03
1.10280E+01        8.37809523661E+03
1.10340E+01        8.36968283663E+03
1.10400E+01        8.36128306362E+03
1.10460E+01        8.35289589242E+03
1.10520E+01        8.34452129794E+03
1.10580E+01        8.33615925514E+03
1.10640E+01        8.32780973903E+03
1.10700E+01        8.31947272472E+03
1.10760E+01        8.31114818734E+03
1.10820E+01        8.30283610210E+03
1.10880E+01        8.29453644428E+03
1.10940E+01        8.28624918920E+03
1.11000E+01        8.27797431226E+03
1.11060E+01        8.26971178891E+03
1.11120E+01        8.26146159467E+03
1.11180E+01        8.25322370511E+03
1.11240E+01        8.24499809585E+03
1.11300E+01        8.23678438752E+03
1.11360E+01        8.22858326639E+03
1.11420E+01        8.22039435284E+03
1.11480E+01        8.21221762273E+03
1.11540E+01        8.20405340568E+03
1.11600E+01        8.19590061665E+03
1.11660E+01        8.18776029272E+03
1.11720E+01        8.17963205632E+03
1.11780E+01        8.17151588362E+03
1.11840E+01        8.16341175085E+03
1.11900E+01        8.15531963430E+03
1.11960E+01        8.14723951029E+03
1.12020E+01        8.13917135525E+03
1.12080E+01        8.13111514562E+03
1.12140E+01        8.12307085792E+03
1.12200E+01        8.11503846872E+03
1.12260E+01        8.10701795466E+03
1.12320E+01        8.09900929243E+03
1.12380E+01        8.09100473666E+03
1.12440E+01        8.08301971599E+03
1.12500E+01        8.07504647755E+03
1.12560E+01        8.06708499823E+03
1.12620E+01        8.05913525503E+03
1.12680E+01        8.05119722495E+03
1.12740E+01        8.04327088509E+03
1.12800E+01        8.03535621259E+03
1.12860E+01        8.02745318463E+03
1.12920E+01        8.01956177847E+03
1.12980E+01        8.01168197142E+03
1.13040E+01        8.00381374083E+03
1.13100E+01        7.99595706413E+03
1.13160E+01        7.98811191877E+03
1.13220E+01        7.98027828230E+03
1.13280E+01        7.97245613228E+03
1.13340E+01        7.96464544635E+03
1.13400E+01        7.95684620219E+03
1.13460E+01        7.94905837756E+03
1.13520E+01        7.94127402885E+03
1.13580E+01        7.93350898445E+03
1.13640E+01        7.92575529311E+03
1.13700E+01        7.91801293279E+03
1.13760E+01        7.91028188149E+03
1.13820E+01        7.90256211728E+03
1.13880E+01        7.89485361828E+03
1.13940E+01        7.88715636264E+03
1.14000E+01        7.87947032861E+03
1.14060E+01        7.87179549444E+03
1.14120E+01        7.86413183846E+03
1.14180E+01        7.85647933906E+03
1.14240E+01        7.84883797466E+03
1.14300E+01        7.84120024029E+03
1.14360E+01        7.83358108868E+03
1.14420E+01        7.82597300766E+03
1.14480E+01        7.81837597588E+03
1.14540E+01        7.81078997202E+03
1.14600E+01        7.80321497482E+03
1.14660E+01        7.79565062703E+03
1.14720E+01        7.78809757990E+03
1.14780E+01        7.78055547596E+03
1.14840E+01        7.77302429415E+03
1.14900E+01        7.76550401346E+03
1.14960E+01        7.75799461294E+03
1.15020E+01        7.75048867487E+03
1.15080E+01        7.74300097916E+03
1.15140E+01        7.73552410104E+03
1.15200E+01        7.72805801975E+03
1.15260E+01        7.72060271458E+03
1.15320E+01        7.71315816488E+03
1.15380E+01        7.70572435003E+03
1.15440E+01        7.69830091763E+03
1.15500E+01        7.69088851119E+03
1.15560E+01        7.68348677807E+03
1.15620E+01        7.67609569787E+03
1.15680E+01        7.66870793152E+03
1.15740E+01        7.66133810314E+03
1.15800E+01        7.65397886671E+03
1.15860E+01        7.64663020202E+03
1.15920E+01        7.63929208889E+03
1.15980E+01        7.63196450721E+03
1.16040E+01        7.62464743689E+03
1.16100E+01        7.61734085791E+03
1.16160E+01        7.61004442224E+03
1.16220E+01        7.60275876636E+03
1.16280E+01        7.59548354202E+03
1.16340E+01        7.58821148758E+03
1.16400E+01        7.58095707378E+03
1.16460E+01        7.57371303213E+03
1.16520E+01        7.56647934294E+03
1.16580E+01        7.55925598655E+03
1.16640E+01        7.55204294336E+03
1.16700E+01        7.54484019382E+03
1.16760E+01        7.53764771840E+03
1.16820E+01        7.53045798640E+03
1.16880E+01        7.52328600805E+03
1.16940E+01        7.51612424554E+03
1.17000E+01        7.50897267957E+03
1.17060E+01        7.50183129084E+03
1.17120E+01        7.49470006011E+03
1.17180E+01        7.48757896819E+03
1.17240E+01        7.48046799593E+03
1.17300E+01        7.47336712424E+03
1.17360E+01        7.46626888690E+03
1.17420E+01        7.45918816626E+03
1.17480E+01        7.45211748914E+03
1.17540E+01        7.44505683660E+03
1.17600E+01        7.43800618977E+03
1.17660E+01        7.43096552981E+03
1.17720E+01        7.42393483793E+03
1.17780E+01        7.41691409538E+03
1.17840E+01        7.40990328346E+03
1.17900E+01        7.40289531873E+03
1.17960E+01        7.39590400001E+03
1.18020E+01        7.38892287516E+03
1.18080E+01        7.38195160655E+03
1.18140E+01        7.37499017570E+03
1.18200E+01        7.36803856417E+03
1.18260E+01        7.36109675354E+03
1.18320E+01        7.35416472548E+03
1.18380E+01        7.34723545004E+03
1.18440E+01        7.34032293880E+03
1.18500E+01        7.33341983918E+03
1.18560E+01        7.32652676551E+03
1.18620E+01        7.31964338324E+03
1.18680E+01        7.31276967428E+03
1.18740E+01        7.30590562056E+03
1.18800E+01        7.29904423849E+03
1.18860E+01        7.29219944778E+03
1.18920E+01        7.28536425838E+03
1.18980E+01        7.27853833865E+03
1.19040E+01        7.27172229852E+03
1.19100E+01        7.26491580614E+03
1.19160E+01        7.25811884375E+03
1.19220E+01        7.25132447361E+03
1.19280E+01        7.24454652452E+03
1.19340E+01        7.23777805235E+03
1.19400E+01        7.23101903949E+03
1.19460E+01        7.22426915699E+03
1.19520E+01        7.21752901040E+03
1.19580E+01        7.21079827055E+03
1.19640E+01        7.20407692001E+03
1.19700E+01        7.19735807292E+03
1.19760E+01        7.19065545522E+03
1.19820E+01        7.18396217473E+03
1.19880E+01        7.17727790479E+03
1.19940E+01        7.17060324720E+03
1.20000E+01        7.16393787510E+03
1.20060E+01        7.15728177131E+03
1.20120E+01        7.15062809491E+03
1.20180E+01        7.14399048278E+03
1.20240E+01        7.13736208770E+03
1.20300E+01        7.13074258533E+03
1.20360E+01        7.12413257368E+03
1.20420E+01        7.11753172821E+03
1.20480E+01        7.11093324610E+03
1.20540E+01        7.10435068861E+03
1.20600E+01        7.09777724672E+03
1.20660E+01        7.09121259801E+03
1.20720E+01        7.08465733734E+03
1.20780E+01        7.07811114207E+03
1.20840E+01        7.07157399555E+03
1.20900E+01        7.06503913909E+03
1.20960E+01        7.05852004647E+03
1.21020E+01        7.05200995284E+03
1.21080E+01        7.04550853801E+03
1.21140E+01        7.03901639317E+03
1.21200E+01        7.03253319792E+03
1.21260E+01        7.02605223104E+03
1.21320E+01        7.01958689200E+03
1.21380E+01        7.01313045347E+03
1.21440E+01        7.00668259717E+03
1.21500E+01        7.00024391115E+03
1.21560E+01        6.99381407691E+03
1.21620E+01        6.98738641039E+03
1.21680E+01        6.98097423737E+03
1.21740E+01        6.97457086772E+03
1.21800E+01        6.96817598504E+03
1.21860E+01        6.96179017428E+03
1.21920E+01        6.95541311882E+03
1.21980E+01        6.94903817145E+03
1.22040E+01        6.94267858485E+03
1.22100E+01        6.93632770581E+03
1.22160E+01        6.92998551848E+03
1.22220E+01        6.92365170863E+03
1.22280E+01        6.91732025663E+03
1.22340E+01        6.91100405604E+03
1.22400E+01        6.90469648414E+03
1.22460E+01        6.89839752526E+03
1.22520E+01        6.89210686671E+03
1.22580E+01        6.88582508731E+03
1.22640E+01        6.87954530926E+03
1.22700E+01        6.87328065280E+03
1.22760E+01        6.86702453158E+03
1.22820E+01        6.86077693012E+03
1.22880E+01        6.85453753758E+03
1.22940E+01        6.84830039467E+03
1.23000E+01        6.84207826638E+03
1.23060E+01        6.83586459639E+03
1.23120E+01        6.82965936942E+03
1.23180E+01        6.82346227612E+03
1.23240E+01        6.81727388976E+03
1.23300E+01        6.81108740128E+03
1.23360E+01        6.80491580045E+03
1.23420E+01        6.79875256675E+03
1.23480E+01        6.79259768510E+03
1.23540E+01        6.78645084795E+03
1.23600E+01        6.78030615548E+03
1.23660E+01        6.77417624600E+03
1.23720E+01        6.76805462860E+03
1.23780E+01        6.76194128839E+03
1.23840E+01        6.75583591929E+03
1.23900E+01        6.74973264819E+03
1.23960E+01        6.74364405648E+03
1.24020E+01        6.73756368264E+03
1.24080E+01        6.73149151194E+03
1.24140E+01        6.72542723979E+03
1.24200E+01        6.71936501963E+03
1.24260E+01        6.71331737625E+03
1.24320E+01        6.70727787737E+03
1.24380E+01        6.70124650841E+03
1.24440E+01        6.69522296625E+03
1.24500E+01        6.68920143068E+03
1.24560E+01        6.68319437033E+03
1.24620E+01        6.67719538191E+03
1.24680E+01        6.67120445099E+03
1.24740E+01        6.66522127593E+03
1.24800E+01        6.65924006269E+03
1.24860E+01        6.65327322410E+03
1.24920E+01        6.64731438566E+03
1.24980E+01        6.64136353313E+03
1.25040E+01        6.63542036629E+03
1.25100E+01        6.62947911714E+03
1.25160E+01        6.62355214302E+03
1.25220E+01        6.61763309810E+03
1.25280E+01        6.61172168330E+03
1.25340E+01        6.60581845476E+03
1.25400E+01        6.59991681538E+03
1.25460E+01        6.59402935243E+03
1.25520E+01        6.58814974848E+03
1.25580E+01        6.58227770589E+03
1.25640E+01        6.57641377840E+03
1.25700E+01        6.57055139841E+03
1.25760E+01        6.56470309719E+03
1.25820E+01        6.55886258556E+03
1.25880E+01        6.55302956728E+03
1.25940E+01        6.54719834627E+03
1.26000E+01        6.54138112659E+03
1.26060E+01        6.53557164151E+03
1.26120E+01        6.52976959594E+03
1.26180E+01        6.52397553934E+03
1.26240E+01        6.51818295667E+03
1.26300E+01        6.51240427939E+03
1.26360E+01        6.50663326866E+03
1.26420E+01        6.50086963077E+03
1.26480E+01        6.49511391287E+03
1.26540E+01        6.48935962882E+03
1.26600E+01        6.48361915514E+03
1.26660E+01        6.47788600150E+03
1.26720E+01        6.47216071319E+03
1.26780E+01        6.46643682707E+03
1.26840E+01        6.46072667596E+03
1.26900E+01        6.45502407078E+03
1.26960E+01        6.44932872031E+03
1.27020E+01        6.44364116751E+03
1.27080E+01        6.43795497781E+03
1.27140E+01        6.43228242976E+03
1.27200E+01        6.42661708466E+03
1.27260E+01        6.42095948361E+03
1.27320E+01        6.41530321481E+03
1.27380E+01        6.40966051360E+03
1.27440E+01        6.40402496404E+03
1.27500E+01        6.39839710540E+03
1.27560E+01        6.39277054847E+03
1.27620E+01        6.38715748564E+03
1.27680E+01        6.38155179865E+03
1.27740E+01        6.37595319982E+03
1.27800E+01        6.37036222614E+03
1.27860E+01        6.36477251648E+03
1.27920E+01        6.35919620986E+03
1.27980E+01        6.35362694111E+03
1.28040E+01        6.34806524538E+03
1.28100E+01        6.34250478391E+03
1.28160E+01        6.33695765326E+03
1.28220E+01        6.33141751061E+03
1.28280E+01        6.32588488933E+03
1.28340E+01        6.32035347286E+03
1.28400E+01        6.31483531554E+03
1.28460E+01        6.30932409680E+03
1.28520E+01        6.30382034820E+03
1.28580E+01        6.29831777530E+03
1.28640E+01        6.29282839043E+03
1.28700E+01        6.28734589514E+03
1.28760E+01        6.28187081921E+03
1.28820E+01        6.27639689019E+03
1.28880E+01        6.27093607861E+03
1.28940E+01        6.26548210805E+03
1.29000E+01        6.26003550649E+03
1.29060E+01        6.25459002337E+03
1.29120E+01        6.24915758765E+03
1.29180E+01        6.24373194480E+03
1.29240E+01        6.23831362103E+03
1.29300E+01        6.23289638754E+03
1.29360E+01        6.22749213194E+03
1.29420E+01        6.22209462147E+03
1.29480E+01        6.21670438059E+03
1.29540E+01        6.21132112884E+03
1.29600E+01        6.20593893260E+03
1.29660E+01        6.20056936088E+03
1.29720E+01        6.19520700966E+03
1.29780E+01        6.18984569335E+03
1.29840E+01        6.18449695092E+03
1.29900E+01        6.17915539248E+03
1.29960E+01        6.17382073936E+03
1.30020E+01        6.16848709391E+03
1.30080E+01        6.16316595531E+03
1.30140E+01        6.15785195235E+03
1.30200E+01        6.15254480739E+03
1.30260E+01        6.14723864316E+03
1.30320E+01        6.14194491927E+03
1.30380E+01        6.13665828308E+03
1.30440E+01        6.13137845796E+03
1.30500E+01        6.12609932291E+03
1.30560E+01        6.12083309023E+03
1.30620E+01        6.11557363369E+03
1.30680E+01        6.11032094171E+03
1.30740E+01        6.10506891436E+03
1.30800E+01        6.09982972204E+03
1.30860E+01        6.09459725964E+03
1.30920E+01        6.08937151566E+03
1.30980E+01        6.08414641118E+03
1.31040E+01        6.07893407489E+03
1.31100E+01        6.07372842268E+03
1.31160E+01        6.06852339129E+03
1.31220E+01        6.06333107828E+03
1.31280E+01        6.05814541524E+03
1.31340E+01        6.05296639084E+03
1.31400E+01        6.04778796262E+03
1.31460E+01        6.04262218679E+03
1.31520E+01        6.03746301578E+03
1.31580E+01        6.03231043835E+03
1.31640E+01        6.02715843273E+03
1.31700E+01        6.02201901402E+03
1.31760E+01        6.01688615534E+03
1.31820E+01        6.01175385037E+03
1.31880E+01        6.00663408352E+03
1.31940E+01        6.00152084337E+03
1.32000E+01        5.99641411886E+03
1.32060E+01        5.99130792416E+03
1.32120E+01        5.98621420293E+03
1.32180E+01        5.98112696430E+03
1.32240E+01        5.97604593973E+03
1.32300E+01        5.97096593645E+03
1.32360E+01        5.96589808492E+03
1.32420E+01        5.96083641535E+03
1.32480E+01        5.95577574820E+03
1.32540E+01        5.95072718564E+03
1.32600E+01        5.94568502937E+03
1.32660E+01        5.94064901254E+03
1.32720E+01        5.93561397323E+03
1.32780E+01        5.93059097605E+03
1.32840E+01        5.92557408667E+03
1.32900E+01        5.92056380533E+03
1.32960E+01        5.91555422151E+03
1.33020E+01        5.91055661780E+03
1.33080E+01        5.90556508001E+03
1.33140E+01        5.90057447681E+03
1.33200E+01        5.89559580750E+03
1.33260E+01        5.89062317294E+03
1.33320E+01        5.88565145481E+03
1.33380E+01        5.88069162462E+03
1.33440E+01        5.87573805141E+03
1.33500E+01        5.87079047169E+03
1.33560E+01        5.86584378442E+03
1.33620E+01        5.86090892421E+03
1.33680E+01        5.85598002675E+03
1.33740E+01        5.85105200395E+03
1.33800E+01        5.84613576283E+03
1.33860E+01        5.84122545393E+03
1.33920E+01        5.83632157061E+03
1.33980E+01        5.83141828668E+03
1.34040E+01        5.82652647322E+03
1.34100E+01        5.82164105379E+03
1.34160E+01        5.81675621692E+03
1.34220E+01        5.81188280635E+03
1.34280E+01        5.80701575847E+03
1.34340E+01        5.80215481239E+03
1.34400E+01        5.79729442664E+03
1.34460E+01        5.79244540868E+03
1.34520E+01        5.78760271192E+03
1.34580E+01        5.78276055896E+03
1.34640E+01        5.77792973020E+03
1.34700E+01        5.77310519174E+03
1.34760E+01        5.76828118070E+03
1.34820E+01        5.76346845050E+03
1.34880E+01        5.75866197988E+03
1.34940E+01        5.75386151028E+03
1.35000E+01        5.74906129872E+03
1.35060E+01        5.74427280607E+03
1.35120E+01        5.73949028460E+03
1.35180E+01        5.73470825285E+03
1.35240E+01        5.72993740169E+03
1.35300E+01        5.72517273920E+03
1.35360E+01        5.72040855051E+03
1.35420E+01        5.71565549981E+03
1.35480E+01        5.71090860771E+03
1.35540E+01        5.70616761790E+03
1.35600E+01        5.70142683514E+03
1.35660E+01        5.69669762537E+03
1.35720E+01        5.69197428867E+03
1.35780E+01        5.68725114401E+03
1.35840E+01        5.68253952908E+03
1.35900E+01        5.67783375817E+03
1.35960E+01        5.67312816441E+03
1.36020E+01        5.66843405734E+03
1.36080E+01        5.66374576544E+03
1.36140E+01        5.65905763592E+03
1.36200E+01        5.65438095029E+03
1.36260E+01        5.64971005113E+03
1.36320E+01        5.64504468566E+03
1.36380E+01        5.64037994963E+03
1.36440E+01        5.63572635750E+03
1.36500E+01        5.63107827120E+03
1.36560E+01        5.62643079867E+03
1.36620E+01        5.62179442837E+03
1.36680E+01        5.61716353622E+03
1.36740E+01        5.61253324230E+03
1.36800E+01        5.60791400915E+03
1.36860E+01        5.60330022665E+03
1.36920E+01        5.59868702695E+03
1.36980E+01        5.59408484680E+03
1.37040E+01        5.58948808997E+03
1.37100E+01        5.58489190063E+03
1.37160E+01        5.58030668983E+03
1.37220E+01        5.57572687518E+03
1.37280E+01        5.57114761286E+03
1.37340E+01        5.56657928829E+03
1.37400E+01        5.56201633286E+03
1.37460E+01        5.55745391471E+03
1.37520E+01        5.55290239374E+03
1.37580E+01        5.54835621509E+03
1.37640E+01        5.54381055877E+03
1.37700E+01        5.53927575928E+03
1.37760E+01        5.53474627543E+03
1.37820E+01        5.53021729912E+03
1.37880E+01        5.52569913949E+03
1.37940E+01        5.52118626900E+03
1.38000E+01        5.51667915471E+03
1.38060E+01        5.51217229046E+03
1.38120E+01        5.50767595236E+03
1.38180E+01        5.50318009253E+03
1.38240E+01        5.49869496974E+03
1.38300E+01        5.49421508356E+03
1.38360E+01        5.48974089883E+03
1.38420E+01        5.48526669999E+03
1.38480E+01        5.48080342213E+03
1.38540E+01        5.47634035737E+03
1.38600E+01        5.47188771504E+03
1.38660E+01        5.46744072905E+03
1.38720E+01        5.46299915461E+03
1.38780E+01        5.45855753988E+03
1.38840E+01        5.45412676673E+03
1.38900E+01        5.44969617951E+03
1.38960E+01        5.44527593789E+03
1.39020E+01        5.44086129905E+03
1.39080E+01        5.43645201947E+03
1.39140E+01        5.43204267387E+03
1.39200E+01        5.42764409128E+03
1.39260E+01        5.42324566788E+03
1.39320E+01        5.41885751407E+03
1.39380E+01        5.41447491012E+03
1.39440E+01        5.41009221904E+03
1.39500E+01        5.40572022610E+03
1.39560E+01        5.40135352367E+03
1.39620E+01        5.39698672159E+03
1.39680E+01        5.39263057901E+03
1.39740E+01        5.38827970144E+03
1.39800E+01        5.38392871181E+03
1.39860E+01        5.37958834322E+03
1.39920E+01        5.37525321431E+03
1.39980E+01        5.37091796102E+03
1.40040E+01        5.36659329054E+03
