# %ECSV 0.9
# ---
# datatype:
# - {name: wavelength, unit: micron, datatype: float64}
# - {name: flux, unit: microJansky, datatype: float64}
# schema: astropy-2.0
#
#
#  - - File generated by ExoNoodle - -
#         V1.0.0 - MML (CEA-Saclay)
#       2021-03-25 15:37:33.308590
wavelength flux 
3.00000E+00        7.36996226087E+04
3.00600E+00        7.34975317316E+04
3.01200E+00        7.32962715246E+04
3.01800E+00        7.30956765018E+04
3.02400E+00        7.28957565434E+04
3.03000E+00        7.26966577634E+04
3.03600E+00        7.24982848647E+04
3.04200E+00        7.23005785370E+04
3.04800E+00        7.21036841152E+04
3.05400E+00        7.19075064774E+04
3.06000E+00        7.17119873521E+04
3.06600E+00        7.15172705480E+04
3.07200E+00        7.13231949680E+04
3.07800E+00        7.11299034821E+04
3.08400E+00        7.09372714286E+04
3.09000E+00        7.07453390524E+04
3.09600E+00        7.05541818200E+04
3.10200E+00        7.03636638444E+04
3.10800E+00        7.01738607171E+04
3.11400E+00        6.99847457983E+04
3.12000E+00        6.97963937321E+04
3.12600E+00        6.96086702336E+04
3.13200E+00        6.94216501435E+04
3.13800E+00        6.92353067741E+04
3.14400E+00        6.90496493263E+04
3.15000E+00        6.88646748307E+04
3.15600E+00        6.86803924291E+04
3.16200E+00        6.84967756156E+04
3.16800E+00        6.83138333334E+04
3.17400E+00        6.81315629364E+04
3.18000E+00        6.79499614999E+04
3.18600E+00        6.77690382041E+04
3.19200E+00        6.75887029646E+04
3.19800E+00        6.74090924055E+04
3.20400E+00        6.72301396986E+04
3.21000E+00        6.70518541926E+04
3.21600E+00        6.68742092702E+04
3.22200E+00        6.66971515770E+04
3.22800E+00        6.65208038010E+04
3.23400E+00        6.63451003538E+04
3.24000E+00        6.61699883881E+04
3.24600E+00        6.59955660438E+04
3.25200E+00        6.58217799804E+04
3.25800E+00        6.56485658669E+04
3.26400E+00        6.54760447540E+04
3.27000E+00        6.53041024589E+04
3.27600E+00        6.51328357100E+04
3.28200E+00        6.49621308533E+04
3.28800E+00        6.47921079617E+04
3.29400E+00        6.46227146659E+04
3.30000E+00        6.44538642819E+04
3.30600E+00        6.42856874537E+04
3.31200E+00        6.41180603863E+04
3.31800E+00        6.39510411950E+04
3.32400E+00        6.37846991875E+04
3.33000E+00        6.36188879098E+04
3.33600E+00        6.34536768520E+04
3.34200E+00        6.32890634811E+04
3.34800E+00        6.31251047101E+04
3.35400E+00        6.29616789976E+04
3.36000E+00        6.27988552134E+04
3.36600E+00        6.26366071592E+04
3.37200E+00        6.24749444029E+04
3.37800E+00        6.23139229467E+04
3.38400E+00        6.21534228234E+04
3.39000E+00        6.19935123572E+04
3.39600E+00        6.18341653198E+04
3.40200E+00        6.16753912334E+04
3.40800E+00        6.15171875409E+04
3.41400E+00        6.13595519543E+04
3.42000E+00        6.12024818719E+04
3.42600E+00        6.10459176708E+04
3.43200E+00        6.08899718812E+04
3.43800E+00        6.07345961974E+04
3.44400E+00        6.05797649013E+04
3.45000E+00        6.04254872791E+04
3.45600E+00        6.02717044156E+04
3.46200E+00        6.01185273722E+04
3.46800E+00        5.99658970441E+04
3.47400E+00        5.98138111097E+04
3.48000E+00        5.96622110767E+04
3.48600E+00        5.95112071461E+04
3.49200E+00        5.93606848056E+04
3.49800E+00        5.92107651461E+04
3.50400E+00        5.90613113507E+04
3.51000E+00        5.89124439153E+04
3.51600E+00        5.87640494904E+04
3.52200E+00        5.86162367059E+04
3.52800E+00        5.84688927910E+04
3.53400E+00        5.83221257127E+04
3.54000E+00        5.81758233981E+04
3.54600E+00        5.80300386348E+04
3.55200E+00        5.78848236084E+04
3.55800E+00        5.77400671004E+04
3.56400E+00        5.75958216950E+04
3.57000E+00        5.74520849780E+04
3.57600E+00        5.73089088123E+04
3.58200E+00        5.71661831032E+04
3.58800E+00        5.70239597457E+04
3.59400E+00        5.68822365454E+04
3.60000E+00        5.67410114372E+04
3.60600E+00        5.66002823053E+04
3.61200E+00        5.64600469835E+04
3.61800E+00        5.63203034930E+04
3.62400E+00        5.61811024675E+04
3.63000E+00        5.60423360749E+04
3.63600E+00        5.59040552168E+04
3.64200E+00        5.57662052652E+04
3.64800E+00        5.56288894315E+04
3.65400E+00        5.54920529172E+04
3.66000E+00        5.53556936887E+04
3.66600E+00        5.52198097794E+04
3.67200E+00        5.50843991730E+04
3.67800E+00        5.49494485296E+04
3.68400E+00        5.48149784691E+04
3.69000E+00        5.46809243507E+04
3.69600E+00        5.45473870518E+04
3.70200E+00        5.44143131082E+04
3.70800E+00        5.42817005571E+04
3.71400E+00        5.41494964642E+04
3.72000E+00        5.40178009680E+04
3.72600E+00        5.38865609706E+04
3.73200E+00        5.37557746573E+04
3.73800E+00        5.36253895098E+04
3.74400E+00        5.34955047676E+04
3.75000E+00        5.33660177351E+04
3.75600E+00        5.32370157707E+04
3.76200E+00        5.31084691709E+04
3.76800E+00        5.29803149360E+04
3.77400E+00        5.28526012568E+04
3.78000E+00        5.27253759615E+04
3.78600E+00        5.25985873251E+04
3.79200E+00        5.24721841651E+04
3.79800E+00        5.23462141687E+04
3.80400E+00        5.22207246664E+04
3.81000E+00        5.20956155707E+04
3.81600E+00        5.19709719317E+04
3.82200E+00        5.18467164530E+04
3.82800E+00        5.17229336609E+04
3.83400E+00        5.15995245556E+04
3.84000E+00        5.14765359973E+04
3.84600E+00        5.13540146075E+04
3.85200E+00        5.12318618353E+04
3.85800E+00        5.11101244330E+04
3.86400E+00        5.09888484327E+04
3.87000E+00        5.08679253146E+04
3.87600E+00        5.07474232107E+04
3.88200E+00        5.06273771901E+04
3.88800E+00        5.05076900223E+04
3.89400E+00        5.03884078163E+04
3.90000E+00        5.02695288738E+04
3.90600E+00        5.01510515045E+04
3.91200E+00        5.00329673417E+04
3.91800E+00        4.99153308360E+04
3.92400E+00        4.97980479710E+04
3.93000E+00        4.96811600474E+04
3.93600E+00        4.95646653090E+04
3.94200E+00        4.94485622158E+04
3.94800E+00        4.93328489752E+04
3.95400E+00        4.92175241140E+04
3.96000E+00        4.91025752000E+04
3.96600E+00        4.89880220978E+04
3.97200E+00        4.88738524809E+04
3.97800E+00        4.87600648016E+04
3.98400E+00        4.86466573655E+04
3.99000E+00        4.85336286394E+04
3.99600E+00        4.84209663663E+04
4.00200E+00        4.83086902984E+04
4.00800E+00        4.81967882822E+04
4.01400E+00        4.80852586611E+04
4.02000E+00        4.79740999379E+04
4.02600E+00        4.78633106221E+04
4.03200E+00        4.77528784766E+04
4.03800E+00        4.76428231930E+04
4.04400E+00        4.75331327868E+04
4.05000E+00        4.74237609788E+04
4.05600E+00        4.73147956500E+04
4.06200E+00        4.72061905326E+04
4.06800E+00        4.70979337115E+04
4.07400E+00        4.69900446614E+04
4.08000E+00        4.68824673646E+04
4.08600E+00        4.67752885603E+04
4.09200E+00        4.66684626292E+04
4.09800E+00        4.65619881140E+04
4.10400E+00        4.64558094214E+04
4.11000E+00        4.63500335061E+04
4.11600E+00        4.62446045790E+04
4.12200E+00        4.61394780521E+04
4.12800E+00        4.60347391596E+04
4.13400E+00        4.59303327546E+04
4.14000E+00        4.58262350391E+04
4.14600E+00        4.57225204291E+04
4.15200E+00        4.56191016114E+04
4.15800E+00        4.55160630118E+04
4.16400E+00        4.54133599071E+04
4.17000E+00        4.53109388678E+04
4.17600E+00        4.52089038790E+04
4.18200E+00        4.51071577556E+04
4.18800E+00        4.50057849337E+04
4.19400E+00        4.49046984590E+04
4.20000E+00        4.48039721680E+04
4.20600E+00        4.47035399709E+04
4.21200E+00        4.46034753161E+04
4.21800E+00        4.45036920468E+04
4.22400E+00        4.44042734808E+04
4.23000E+00        4.43051236960E+04
4.23600E+00        4.42063455064E+04
4.24200E+00        4.41078447629E+04
4.24800E+00        4.40097021933E+04
4.25400E+00        4.39118346652E+04
4.26000E+00        4.38142713106E+04
4.26600E+00        4.37170730232E+04
4.27200E+00        4.36201452977E+04
4.27800E+00        4.35235284776E+04
4.28400E+00        4.34272217573E+04
4.29000E+00        4.33311315622E+04
4.29600E+00        4.32313368192E+04
4.30200E+00        4.31282094827E+04
4.30800E+00        4.30403359410E+04
4.31400E+00        4.29412737063E+04
4.32000E+00        4.28470752601E+04
4.32600E+00        4.27255061992E+04
4.33200E+00        4.26583542098E+04
4.33800E+00        4.25607418712E+04
4.34400E+00        4.24579925952E+04
4.35000E+00        4.23566638246E+04
4.35600E+00        4.22719057531E+04
4.36200E+00        4.21764337006E+04
4.36800E+00        4.20831029782E+04
4.37400E+00        4.19510853760E+04
4.38000E+00        4.19076072583E+04
4.38600E+00        4.17869513878E+04
4.39200E+00        4.17237678262E+04
4.39800E+00        4.16025554946E+04
4.40400E+00        4.15379768091E+04
4.41000E+00        4.14470430337E+04
4.41600E+00        4.13436808084E+04
4.42200E+00        4.12660453644E+04
4.42800E+00        4.11794314617E+04
4.43400E+00        4.10792422774E+04
4.44000E+00        4.09776681742E+04
4.44600E+00        4.09073652917E+04
4.45200E+00        4.08200746146E+04
4.45800E+00        4.07327000285E+04
4.46400E+00        4.06463096072E+04
4.47000E+00        4.05555330925E+04
4.47600E+00        4.04660301381E+04
4.48200E+00        4.03745587668E+04
4.48800E+00        4.02855570092E+04
4.49400E+00        4.02012891209E+04
4.50000E+00        4.01090036847E+04
4.50600E+00        4.00241525782E+04
4.51200E+00        3.99436932288E+04
4.51800E+00        3.98631392768E+04
4.52400E+00        3.97391456232E+04
4.53000E+00        3.96997774335E+04
4.53600E+00        3.96139685949E+04
4.54200E+00        3.95297826438E+04
4.54800E+00        3.94472301676E+04
4.55400E+00        3.93557274862E+04
4.56000E+00        3.92757989372E+04
4.56600E+00        3.91756192851E+04
4.57200E+00        3.91090279830E+04
4.57800E+00        3.90302091533E+04
4.58400E+00        3.89352650815E+04
4.59000E+00        3.88579057919E+04
4.59600E+00        3.87786506135E+04
4.60200E+00        3.86515293765E+04
4.60800E+00        3.86120854401E+04
4.61400E+00        3.85340346078E+04
4.62000E+00        3.84368054115E+04
4.62600E+00        3.83717680971E+04
4.63200E+00        3.82985597775E+04
4.63800E+00        3.82206512794E+04
4.64400E+00        3.81334634852E+04
4.65000E+00        3.80553660809E+04
4.65600E+00        3.79906129661E+04
4.66200E+00        3.79149391956E+04
4.66800E+00        3.78263191983E+04
4.67400E+00        3.77243037014E+04
4.68000E+00        3.76656878320E+04
4.68600E+00        3.75985939558E+04
4.69200E+00        3.75089739546E+04
4.69800E+00        3.74348743850E+04
4.70400E+00        3.73649373840E+04
4.71000E+00        3.72811799602E+04
4.71600E+00        3.72035528022E+04
4.72200E+00        3.71316444469E+04
4.72800E+00        3.70532593099E+04
4.73400E+00        3.69675869114E+04
4.74000E+00        3.68976382516E+04
4.74600E+00        3.68199227946E+04
4.75200E+00        3.67476246029E+04
4.75800E+00        3.66693890096E+04
4.76400E+00        3.65753154081E+04
4.77000E+00        3.65265141767E+04
4.77600E+00        3.64447155852E+04
4.78200E+00        3.63664571753E+04
4.78800E+00        3.63039108452E+04
4.79400E+00        3.61779562369E+04
4.80000E+00        3.61446262695E+04
4.80600E+00        3.60806940750E+04
4.81200E+00        3.59790570072E+04
4.81800E+00        3.59348550659E+04
4.82400E+00        3.58364135198E+04
4.83000E+00        3.57903722868E+04
4.83600E+00        3.56769071227E+04
4.84200E+00        3.56386356219E+04
4.84800E+00        3.55748402963E+04
4.85400E+00        3.54767974491E+04
4.86000E+00        3.54302304096E+04
4.86600E+00        3.53448639089E+04
4.87200E+00        3.52824245734E+04
4.87800E+00        3.52057855077E+04
4.88400E+00        3.51200656189E+04
4.89000E+00        3.50719690216E+04
4.89600E+00        3.49986307792E+04
4.90200E+00        3.49360185504E+04
4.90800E+00        3.48492620982E+04
4.91400E+00        3.47904648280E+04
4.92000E+00        3.46664242187E+04
4.92600E+00        3.46431970320E+04
4.93200E+00        3.45695240171E+04
4.93800E+00        3.44590777707E+04
4.94400E+00        3.44412188444E+04
4.95000E+00        3.43799349638E+04
4.95600E+00        3.43065619507E+04
4.96200E+00        3.42415573230E+04
4.96800E+00        3.41585760564E+04
4.97400E+00        3.41108194888E+04
4.98000E+00        3.40133698947E+04
4.98600E+00        3.39744176395E+04
4.99200E+00        3.39031583655E+04
4.99800E+00        3.38432008954E+04
5.00400E+00        3.37693269944E+04
5.01000E+00        3.36561333970E+04
5.01600E+00        3.36315583397E+04
5.02200E+00        3.35605859308E+04
5.02800E+00        3.34896193818E+04
5.03400E+00        3.34437605837E+04
5.04000E+00        3.33551022992E+04
5.04600E+00        3.33115298993E+04
5.05200E+00        3.32398556842E+04
5.05800E+00        3.31795496736E+04
5.06400E+00        3.31121406094E+04
5.07000E+00        3.30504638456E+04
5.07600E+00        3.29911599764E+04
5.08200E+00        3.28976353392E+04
5.08800E+00        3.28635062506E+04
5.09400E+00        3.27557726441E+04
5.10000E+00        3.27332282902E+04
5.10600E+00        3.26580918269E+04
5.11200E+00        3.26067722129E+04
5.11800E+00        3.25262232314E+04
5.12400E+00        3.24776659228E+04
5.13000E+00        3.24149941279E+04
5.13600E+00        3.23566904666E+04
5.14200E+00        3.22958500276E+04
5.14800E+00        3.22317537382E+04
5.15400E+00        3.21747167772E+04
5.16000E+00        3.20846468447E+04
5.16600E+00        3.20520278906E+04
5.17200E+00        3.19742392857E+04
5.17800E+00        3.19287564578E+04
5.18400E+00        3.18562067204E+04
5.19000E+00        3.18019762997E+04
5.19600E+00        3.17444022439E+04
5.20200E+00        3.16733190368E+04
5.20800E+00        3.16124338749E+04
5.21400E+00        3.15566224453E+04
5.22000E+00        3.15035525987E+04
5.22600E+00        3.13931984728E+04
5.23200E+00        3.13210608577E+04
5.23800E+00        3.13229616980E+04
5.24400E+00        3.12603232986E+04
5.25000E+00        3.12013871708E+04
5.25600E+00        3.10857543909E+04
5.26200E+00        3.10645673107E+04
5.26800E+00        3.10226839271E+04
5.27400E+00        3.09290241414E+04
5.28000E+00        3.09056955926E+04
5.28600E+00        3.08403905580E+04
5.29200E+00        3.07782294736E+04
5.29800E+00        3.07376982418E+04
5.30400E+00        3.06725738557E+04
5.31000E+00        3.06170507945E+04
5.31600E+00        3.05408950779E+04
5.32200E+00        3.05021201204E+04
5.32800E+00        3.04496602248E+04
5.33400E+00        3.03937452053E+04
5.34000E+00        3.03241105225E+04
5.34600E+00        3.02733937676E+04
5.35200E+00        3.02159527960E+04
5.35800E+00        3.01599607709E+04
5.36400E+00        3.01100163298E+04
5.37000E+00        3.00520203376E+04
5.37600E+00        2.99986816968E+04
5.38200E+00        2.99403303572E+04
5.38800E+00        2.98684805415E+04
5.39400E+00        2.97954297228E+04
5.40000E+00        2.97767703595E+04
5.40600E+00        2.97200376153E+04
5.41200E+00        2.96569948802E+04
5.41800E+00        2.96014933049E+04
5.42400E+00        2.95520993814E+04
5.43000E+00        2.95024135248E+04
5.43600E+00        2.94469851788E+04
5.44200E+00        2.93905691589E+04
5.44800E+00        2.93390756577E+04
5.45400E+00        2.92772690641E+04
5.46000E+00        2.92218540500E+04
5.46600E+00        2.91649354843E+04
5.47200E+00        2.91144285719E+04
5.47800E+00        2.90668723869E+04
5.48400E+00        2.90161968606E+04
5.49000E+00        2.89449992370E+04
5.49600E+00        2.89103832843E+04
5.50200E+00        2.88574210210E+04
5.50800E+00        2.87977904781E+04
5.51400E+00        2.87519532483E+04
5.52000E+00        2.86995157472E+04
5.52600E+00        2.86434961449E+04
5.53200E+00        2.85923529522E+04
5.53800E+00        2.85431553782E+04
5.54400E+00        2.84876531630E+04
5.55000E+00        2.84357547494E+04
5.55600E+00        2.83873084100E+04
5.56200E+00        2.83268212438E+04
5.56800E+00        2.82446106416E+04
5.57400E+00        2.82300476312E+04
5.58000E+00        2.81377071613E+04
5.58600E+00        2.81301707394E+04
5.59200E+00        2.80789553177E+04
5.59800E+00        2.80277589024E+04
5.60400E+00        2.79648816088E+04
5.61000E+00        2.79285999459E+04
5.61600E+00        2.78769305695E+04
5.62200E+00        2.78168450215E+04
5.62800E+00        2.77780768432E+04
5.63400E+00        2.77272950697E+04
5.64000E+00        2.76565233520E+04
5.64600E+00        2.76285460827E+04
5.65200E+00        2.75791473075E+04
5.65800E+00        2.75254655845E+04
5.66400E+00        2.74803205249E+04
5.67000E+00        2.74312698133E+04
5.67600E+00        2.73788232188E+04
5.68200E+00        2.73306285990E+04
5.68800E+00        2.72847126417E+04
5.69400E+00        2.72287809138E+04
5.70000E+00        2.71864521201E+04
5.70600E+00        2.71392007462E+04
5.71200E+00        2.70908157299E+04
5.71800E+00        2.70426737059E+04
5.72400E+00        2.69948441005E+04
5.73000E+00        2.69468067322E+04
5.73600E+00        2.68970176738E+04
5.74200E+00        2.68516049895E+04
5.74800E+00        2.68040056618E+04
5.75400E+00        2.67562264613E+04
5.76000E+00        2.67094672932E+04
5.76600E+00        2.66623175992E+04
5.77200E+00        2.66136494159E+04
5.77800E+00        2.65683330614E+04
5.78400E+00        2.65216644124E+04
5.79000E+00        2.64749377972E+04
5.79600E+00        2.64282090760E+04
5.80200E+00        2.63820955394E+04
5.80800E+00        2.63357011579E+04
5.81400E+00        2.62730396724E+04
5.82000E+00        2.62435594646E+04
5.82600E+00        2.61977015324E+04
5.83200E+00        2.61518321569E+04
5.83800E+00        2.61060639050E+04
5.84400E+00        2.60606577785E+04
5.85000E+00        2.60151827095E+04
5.85600E+00        2.59693366770E+04
5.86200E+00        2.59246295396E+04
5.86800E+00        2.58794470923E+04
5.87400E+00        2.58214829360E+04
5.88000E+00        2.57896717064E+04
5.88600E+00        2.57448843094E+04
5.89200E+00        2.57002841825E+04
5.89800E+00        2.56556298118E+04
5.90400E+00        2.55982101902E+04
5.91000E+00        2.55670360367E+04
5.91600E+00        2.55224470209E+04
5.92200E+00        2.54787727936E+04
5.92800E+00        2.54348283115E+04
5.93400E+00        2.53909720447E+04
5.94000E+00        2.53472442312E+04
5.94600E+00        2.53035988113E+04
5.95200E+00        2.52601122841E+04
5.95800E+00        2.52166771649E+04
5.96400E+00        2.51731871075E+04
5.97000E+00        2.51302075144E+04
5.97600E+00        2.50871487873E+04
5.98200E+00        2.50441522122E+04
5.98800E+00        2.50013112948E+04
5.99400E+00        2.49582284673E+04
6.00000E+00        2.49099972448E+04
6.00600E+00        2.48733907433E+04
6.01200E+00        2.48309578111E+04
6.01800E+00        2.47886318577E+04
6.02400E+00        2.47464356980E+04
6.03000E+00        2.47043228644E+04
6.03600E+00        2.46623156966E+04
6.04200E+00        2.46204072719E+04
6.04800E+00        2.45786109177E+04
6.05400E+00        2.45369424164E+04
6.06000E+00        2.44953554451E+04
6.06600E+00        2.44538726697E+04
6.07200E+00        2.44124711509E+04
6.07800E+00        2.43712414103E+04
6.08400E+00        2.43300463631E+04
6.09000E+00        2.42889542302E+04
6.09600E+00        2.42480554707E+04
6.10200E+00        2.42071906659E+04
6.10800E+00        2.41650234146E+04
6.11400E+00        2.41257664752E+04
6.12000E+00        2.40852061733E+04
6.12600E+00        2.40447467116E+04
6.13200E+00        2.40044102323E+04
6.13800E+00        2.39641514297E+04
6.14400E+00        2.39239924865E+04
6.15000E+00        2.38836650372E+04
6.15600E+00        2.38439887720E+04
6.16200E+00        2.38018714592E+04
6.16800E+00        2.37643646705E+04
6.17400E+00        2.37247001549E+04
6.18000E+00        2.36851335719E+04
6.18600E+00        2.36456646045E+04
6.19200E+00        2.36063150332E+04
6.19800E+00        2.35670405619E+04
6.20400E+00        2.35278625166E+04
6.21000E+00        2.34887808326E+04
6.21600E+00        2.34497951993E+04
6.22200E+00        2.34109053076E+04
6.22800E+00        2.33721327257E+04
6.23400E+00        2.33334333576E+04
6.24000E+00        2.32948019344E+04
6.24600E+00        2.32563190229E+04
6.25200E+00        2.32179032049E+04
6.25800E+00        2.31795812980E+04
6.26400E+00        2.31413530013E+04
6.27000E+00        2.31032180150E+04
6.27600E+00        2.30651976294E+04
6.28200E+00        2.30272418201E+04
6.28800E+00        2.29893851914E+04
6.29400E+00        2.29516204452E+04
6.30000E+00        2.29139475283E+04
6.30600E+00        2.28763661482E+04
6.31200E+00        2.28388760130E+04
6.31800E+00        2.28014981727E+04
6.32400E+00        2.27641896224E+04
6.33000E+00        2.27269714491E+04
6.33600E+00        2.26898436032E+04
6.34200E+00        2.26525509121E+04
6.34800E+00        2.26158565629E+04
6.35400E+00        2.25789970377E+04
6.36000E+00        2.25422264652E+04
6.36600E+00        2.25055445638E+04
6.37200E+00        2.24689510530E+04
6.37800E+00        2.24324668826E+04
6.38400E+00        2.23960073608E+04
6.39000E+00        2.23596773836E+04
6.39600E+00        2.23234764706E+04
6.40200E+00        2.22873207094E+04
6.40800E+00        2.22512516788E+04
6.41400E+00        2.22152691057E+04
6.42000E+00        2.21793663794E+04
6.42600E+00        2.21435561457E+04
6.43200E+00        2.21078313249E+04
6.43800E+00        2.20721918801E+04
6.44400E+00        2.20366375437E+04
6.45000E+00        2.20011680489E+04
6.45600E+00        2.19657831300E+04
6.46200E+00        2.19304825222E+04
6.46800E+00        2.18952864518E+04
6.47400E+00        2.18601538722E+04
6.48000E+00        2.18251045869E+04
6.48600E+00        2.17901385642E+04
6.49200E+00        2.17552555444E+04
6.49800E+00        2.17204552690E+04
6.50400E+00        2.16857374803E+04
6.51000E+00        2.16511019214E+04
6.51600E+00        2.16165485630E+04
6.52200E+00        2.15820565012E+04
6.52800E+00        2.15476862978E+04
6.53400E+00        2.15133771111E+04
6.54000E+00        2.14791488854E+04
6.54600E+00        2.14450013699E+04
6.55200E+00        2.14109343147E+04
6.55800E+00        2.13769476945E+04
6.56400E+00        2.13430408135E+04
6.57000E+00        2.13092136487E+04
6.57600E+00        2.12754659540E+04
6.58200E+00        2.12417974840E+04
6.58800E+00        2.12082018597E+04
6.59400E+00        2.11746913359E+04
6.60000E+00        2.11412590850E+04
6.60600E+00        2.11079050872E+04
6.61200E+00        2.10746291020E+04
6.61800E+00        2.10414308896E+04
6.62400E+00        2.10083102111E+04
6.63000E+00        2.09752670482E+04
6.63600E+00        2.09423007245E+04
6.64200E+00        2.09094112238E+04
6.64800E+00        2.08766178450E+04
6.65400E+00        2.08438812547E+04
6.66000E+00        2.08112210021E+04
6.66600E+00        2.07786364188E+04
6.67200E+00        2.07461274912E+04
6.67800E+00        2.07136939884E+04
6.68400E+00        2.06813356804E+04
6.69000E+00        2.06490523381E+04
6.69600E+00        2.06168246582E+04
6.70200E+00        2.05847098537E+04
6.70800E+00        2.05526500419E+04
6.71400E+00        2.05206642879E+04
6.72000E+00        2.04887525810E+04
6.72600E+00        2.04569142682E+04
6.73200E+00        2.04251493411E+04
6.73800E+00        2.03934575772E+04
6.74400E+00        2.03618387550E+04
6.75000E+00        2.03302928664E+04
6.75600E+00        2.02988192658E+04
6.76200E+00        2.02674179473E+04
6.76800E+00        2.02360886925E+04
6.77400E+00        2.02048314952E+04
6.78000E+00        2.01736268404E+04
6.78600E+00        2.01425313504E+04
6.79200E+00        2.01114881835E+04
6.79800E+00        2.00804974228E+04
6.80400E+00        2.00495960400E+04
6.81000E+00        2.00187839459E+04
6.81600E+00        1.99880234388E+04
6.82200E+00        1.99573146030E+04
6.82800E+00        1.99266941846E+04
6.83400E+00        1.98961434815E+04
6.84000E+00        1.98656624929E+04
6.84600E+00        1.98352505947E+04
6.85200E+00        1.98049077878E+04
6.85800E+00        1.97746338658E+04
6.86400E+00        1.97444288294E+04
6.87000E+00        1.97142920603E+04
6.87600E+00        1.96842235611E+04
6.88200E+00        1.96542231284E+04
6.88800E+00        1.96242907647E+04
6.89400E+00        1.95944258571E+04
6.90000E+00        1.95646284101E+04
6.90600E+00        1.95348984274E+04
6.91200E+00        1.95052353003E+04
6.91800E+00        1.94756390343E+04
6.92400E+00        1.94461094312E+04
6.93000E+00        1.94166464965E+04
6.93600E+00        1.93872496268E+04
6.94200E+00        1.93579188294E+04
6.94800E+00        1.93286541109E+04
6.95400E+00        1.92994548720E+04
6.96000E+00        1.92703211212E+04
6.96600E+00        1.92412346630E+04
6.97200E+00        1.92122258287E+04
6.97800E+00        1.91832874180E+04
6.98400E+00        1.91544137261E+04
6.99000E+00        1.91256047627E+04
6.99600E+00        1.90968599375E+04
7.00200E+00        1.90681792617E+04
7.00800E+00        1.90395627460E+04
7.01400E+00        1.90110098040E+04
7.02000E+00        1.89825204480E+04
7.02600E+00        1.89540944917E+04
7.03200E+00        1.89257319472E+04
7.03800E+00        1.88974322332E+04
7.04400E+00        1.88691953636E+04
7.05000E+00        1.88410213516E+04
7.05600E+00        1.88129096199E+04
7.06200E+00        1.87848426097E+04
7.06800E+00        1.87568555087E+04
7.07400E+00        1.87289301434E+04
7.08000E+00        1.87010665296E+04
7.08600E+00        1.86732646830E+04
7.09200E+00        1.86455240334E+04
7.09800E+00        1.86178445980E+04
7.10400E+00        1.85902263931E+04
7.11000E+00        1.85626688524E+04
7.11600E+00        1.85351719941E+04
7.12200E+00        1.85077358355E+04
7.12800E+00        1.84803425259E+04
7.13400E+00        1.84530266862E+04
7.14000E+00        1.84257708285E+04
7.14600E+00        1.83985749717E+04
7.15200E+00        1.83714385579E+04
7.15800E+00        1.83443616073E+04
7.16400E+00        1.83173496536E+04
7.17000E+00        1.82903911093E+04
7.17600E+00        1.82634915152E+04
7.18200E+00        1.82366338312E+04
7.18800E+00        1.82098516535E+04
7.19400E+00        1.81831279182E+04
7.20000E+00        1.81564626473E+04
7.20600E+00        1.81298552933E+04
7.21200E+00        1.81033058794E+04
7.21800E+00        1.80768144285E+04
7.22400E+00        1.80503803965E+04
7.23000E+00        1.80239869459E+04
7.23600E+00        1.79976676604E+04
7.24200E+00        1.79714056776E+04
7.24800E+00        1.79452004580E+04
7.25400E+00        1.79190520270E+04
7.26000E+00        1.78929604095E+04
7.26600E+00        1.78669250695E+04
7.27200E+00        1.78409460332E+04
7.27800E+00        1.78150233266E+04
7.28400E+00        1.77891397747E+04
7.29000E+00        1.77633287130E+04
7.29600E+00        1.77375733165E+04
7.30200E+00        1.77118736121E+04
7.30800E+00        1.76862290714E+04
7.31400E+00        1.76606397228E+04
7.32000E+00        1.76350890965E+04
7.32600E+00        1.76096096865E+04
7.33200E+00        1.75841850005E+04
7.33800E+00        1.75588148834E+04
7.34400E+00        1.75334993643E+04
7.35000E+00        1.75082379222E+04
7.35600E+00        1.74830142324E+04
7.36200E+00        1.74578610584E+04
7.36800E+00        1.74327615039E+04
7.37400E+00        1.74077155999E+04
7.38000E+00        1.73827231952E+04
7.38600E+00        1.73577843208E+04
7.39200E+00        1.73328822484E+04
7.39800E+00        1.73080494627E+04
7.40400E+00        1.72832695767E+04
7.41000E+00        1.72585426222E+04
7.41600E+00        1.72338680901E+04
7.42200E+00        1.72092299145E+04
7.42800E+00        1.71846601691E+04
7.43400E+00        1.71601427649E+04
7.44000E+00        1.71356771968E+04
7.44600E+00        1.71112634987E+04
7.45200E+00        1.70868855417E+04
7.45800E+00        1.70625753505E+04
7.46400E+00        1.70383164173E+04
7.47000E+00        1.70141087769E+04
7.47600E+00        1.69899363931E+04
7.48200E+00        1.69658309326E+04
7.48800E+00        1.69417765144E+04
7.49400E+00        1.69177726425E+04
7.50000E+00        1.68938193532E+04
7.50600E+00        1.68699007248E+04
7.51200E+00        1.68460483777E+04
7.51800E+00        1.68222460163E+04
7.52400E+00        1.67984936779E+04
7.53000E+00        1.67747755319E+04
7.53600E+00        1.67511228459E+04
7.54200E+00        1.67275199431E+04
7.54800E+00        1.67039663361E+04
7.55400E+00        1.66804464598E+04
7.56000E+00        1.66569914068E+04
7.56600E+00        1.66335855897E+04
7.57200E+00        1.66102285249E+04
7.57800E+00        1.65869047357E+04
7.58400E+00        1.65636451413E+04
7.59000E+00        1.65404340699E+04
7.59600E+00        1.65172713879E+04
7.60200E+00        1.64941417056E+04
7.60800E+00        1.64710754250E+04
7.61400E+00        1.64480571357E+04
7.62000E+00        1.64250867059E+04
7.62600E+00        1.64021486616E+04
7.63200E+00        1.63792737502E+04
7.63800E+00        1.63564461343E+04
7.64400E+00        1.63336658553E+04
7.65000E+00        1.63109175262E+04
7.65600E+00        1.62882315540E+04
7.66200E+00        1.62655925314E+04
7.66800E+00        1.62429853060E+04
7.67400E+00        1.62204398190E+04
7.68000E+00        1.61979408981E+04
7.68600E+00        1.61754884162E+04
7.69200E+00        1.61530671373E+04
7.69800E+00        1.61307071754E+04
7.70400E+00        1.61083934427E+04
7.71000E+00        1.60861104299E+04
7.71600E+00        1.60638882954E+04
7.72200E+00        1.60417118472E+04
7.72800E+00        1.60195659766E+04
7.73400E+00        1.59974805499E+04
7.74000E+00        1.59754406057E+04
7.74600E+00        1.59534307641E+04
7.75200E+00        1.59314809362E+04
7.75800E+00        1.59095760566E+04
7.76400E+00        1.58877011426E+04
7.77000E+00        1.58658858159E+04
7.77600E+00        1.58441150742E+04
7.78200E+00        1.58223741626E+04
7.78800E+00        1.58006922503E+04
7.79400E+00        1.57790545631E+04
7.80000E+00        1.57574462429E+04
7.80600E+00        1.57358966693E+04
7.81200E+00        1.57143909647E+04
7.81800E+00        1.56929143324E+04
7.82400E+00        1.56714961962E+04
7.83000E+00        1.56501214123E+04
7.83600E+00        1.56287754092E+04
7.84200E+00        1.56074873279E+04
7.84800E+00        1.55862424138E+04
7.85400E+00        1.55650259923E+04
7.86000E+00        1.55438670858E+04
7.86600E+00        1.55227511632E+04
7.87200E+00        1.55016632853E+04
7.87800E+00        1.54806325197E+04
7.88400E+00        1.54596297730E+04
7.89000E+00        1.54386838720E+04
7.89600E+00        1.54177802239E+04
7.90200E+00        1.53969043145E+04
7.90800E+00        1.53760850150E+04
7.91400E+00        1.53553074706E+04
7.92000E+00        1.53345573878E+04
7.92600E+00        1.53138633611E+04
7.93200E+00        1.52931966128E+04
7.93800E+00        1.52725856607E+04
7.94400E+00        1.52520160709E+04
7.95000E+00        1.52314734872E+04
7.95600E+00        1.52109863127E+04
7.96200E+00        1.51905403315E+04
7.96800E+00        1.51701209280E+04
7.97400E+00        1.51497565503E+04
7.98000E+00        1.51294187313E+04
7.98600E+00        1.51091356846E+04
7.99200E+00        1.50888790198E+04
7.99800E+00        1.50686768751E+04
8.00400E+00        1.50485150121E+04
8.01000E+00        1.50283792683E+04
8.01600E+00        1.50082976694E+04
8.02200E+00        1.49882421727E+04
8.02800E+00        1.49682404159E+04
8.03400E+00        1.49482784135E+04
8.04000E+00        1.49283420983E+04
8.04600E+00        1.49084593105E+04
8.05200E+00        1.48886020393E+04
8.05800E+00        1.48687980510E+04
8.06400E+00        1.48490194099E+04
8.07000E+00        1.48292938087E+04
8.07600E+00        1.48096072380E+04
8.08200E+00        1.47899457627E+04
8.08800E+00        1.47703369656E+04
8.09400E+00        1.47507532516E+04
8.10000E+00        1.47312218221E+04
8.10600E+00        1.47117166287E+04
8.11200E+00        1.46922653649E+04
8.11800E+00        1.46728354942E+04
8.12400E+00        1.46534575893E+04
8.13000E+00        1.46341178080E+04
8.13600E+00        1.46148023810E+04
8.14200E+00        1.45955385679E+04
8.14800E+00        1.45762989479E+04
8.15400E+00        1.45571107089E+04
8.16000E+00        1.45379465028E+04
8.16600E+00        1.45188335980E+04
8.17200E+00        1.44997444151E+04
8.17800E+00        1.44807061517E+04
8.18400E+00        1.44616916043E+04
8.19000E+00        1.44427277477E+04
8.19600E+00        1.44237874501E+04
8.20200E+00        1.44048976161E+04
8.20800E+00        1.43860446413E+04
8.21400E+00        1.43672149924E+04
8.22000E+00        1.43484354687E+04
8.22600E+00        1.43296791166E+04
8.23200E+00        1.43109726659E+04
8.23800E+00        1.42922892338E+04
8.24400E+00        1.42736554805E+04
8.25000E+00        1.42550447428E+04
8.25600E+00        1.42364833134E+04
8.26200E+00        1.42179445996E+04
8.26800E+00        1.41994551235E+04
8.27400E+00        1.41809882130E+04
8.28000E+00        1.41625703216E+04
8.28600E+00        1.41441748470E+04
8.29200E+00        1.41258281741E+04
8.29800E+00        1.41075037703E+04
8.30400E+00        1.40892279520E+04
8.31000E+00        1.40709742560E+04
8.31600E+00        1.40527689308E+04
8.32200E+00        1.40345855820E+04
8.32800E+00        1.40164503907E+04
8.33400E+00        1.39983370309E+04
8.34000E+00        1.39802716163E+04
8.34600E+00        1.39622278895E+04
8.35200E+00        1.39442318969E+04
8.35800E+00        1.39262575948E+04
8.36400E+00        1.39083306716E+04
8.37000E+00        1.38904251513E+04
8.37600E+00        1.38725539720E+04
8.38200E+00        1.38547300051E+04
8.38800E+00        1.38369272302E+04
8.39400E+00        1.38191714610E+04
8.40000E+00        1.38014367443E+04
8.40600E+00        1.37837488280E+04
8.41200E+00        1.37660818257E+04
8.41800E+00        1.37484614195E+04
8.42400E+00        1.37308617899E+04
8.43000E+00        1.37133085532E+04
8.43600E+00        1.36957759566E+04
8.44200E+00        1.36782895511E+04
8.44800E+00        1.36608236499E+04
8.45400E+00        1.36433909787E+04
8.46000E+00        1.36260041981E+04
8.46600E+00        1.36086377200E+04
8.47200E+00        1.35913169337E+04
8.47800E+00        1.35740163164E+04
8.48400E+00        1.35567611932E+04
8.49000E+00        1.35395261066E+04
8.49600E+00        1.35223363173E+04
8.50200E+00        1.35051664332E+04
8.50800E+00        1.34880416510E+04
8.51400E+00        1.34709366432E+04
8.52000E+00        1.34538639599E+04
8.52600E+00        1.34368360874E+04
8.53200E+00        1.34198277951E+04
8.53800E+00        1.34028641208E+04
8.54400E+00        1.33859198982E+04
8.55000E+00        1.33690202420E+04
8.55600E+00        1.33521396303E+04
8.56200E+00        1.33352910620E+04
8.56800E+00        1.33184864954E+04
8.57400E+00        1.33017010631E+04
8.58000E+00        1.32849595834E+04
8.58600E+00        1.32682371124E+04
8.59200E+00        1.32515460127E+04
8.59800E+00        1.32348985845E+04
8.60400E+00        1.32182699785E+04
8.61000E+00        1.32016848579E+04
8.61600E+00        1.31851184360E+04
8.62200E+00        1.31685829986E+04
8.62800E+00        1.31520907694E+04
8.63400E+00        1.31356170555E+04
8.64000E+00        1.31191863665E+04
8.64600E+00        1.31027740715E+04
8.65200E+00        1.30864046189E+04
8.65800E+00        1.30700534399E+04
8.66400E+00        1.30537327136E+04
8.67000E+00        1.30374545580E+04
8.67600E+00        1.30211944969E+04
8.68200E+00        1.30049768267E+04
8.68800E+00        1.29887771325E+04
8.69400E+00        1.29726075180E+04
8.70000E+00        1.29564800267E+04
8.70600E+00        1.29403703351E+04
8.71200E+00        1.29243025895E+04
8.71800E+00        1.29082525271E+04
8.72400E+00        1.28922321772E+04
8.73000E+00        1.28762535093E+04
8.73600E+00        1.28602923512E+04
8.74200E+00        1.28443606880E+04
8.74800E+00        1.28284704449E+04
8.75400E+00        1.28125975403E+04
8.76000E+00        1.27967658825E+04
8.76600E+00        1.27809514497E+04
8.77200E+00        1.27651661533E+04
8.77800E+00        1.27494218457E+04
8.78400E+00        1.27336945943E+04
8.79000E+00        1.27179962668E+04
8.79600E+00        1.27023386723E+04
8.80200E+00        1.26866979669E+04
8.80800E+00        1.26710978251E+04
8.81400E+00        1.26555144621E+04
8.82000E+00        1.26399596731E+04
8.82600E+00        1.26244451952E+04
8.83200E+00        1.26089473319E+04
8.83800E+00        1.25934778352E+04
8.84400E+00        1.25780483995E+04
8.85000E+00        1.25626354156E+04
8.85600E+00        1.25472505928E+04
8.86200E+00        1.25319055828E+04
8.86800E+00        1.25165768637E+04
8.87400E+00        1.25012877932E+04
8.88000E+00        1.24860190243E+04
8.88600E+00        1.24707739565E+04
8.89200E+00        1.24555682934E+04
8.89800E+00        1.24403786555E+04
8.90400E+00        1.24252166395E+04
8.91000E+00        1.24100937857E+04
8.91600E+00        1.23949868002E+04
8.92200E+00        1.23799071083E+04
8.92800E+00        1.23648665967E+04
8.93400E+00        1.23498416689E+04
8.94000E+00        1.23348439670E+04
8.94600E+00        1.23198849479E+04
8.95200E+00        1.23049414882E+04
8.95800E+00        1.22900250591E+04
8.96400E+00        1.22751470761E+04
8.97000E+00        1.22602843722E+04
8.97600E+00        1.22454487616E+04
8.98200E+00        1.22306511064E+04
8.98800E+00        1.22158688357E+04
8.99400E+00        1.22011132101E+04
9.00000E+00        1.21863955632E+04
9.00600E+00        1.21716930234E+04
9.01200E+00        1.21570169386E+04
9.01800E+00        1.21423786017E+04
9.02400E+00        1.21277552241E+04
9.03000E+00        1.21131581129E+04
9.03600E+00        1.20985985207E+04
9.04200E+00        1.20840537415E+04
9.04800E+00        1.20695350419E+04
9.05400E+00        1.20550536341E+04
9.06000E+00        1.20405870204E+04
9.06600E+00        1.20261461749E+04
9.07200E+00        1.20117423962E+04
9.07800E+00        1.19973530166E+04
9.08400E+00        1.19829894734E+04
9.09000E+00        1.19686515801E+04
9.09600E+00        1.19543504562E+04
9.10200E+00        1.19400636676E+04
9.10800E+00        1.19258024723E+04
9.11400E+00        1.19115777005E+04
9.12000E+00        1.18973671238E+04
9.12600E+00        1.18831818359E+04
9.13200E+00        1.18690327531E+04
9.13800E+00        1.18548979747E+04
9.14400E+00        1.18407881827E+04
9.15000E+00        1.18267145025E+04
9.15600E+00        1.18126547411E+04
9.16200E+00        1.17986199135E+04
9.16800E+00        1.17846099609E+04
9.17400E+00        1.17706358332E+04
9.18000E+00        1.17566754429E+04
9.18600E+00        1.17427397531E+04
9.19200E+00        1.17288396747E+04
9.19800E+00        1.17149531994E+04
9.20400E+00        1.17010912515E+04
9.21000E+00        1.16872647034E+04
9.21600E+00        1.16734516253E+04
9.22200E+00        1.16596629029E+04
9.22800E+00        1.16458984793E+04
9.23400E+00        1.16321691763E+04
9.24000E+00        1.16184531676E+04
9.24600E+00        1.16047612880E+04
9.25200E+00        1.15911043214E+04
9.25800E+00        1.15774605190E+04
9.26400E+00        1.15638406776E+04
9.27000E+00        1.15502447414E+04
9.27600E+00        1.15366834439E+04
9.28200E+00        1.15231351390E+04
9.28800E+00        1.15096105732E+04
9.29400E+00        1.14961242996E+04
9.30000E+00        1.14826470302E+04
9.30600E+00        1.14691933350E+04
9.31200E+00        1.14557631594E+04
9.31800E+00        1.14423671503E+04
9.32400E+00        1.14289838381E+04
9.33000E+00        1.14156238825E+04
9.33600E+00        1.14022978934E+04
9.34200E+00        1.13889844768E+04
9.34800E+00        1.13756943743E+04
9.35400E+00        1.13624272942E+04
9.36000E+00        1.13491939165E+04
9.36600E+00        1.13359729473E+04
9.37200E+00        1.13227749600E+04
9.37800E+00        1.13095999016E+04
9.38400E+00        1.12964582842E+04
9.39000E+00        1.12833289132E+04
9.39600E+00        1.12702223134E+04
9.40200E+00        1.12571384324E+04
9.40800E+00        1.12440877336E+04
9.41400E+00        1.12310491215E+04
9.42000E+00        1.12180330721E+04
9.42600E+00        1.12050500129E+04
9.43200E+00        1.11920789217E+04
9.43800E+00        1.11791303553E+04
9.44400E+00        1.11662040286E+04
9.45000E+00        1.11533104381E+04
9.45600E+00        1.11404286594E+04
9.46200E+00        1.11275690843E+04
9.46800E+00        1.11147316621E+04
9.47400E+00        1.11019267250E+04
9.48000E+00        1.10891334452E+04
9.48600E+00        1.10763621671E+04
9.49200E+00        1.10636128406E+04
9.49800E+00        1.10508957505E+04
9.50400E+00        1.10381901652E+04
9.51000E+00        1.10255064973E+04
9.51600E+00        1.10128547656E+04
9.52200E+00        1.10002144258E+04
9.52800E+00        1.09875957396E+04
9.53400E+00        1.09749986580E+04
9.54000E+00        1.09624333840E+04
9.54600E+00        1.09498793528E+04
9.55200E+00        1.09373467795E+04
9.55800E+00        1.09248356155E+04
9.56400E+00        1.09123597190E+04
9.57000E+00        1.08998912131E+04
9.57600E+00        1.08874440853E+04
9.58200E+00        1.08750180598E+04
9.58800E+00        1.08626132026E+04
9.59400E+00        1.08502396136E+04
9.60000E+00        1.08378769382E+04
9.60600E+00        1.08255352882E+04
9.61200E+00        1.08132146161E+04
9.61800E+00        1.08009249762E+04
9.62400E+00        1.07886461069E+04
9.63000E+00        1.07763880742E+04
9.63600E+00        1.07641508311E+04
9.64200E+00        1.07519443868E+04
9.64800E+00        1.07397486840E+04
9.65400E+00        1.07275735187E+04
9.66000E+00        1.07154189569E+04
9.66600E+00        1.07032949627E+04
9.67200E+00        1.06911814583E+04
9.67800E+00        1.06790884192E+04
9.68400E+00        1.06670157995E+04
9.69000E+00        1.06549635537E+04
9.69600E+00        1.06429415897E+04
9.70200E+00        1.06309299436E+04
9.70800E+00        1.06189385350E+04
9.71400E+00        1.06069674295E+04
9.72000E+00        1.05950163601E+04
9.72600E+00        1.05830952906E+04
9.73200E+00        1.05711843698E+04
9.73800E+00        1.05592934617E+04
9.74400E+00        1.05474225217E+04
9.75000E+00        1.05355813586E+04
9.75600E+00        1.05237502106E+04
9.76200E+00        1.05119388978E+04
9.76800E+00        1.05001473761E+04
9.77400E+00        1.04883756016E+04
9.78000E+00        1.04766334378E+04
9.78600E+00        1.04649010149E+04
9.79200E+00        1.04531917850E+04
9.79800E+00        1.04414985474E+04
9.80400E+00        1.04298248388E+04
9.81000E+00        1.04181803600E+04
9.81600E+00        1.04065455693E+04
9.82200E+00        1.03949301783E+04
9.82800E+00        1.03833341443E+04
9.83400E+00        1.03717575328E+04
9.84000E+00        1.03602097738E+04
9.84600E+00        1.03486715434E+04
9.85200E+00        1.03371524995E+04
9.85800E+00        1.03256525999E+04
9.86400E+00        1.03141718023E+04
9.87000E+00        1.03027197005E+04
9.87600E+00        1.02912769703E+04
9.88200E+00        1.02798532162E+04
9.88800E+00        1.02684485040E+04
9.89400E+00        1.02570625772E+04
9.90000E+00        1.02457050842E+04
9.90600E+00        1.02343568081E+04
9.91200E+00        1.02230273008E+04
9.91800E+00        1.02117165210E+04
9.92400E+00        1.02004244278E+04
9.93000E+00        1.01891605096E+04
9.93600E+00        1.01779056562E+04
9.94200E+00        1.01666694731E+04
9.94800E+00        1.01554517071E+04
9.95400E+00        1.01442524241E+04
9.96000E+00        1.01330715836E+04
9.96600E+00        1.01219186120E+04
9.97200E+00        1.01107745255E+04
9.97800E+00        1.00996487612E+04
9.98400E+00        1.00885412791E+04
9.99000E+00        1.00774520392E+04
9.99600E+00        1.00663811072E+04
1.00020E+01        1.00553411053E+04
1.00080E+01        1.00443063409E+04
1.00140E+01        1.00332896605E+04
1.00200E+01        1.00222910249E+04
1.00260E+01        1.00113103948E+04
1.00320E+01        1.00003570846E+04
1.00380E+01        9.98941233826E+03
1.00440E+01        9.97848558488E+03
1.00500E+01        9.96757657691E+03
1.00560E+01        9.95668538012E+03
1.00620E+01        9.94581195594E+03
1.00680E+01        9.93496555801E+03
1.00740E+01        9.92412755362E+03
1.00800E+01        9.91330720678E+03
1.00860E+01        9.90250447933E+03
1.00920E+01        9.89171943664E+03
1.00980E+01        9.88095183380E+03
1.01040E+01        9.87021096799E+03
1.01100E+01        9.85947832845E+03
1.01160E+01        9.84876311908E+03
1.01220E+01        9.83806530233E+03
1.01280E+01        9.82738484075E+03
1.01340E+01        9.81672169702E+03
1.01400E+01        9.80607593639E+03
1.01460E+01        9.79545647807E+03
1.01520E+01        9.78484505473E+03
1.01580E+01        9.77425080085E+03
1.01640E+01        9.76367367960E+03
1.01700E+01        9.75311365422E+03
1.01760E+01        9.74257068806E+03
1.01820E+01        9.73205384670E+03
1.01880E+01        9.72154487958E+03
1.01940E+01        9.71105633691E+03
1.02000E+01        9.70058123012E+03
1.02060E+01        9.69012300077E+03
1.02120E+01        9.67968161280E+03
1.02180E+01        9.66925703022E+03
1.02240E+01        9.65885825136E+03
1.02300E+01        9.64846716230E+03
1.02360E+01        9.63809277130E+03
1.02420E+01        9.62773514343E+03
1.02480E+01        9.61739404175E+03
1.02540E+01        9.60706953163E+03
1.02600E+01        9.59676157775E+03
1.02660E+01        9.58647014490E+03
1.02720E+01        9.57620415477E+03
1.02780E+01        9.56594564909E+03
1.02840E+01        9.55570355934E+03
1.02900E+01        9.54547785069E+03
1.02960E+01        9.53526858808E+03
1.03020E+01        9.52507553733E+03
1.03080E+01        9.51489876368E+03
1.03140E+01        9.50474712256E+03
1.03200E+01        9.49460279025E+03
1.03260E+01        9.48447463188E+03
1.03320E+01        9.47436261324E+03
1.03380E+01        9.46426670021E+03
1.03440E+01        9.45418685874E+03
1.03500E+01        9.44412305491E+03
1.03560E+01        9.43407535350E+03
1.03620E+01        9.42405233773E+03
1.03680E+01        9.41403643456E+03
1.03740E+01        9.40403939279E+03
1.03800E+01        9.39405558753E+03
1.03860E+01        9.38408728935E+03
1.03920E+01        9.37413479371E+03
1.03980E+01        9.36419806737E+03
1.04040E+01        9.35427707717E+03
1.04100E+01        9.34437188777E+03
1.04160E+01        9.33449100177E+03
1.04220E+01        9.32461701264E+03
1.04280E+01        9.31475862794E+03
1.04340E+01        9.30491581495E+03
1.04400E+01        9.29508854103E+03
1.04460E+01        9.28527677363E+03
1.04520E+01        9.27548048029E+03
1.04580E+01        9.26569962864E+03
1.04640E+01        9.25593418636E+03
1.04700E+01        9.24618412125E+03
1.04760E+01        9.23645813708E+03
1.04820E+01        9.22673872081E+03
1.04880E+01        9.21703458560E+03
1.04940E+01        9.20734569955E+03
1.05000E+01        9.19767203089E+03
1.05060E+01        9.18801354788E+03
1.05120E+01        9.17837021891E+03
1.05180E+01        9.16874201241E+03
1.05240E+01        9.15912889693E+03
1.05300E+01        9.14953939901E+03
1.05360E+01        9.13995636250E+03
1.05420E+01        9.13038832311E+03
1.05480E+01        9.12083534505E+03
1.05540E+01        9.11129720642E+03
1.05600E+01        9.10177717383E+03
1.05660E+01        9.09226880937E+03
1.05720E+01        9.08277528711E+03
1.05780E+01        9.07329657630E+03
1.05840E+01        9.06383264627E+03
1.05900E+01        9.05438346646E+03
1.05960E+01        9.04494900633E+03
1.06020E+01        9.03552923547E+03
1.06080E+01        9.02613256648E+03
1.06140E+01        9.01674207438E+03
1.06200E+01        9.00736627493E+03
1.06260E+01        8.99800494955E+03
1.06320E+01        8.98865816246E+03
1.06380E+01        8.97932588371E+03
1.06440E+01        8.97000808342E+03
1.06500E+01        8.96070473177E+03
1.06560E+01        8.95141579902E+03
1.06620E+01        8.94214125553E+03
1.06680E+01        8.93288107171E+03
1.06740E+01        8.92363521805E+03
1.06800E+01        8.91440366513E+03
1.06860E+01        8.90519471330E+03
1.06920E+01        8.89599166523E+03
1.06980E+01        8.88680283007E+03
1.07040E+01        8.87762817868E+03
1.07100E+01        8.86846768200E+03
1.07160E+01        8.85932131105E+03
1.07220E+01        8.85018903693E+03
1.07280E+01        8.84107083080E+03
1.07340E+01        8.83196675623E+03
1.07400E+01        8.82287972237E+03
1.07460E+01        8.81380354516E+03
1.07520E+01        8.80474132132E+03
1.07580E+01        8.79569302240E+03
1.07640E+01        8.78665861997E+03
1.07700E+01        8.77763808573E+03
1.07760E+01        8.76863139142E+03
1.07820E+01        8.75963850885E+03
1.07880E+01        8.75065940990E+03
1.07940E+01        8.74169406655E+03
1.08000E+01        8.73275061962E+03
1.08060E+01        8.72381269523E+03
1.08120E+01        8.71488844274E+03
1.08180E+01        8.70597783440E+03
1.08240E+01        8.69708084252E+03
1.08300E+01        8.68819743946E+03
1.08360E+01        8.67932759770E+03
1.08420E+01        8.67047128975E+03
1.08480E+01        8.66162848819E+03
1.08540E+01        8.65279916569E+03
1.08600E+01        8.64398329497E+03
1.08660E+01        8.63518084883E+03
1.08720E+01        8.62639180014E+03
1.08780E+01        8.61761612182E+03
1.08840E+01        8.60885378688E+03
1.08900E+01        8.60010476839E+03
1.08960E+01        8.59136903948E+03
1.09020E+01        8.58264657335E+03
1.09080E+01        8.57393734329E+03
1.09140E+01        8.56524132262E+03
1.09200E+01        8.55655848475E+03
1.09260E+01        8.54789184648E+03
1.09320E+01        8.53923529215E+03
1.09380E+01        8.53059184123E+03
1.09440E+01        8.52196146739E+03
1.09500E+01        8.51334414438E+03
1.09560E+01        8.50473984599E+03
1.09620E+01        8.49614854609E+03
1.09680E+01        8.48757021861E+03
1.09740E+01        8.47901285797E+03
1.09800E+01        8.47046030072E+03
1.09860E+01        8.46191281100E+03
1.09920E+01        8.45338611383E+03
1.09980E+01        8.44487225970E+03
1.10040E+01        8.43637122295E+03
1.10100E+01        8.42789086184E+03
1.10160E+01        8.41941537511E+03
1.10220E+01        8.41095262911E+03
1.10280E+01        8.40250259840E+03
1.10340E+01        8.39406525762E+03
1.10400E+01        8.38564058148E+03
1.10460E+01        8.37722854473E+03
1.10520E+01        8.36882912221E+03
1.10580E+01        8.36044228879E+03
1.10640E+01        8.35206801943E+03
1.10700E+01        8.34370628914E+03
1.10760E+01        8.33535707299E+03
1.10820E+01        8.32702034612E+03
1.10880E+01        8.31869608372E+03
1.10940E+01        8.31038426105E+03
1.11000E+01        8.30208485343E+03
1.11060E+01        8.29379783624E+03
1.11120E+01        8.28552318492E+03
1.11180E+01        8.27726383996E+03
1.11240E+01        8.26901384451E+03
1.11300E+01        8.26076841369E+03
1.11360E+01        8.25254298674E+03
1.11420E+01        8.24432980376E+03
1.11480E+01        8.23612884054E+03
1.11540E+01        8.22794777015E+03
1.11600E+01        8.21976347693E+03
1.11660E+01        8.21159902843E+03
1.11720E+01        8.20344670350E+03
1.11780E+01        8.19530647823E+03
1.11840E+01        8.18717832878E+03
1.11900E+01        8.17906223136E+03
1.11960E+01        8.17095816226E+03
1.12020E+01        8.16286609778E+03
1.12080E+01        8.15478601434E+03
1.12140E+01        8.14671788837E+03
1.12200E+01        8.13866169637E+03
1.12260E+01        8.13061741490E+03
1.12320E+01        8.12258502060E+03
1.12380E+01        8.11456440526E+03
1.12440E+01        8.10655571543E+03
1.12500E+01        8.09855884296E+03
1.12560E+01        8.09057376468E+03
1.12620E+01        8.08260045750E+03
1.12680E+01        8.07463889838E+03
1.12740E+01        8.06668906433E+03
1.12800E+01        8.05875093243E+03
1.12860E+01        8.05082447980E+03
1.12920E+01        8.04290968362E+03
1.12980E+01        8.03500652114E+03
1.13040E+01        8.02711496963E+03
1.13100E+01        8.01923500646E+03
1.13160E+01        8.01136949570E+03
1.13220E+01        8.00351263913E+03
1.13280E+01        7.99566730326E+03
1.13340E+01        7.98783346568E+03
1.13400E+01        7.98001110399E+03
1.13460E+01        7.97220019587E+03
1.13520E+01        7.96439318485E+03
1.13580E+01        7.95660512449E+03
1.13640E+01        7.94882845104E+03
1.13700E+01        7.94106314240E+03
1.13760E+01        7.93330917651E+03
1.13820E+01        7.92556653136E+03
1.13880E+01        7.91783518500E+03
1.13940E+01        7.91011511554E+03
1.14000E+01        7.90240630114E+03
1.14060E+01        7.89470872000E+03
1.14120E+01        7.88702235039E+03
1.14180E+01        7.87934717062E+03
1.14240E+01        7.87168315905E+03
1.14300E+01        7.86403021187E+03
1.14360E+01        7.85638847210E+03
1.14420E+01        7.84875783594E+03
1.14480E+01        7.84113828198E+03
1.14540E+01        7.83352978883E+03
1.14600E+01        7.82593233516E+03
1.14660E+01        7.81833858557E+03
1.14720E+01        7.81076315421E+03
1.14780E+01        7.80319869867E+03
1.14840E+01        7.79564519782E+03
1.14900E+01        7.78810263060E+03
1.14960E+01        7.78057097598E+03
1.15020E+01        7.77305013172E+03
1.15080E+01        7.76554023953E+03
1.15140E+01        7.75804119720E+03
1.15200E+01        7.75055579298E+03
1.15260E+01        7.74307838571E+03
1.15320E+01        7.73561176599E+03
1.15380E+01        7.72815591315E+03
1.15440E+01        7.72070358335E+03
1.15500E+01        7.71326920940E+03
1.15560E+01        7.70584554060E+03
1.15620E+01        7.69843255648E+03
1.15680E+01        7.69103015618E+03
1.15740E+01        7.68363848026E+03
1.15800E+01        7.67625742789E+03
1.15860E+01        7.66888697879E+03
1.15920E+01        7.66152711272E+03
1.15980E+01        7.65417780951E+03
1.16040E+01        7.64683904901E+03
1.16100E+01        7.63951081114E+03
1.16160E+01        7.63218593554E+03
1.16220E+01        7.62487868970E+03
1.16280E+01        7.61758190650E+03
1.16340E+01        7.61029548646E+03
1.16400E+01        7.60301956897E+03
1.16460E+01        7.59575405457E+03
1.16520E+01        7.58849892350E+03
1.16580E+01        7.58125415606E+03
1.16640E+01        7.57401973257E+03
1.16700E+01        7.56679563342E+03
1.16760E+01        7.55958183904E+03
1.16820E+01        7.55237118534E+03
1.16880E+01        7.54517794878E+03
1.16940E+01        7.53799495855E+03
1.17000E+01        7.53082219525E+03
1.17060E+01        7.52365963954E+03
1.17120E+01        7.51650727214E+03
1.17180E+01        7.50936507378E+03
1.17240E+01        7.50223302526E+03
1.17300E+01        7.49511292891E+03
1.17360E+01        7.48799494731E+03
1.17420E+01        7.48089323815E+03
1.17480E+01        7.47380160245E+03
1.17540E+01        7.46672002124E+03
1.17600E+01        7.45964847557E+03
1.17660E+01        7.45258694656E+03
1.17720E+01        7.44553541536E+03
1.17780E+01        7.43849386317E+03
1.17840E+01        7.43146227122E+03
1.17900E+01        7.42444054315E+03
1.17960E+01        7.41742187599E+03
1.18020E+01        7.41042005929E+03
1.18080E+01        7.40342812823E+03
1.18140E+01        7.39644606426E+03
1.18200E+01        7.38947384889E+03
1.18260E+01        7.38251146367E+03
1.18320E+01        7.37555889018E+03
1.18380E+01        7.36861603298E+03
1.18440E+01        7.36168302797E+03
1.18500E+01        7.35475289870E+03
1.18560E+01        7.34783939543E+03
1.18620E+01        7.34093561246E+03
1.18680E+01        7.33404153163E+03
1.18740E+01        7.32715713485E+03
1.18800E+01        7.32028232747E+03
1.18860E+01        7.31341724466E+03
1.18920E+01        7.30656179180E+03
1.18980E+01        7.29970912148E+03
1.19040E+01        7.29287288112E+03
1.19100E+01        7.28604621699E+03
1.19160E+01        7.27922911126E+03
1.19220E+01        7.27242147010E+03
1.19280E+01        7.26562342795E+03
1.19340E+01        7.25883489099E+03
1.19400E+01        7.25205584156E+03
1.19460E+01        7.24527948356E+03
1.19520E+01        7.23852201686E+03
1.19580E+01        7.23177132879E+03
1.19640E+01        7.22503005803E+03
1.19700E+01        7.21829811163E+03
1.19760E+01        7.21157562322E+03
1.19820E+01        7.20486249989E+03
1.19880E+01        7.19815198948E+03
1.19940E+01        7.19145755058E+03
1.20000E+01        7.18477242486E+03
1.20060E+01        7.17809659509E+03
1.20120E+01        7.17142996911E+03
1.20180E+01        7.16477267986E+03
1.20240E+01        7.15812463517E+03
1.20300E+01        7.15147912688E+03
1.20360E+01        7.14484952638E+03
1.20420E+01        7.13822911938E+03
1.20480E+01        7.13161781434E+03
1.20540E+01        7.12501574363E+03
1.20600E+01        7.11842281572E+03
1.20660E+01        7.11183235981E+03
1.20720E+01        7.10525767322E+03
1.20780E+01        7.09869207906E+03
1.20840E+01        7.09213556064E+03
1.20900E+01        7.08558802718E+03
1.20960E+01        7.07904961032E+03
1.21020E+01        7.07252021929E+03
1.21080E+01        7.06599322651E+03
1.21140E+01        7.05948184363E+03
1.21200E+01        7.05297943704E+03
1.21260E+01        7.04648591658E+03
1.21320E+01        7.04000141332E+03
1.21380E+01        7.03352583712E+03
1.21440E+01        7.02705259708E+03
1.21500E+01        7.02059483211E+03
1.21560E+01        7.01414594532E+03
1.21620E+01        7.00770584720E+03
1.21680E+01        7.00127466822E+03
1.21740E+01        6.99485486662E+03
1.21800E+01        6.98843482187E+03
1.21860E+01        6.98203008759E+03
1.21920E+01        6.97563413471E+03
1.21980E+01        6.96924687436E+03
1.22040E+01        6.96286843643E+03
1.22100E+01        6.95649873202E+03
1.22160E+01        6.95013774525E+03
1.22220E+01        6.94377896323E+03
1.22280E+01        6.93743529760E+03
1.22340E+01        6.93110037476E+03
1.22400E+01        6.92477410636E+03
1.22460E+01        6.91845647668E+03
1.22520E+01        6.91214100263E+03
1.22580E+01        6.90584060930E+03
1.22640E+01        6.89954873559E+03
1.22700E+01        6.89326551033E+03
1.22760E+01        6.88699084576E+03
1.22820E+01        6.88072472638E+03
1.22880E+01        6.87446070461E+03
1.22940E+01        6.86821156326E+03
1.23000E+01        6.86197099272E+03
1.23060E+01        6.85573890570E+03
1.23120E+01        6.84951528689E+03
1.23180E+01        6.84329371806E+03
1.23240E+01        6.83708699564E+03
1.23300E+01        6.83088862420E+03
1.23360E+01        6.82469873152E+03
1.23420E+01        6.81851723092E+03
1.23480E+01        6.81234410729E+03
1.23540E+01        6.80617297737E+03
1.23600E+01        6.80001649710E+03
1.23660E+01        6.79386841981E+03
1.23720E+01        6.78772865935E+03
1.23780E+01        6.78159720075E+03
1.23840E+01        6.77546768969E+03
1.23900E+01        6.76935272503E+03
1.23960E+01        6.76324608845E+03
1.24020E+01        6.75714769425E+03
1.24080E+01        6.75105752766E+03
1.24140E+01        6.74497176480E+03
1.24200E+01        6.73889794257E+03
1.24260E+01        6.73283237434E+03
1.24320E+01        6.72677497489E+03
1.24380E+01        6.72072572962E+03
1.24440E+01        6.71467834101E+03
1.24500E+01        6.70864529582E+03
1.24560E+01        6.70262043136E+03
1.24620E+01        6.69660366291E+03
1.24680E+01        6.69059497600E+03
1.24740E+01        6.68458810148E+03
1.24800E+01        6.67859547018E+03
1.24860E+01        6.67261094715E+03
1.24920E+01        6.66663444815E+03
1.24980E+01        6.66066595888E+03
1.25040E+01        6.65469923833E+03
1.25100E+01        6.64874666178E+03
1.25160E+01        6.64280212185E+03
1.25220E+01        6.63686553477E+03
1.25280E+01        6.63093068190E+03
1.25340E+01        6.62500996367E+03
1.25400E+01        6.61909708670E+03
1.25460E+01        6.61319217549E+03
1.25520E+01        6.60729514673E+03
1.25580E+01        6.60139980961E+03
1.25640E+01        6.59551850933E+03
1.25700E+01        6.58964498070E+03
1.25760E+01        6.58377934774E+03
1.25820E+01        6.57792152761E+03
1.25880E+01        6.57206535711E+03
1.25940E+01        6.56622305795E+03
1.26000E+01        6.56038859895E+03
1.26060E+01        6.55456189762E+03
1.26120E+01        6.54873681275E+03
1.26180E+01        6.54292559112E+03
1.26240E+01        6.53712201774E+03
1.26300E+01        6.53132621581E+03
1.26360E+01        6.52553810330E+03
1.26420E+01        6.51975156628E+03
1.26480E+01        6.51397879737E+03
1.26540E+01        6.50821375370E+03
1.26600E+01        6.50245855052E+03
1.26660E+01        6.49670260683E+03
1.26720E+01        6.49096035623E+03
1.26780E+01        6.48522563290E+03
1.26840E+01        6.47949855923E+03
1.26900E+01        6.47377905399E+03
1.26960E+01        6.46806105154E+03
1.27020E+01        6.46235664868E+03
1.27080E+01        6.45665970692E+03
1.27140E+01        6.45097034819E+03
1.27200E+01        6.44528246067E+03
1.27260E+01        6.43960809861E+03
1.27320E+01        6.43394114522E+03
1.27380E+01        6.42828172208E+03
1.27440E+01        6.42262373893E+03
1.27500E+01        6.41697920768E+03
1.27560E+01        6.41134203313E+03
1.27620E+01        6.40571233650E+03
1.27680E+01        6.40009003770E+03
1.27740E+01        6.39446914038E+03
1.27800E+01        6.38886160379E+03
1.27860E+01        6.38326135959E+03
1.27920E+01        6.37766852852E+03
1.27980E+01        6.37207706849E+03
1.28040E+01        6.36649889688E+03
1.28100E+01        6.36092796670E+03
1.28160E+01        6.35536439835E+03
1.28220E+01        6.34980217093E+03
1.28280E+01        6.34425316018E+03
1.28340E+01        6.33871134035E+03
1.28400E+01        6.33317683147E+03
1.28460E+01        6.32764363374E+03
1.28520E+01        6.32212358150E+03
1.28580E+01        6.31661067009E+03
1.28640E+01        6.31110501921E+03
1.28700E+01        6.30560065002E+03
1.28760E+01        6.30010935567E+03
1.28820E+01        6.29462515250E+03
1.28880E+01        6.28914815987E+03
1.28940E+01        6.28367241980E+03
1.29000E+01        6.27820968446E+03
1.29060E+01        6.27275399108E+03
1.29120E+01        6.26730781020E+03
1.29180E+01        6.26186049951E+03
1.29240E+01        6.25642612436E+03
1.29300E+01        6.25099874238E+03
1.29360E+01        6.24557847222E+03
1.29420E+01        6.24015939696E+03
1.29480E+01        6.23475318817E+03
1.29540E+01        6.22935398934E+03
1.29600E+01        6.22396172329E+03
1.29660E+01        6.21857068912E+03
1.29720E+01        6.21319245290E+03
1.29780E+01        6.20782111351E+03
1.29840E+01        6.20245098491E+03
1.29900E+01        6.19709360319E+03
1.29960E+01        6.19174314739E+03
1.30020E+01        6.18639954088E+03
1.30080E+01        6.18105711729E+03
1.30140E+01        6.17572737296E+03
1.30200E+01        6.17040450708E+03
1.30260E+01        6.16508844335E+03
1.30320E+01        6.15977353499E+03
1.30380E+01        6.15447123876E+03
1.30440E+01        6.14917577392E+03
1.30500E+01        6.14388131533E+03
1.30560E+01        6.13859948319E+03
1.30620E+01        6.13332444741E+03
1.30680E+01        6.12805619634E+03
1.30740E+01        6.12278892495E+03
1.30800E+01        6.11753421354E+03
1.30860E+01        6.11228625212E+03
1.30920E+01        6.10704502917E+03
1.30980E+01        6.10180475959E+03
1.31040E+01        6.09657698403E+03
1.31100E+01        6.09135591249E+03
1.31160E+01        6.08613577479E+03
1.31220E+01        6.08092808196E+03
1.31280E+01        6.07572705893E+03
1.31340E+01        6.07053269434E+03
1.31400E+01        6.06533923781E+03
1.31460E+01        6.06015816104E+03
1.31520E+01        6.05498370878E+03
1.31580E+01        6.04981586977E+03
1.31640E+01        6.04464891331E+03
1.31700E+01        6.03949655048E+03
1.31760E+01        6.03434848720E+03
1.31820E+01        6.02920128715E+03
1.31880E+01        6.02406635447E+03
1.31940E+01        6.01893796796E+03
1.32000E+01        6.01381611652E+03
1.32060E+01        6.00869510330E+03
1.32120E+01        6.00358629367E+03
1.32180E+01        5.99848398596E+03
1.32240E+01        5.99338256058E+03
1.32300E+01        5.98829316586E+03
1.32360E+01        5.98321030282E+03
1.32420E+01        5.97812830352E+03
1.32480E+01        5.97305828794E+03
1.32540E+01        5.96799477114E+03
1.32600E+01        5.96293767973E+03
1.32660E+01        5.95788142751E+03
1.32720E+01        5.95283709682E+03
1.32780E+01        5.94779922138E+03
1.32840E+01        5.94276216690E+03
1.32900E+01        5.93773704972E+03
1.32960E+01        5.93271823115E+03
1.33020E+01        5.92770582466E+03
1.33080E+01        5.92269421506E+03
1.33140E+01        5.91769441925E+03
1.33200E+01        5.91270100338E+03
1.33260E+01        5.90770836651E+03
1.33320E+01        5.90272749769E+03
1.33380E+01        5.89775297686E+03
1.33440E+01        5.89278473168E+03
1.33500E+01        5.88781724188E+03
1.33560E+01        5.88286145953E+03
1.33620E+01        5.87791198290E+03
1.33680E+01        5.87296324411E+03
1.33740E+01        5.86802616761E+03
1.33800E+01        5.86309536534E+03
1.33860E+01        5.85816528352E+03
1.33920E+01        5.85324688030E+03
1.33980E+01        5.84833459757E+03
1.34040E+01        5.84342307926E+03
1.34100E+01        5.83852319474E+03
1.34160E+01        5.83362939993E+03
1.34220E+01        5.82873635226E+03
1.34280E+01        5.82385489381E+03
1.34340E+01        5.81897955535E+03
1.34400E+01        5.81411247166E+03
1.34460E+01        5.80924390469E+03
1.34520E+01        5.80438686822E+03
1.34580E+01        5.79953585040E+03
1.34640E+01        5.79468553963E+03
1.34700E+01        5.78984671536E+03
1.34760E+01        5.78501387959E+03
1.34820E+01        5.78018173406E+03
1.34880E+01        5.77536103127E+03
1.34940E+01        5.77054634739E+03
1.35000E+01        5.76573221634E+03
1.35060E+01        5.76092954487E+03
1.35120E+01        5.75613286238E+03
1.35180E+01        5.75134209879E+03
1.35240E+01        5.74655198676E+03
1.35300E+01        5.74177321626E+03
1.35360E+01        5.73700033512E+03
1.35420E+01        5.73222808921E+03
1.35480E+01        5.72746714183E+03
1.35540E+01        5.72271211435E+03
1.35600E+01        5.71795758613E+03
1.35660E+01        5.71321437358E+03
1.35720E+01        5.70847705160E+03
1.35780E+01        5.70374021311E+03
1.35840E+01        5.69901464760E+03
1.35900E+01        5.69429494355E+03
1.35960E+01        5.68957570733E+03
1.36020E+01        5.68486770165E+03
1.36080E+01        5.68016552847E+03
1.36140E+01        5.67546380760E+03
1.36200E+01        5.67077327506E+03
1.36260E+01        5.66608854625E+03
1.36320E+01        5.66140431357E+03
1.36380E+01        5.65673110880E+03
1.36440E+01        5.65206373838E+03
1.36500E+01        5.64739684867E+03
1.36560E+01        5.64274094540E+03
1.36620E+01        5.63809084792E+03
1.36680E+01        5.63344121587E+03
1.36740E+01        5.62880252900E+03
1.36800E+01        5.62416961954E+03
1.36860E+01        5.61953716033E+03
1.36920E+01        5.61491560529E+03
1.36980E+01        5.61029979943E+03
1.37040E+01        5.60568442879E+03
1.37100E+01        5.60107992151E+03
1.37160E+01        5.59648327013E+03
1.37220E+01        5.59188490254E+03
1.37280E+01        5.58729735807E+03
1.37340E+01        5.58271550687E+03
1.37400E+01        5.57813406083E+03
1.37460E+01        5.57356339754E+03
1.37520E+01        5.56899839982E+03
1.37580E+01        5.56443379257E+03
1.37640E+01        5.55987992793E+03
1.37700E+01        5.55533170132E+03
1.37760E+01        5.55078385063E+03
1.37820E+01        5.54624670261E+03
1.37880E+01        5.54171516524E+03
1.37940E+01        5.53718398936E+03
1.38000E+01        5.53266353431E+03
1.38060E+01        5.52814854694E+03
1.38120E+01        5.52363396463E+03
1.38180E+01        5.51913000574E+03
1.38240E+01        5.51463160327E+03
1.38300E+01        5.51013353377E+03
1.38360E+01        5.50564610598E+03
1.38420E+01        5.50115894422E+03
1.38480E+01        5.49668245559E+03
1.38540E+01        5.49221136365E+03
1.38600E+01        5.48774063879E+03
1.38660E+01        5.48328049036E+03
1.38720E+01        5.47882576961E+03
1.38780E+01        5.47437128728E+03
1.38840E+01        5.46992739979E+03
1.38900E+01        5.46548885652E+03
1.38960E+01        5.46105065237E+03
1.39020E+01        5.45662294706E+03
1.39080E+01        5.45220061700E+03
1.39140E+01        5.44777849818E+03
1.39200E+01        5.44336689675E+03
1.39260E+01        5.43896058768E+03
1.39320E+01        5.43455459024E+03
1.39380E+01        5.43015901487E+03
1.39440E+01        5.42576362846E+03
1.39500E+01        5.42137869551E+03
1.39560E+01        5.41699906884E+03
1.39620E+01        5.41261961789E+03
1.39680E+01        5.40825058232E+03
1.39740E+01        5.40388682747E+03
1.39800E+01        5.39952323521E+03
1.39860E+01        5.39517002044E+03
1.39920E+01        5.39082206096E+03
1.39980E+01        5.38647425107E+03
1.40040E+01        5.38213884508E+03
