# %ECSV 0.9
# ---
# datatype:
# - {name: wavelength, unit: micron, datatype: float64}
# - {name: flux, unit: microJansky, datatype: float64}
# schema: astropy-2.0
#
#
#  - - File generated by ExoNoodle - -
#         V1.0.0 - MML (CEA-Saclay)
#       2021-03-25 15:37:33.308590
wavelength flux 
3.00000E+00        7.36714425357E+04
3.00600E+00        7.34693849758E+04
3.01200E+00        7.32681409164E+04
3.01800E+00        7.30675773871E+04
3.02400E+00        7.28677028415E+04
3.03000E+00        7.26686235949E+04
3.03600E+00        7.24702837676E+04
3.04200E+00        7.22726208624E+04
3.04800E+00        7.20757475302E+04
3.05400E+00        7.18795993636E+04
3.06000E+00        7.16841251289E+04
3.06600E+00        7.14894258261E+04
3.07200E+00        7.12953966564E+04
3.07800E+00        7.11021327415E+04
3.08400E+00        7.09095316461E+04
3.09000E+00        7.07176403177E+04
3.09600E+00        7.05265121993E+04
3.10200E+00        7.03360351180E+04
3.10800E+00        7.01462609094E+04
3.11400E+00        6.99571867005E+04
3.12000E+00        6.97688618693E+04
3.12600E+00        6.95811789320E+04
3.13200E+00        6.93941874242E+04
3.13800E+00        6.92078827815E+04
3.14400E+00        6.90222656237E+04
3.15000E+00        6.88373296840E+04
3.15600E+00        6.86530738706E+04
3.16200E+00        6.84694970817E+04
3.16800E+00        6.82865931037E+04
3.17400E+00        6.81043625526E+04
3.18000E+00        6.79227992507E+04
3.18600E+00        6.77419021260E+04
3.19200E+00        6.75616178284E+04
3.19800E+00        6.73820499453E+04
3.20400E+00        6.72031366007E+04
3.21000E+00        6.70248800920E+04
3.21600E+00        6.68472743487E+04
3.22200E+00        6.66702717285E+04
3.22800E+00        6.64939644951E+04
3.23400E+00        6.63182999108E+04
3.24000E+00        6.61432307167E+04
3.24600E+00        6.59688517368E+04
3.25200E+00        6.57951073547E+04
3.25800E+00        6.56219474231E+04
3.26400E+00        6.54494693088E+04
3.27000E+00        6.52775705951E+04
3.27600E+00        6.51063481413E+04
3.28200E+00        6.49356968398E+04
3.28800E+00        6.47657195230E+04
3.29400E+00        6.45963567585E+04
3.30000E+00        6.44275625522E+04
3.30600E+00        6.42594308989E+04
3.31200E+00        6.40918596709E+04
3.31800E+00        6.39248961368E+04
3.32400E+00        6.37585870557E+04
3.33000E+00        6.35928311068E+04
3.33600E+00        6.34276751974E+04
3.34200E+00        6.32631167952E+04
3.34800E+00        6.30992021864E+04
3.35400E+00        6.29358311128E+04
3.36000E+00        6.27730500071E+04
3.36600E+00        6.26108532571E+04
3.37200E+00        6.24492446227E+04
3.37800E+00        6.22882651326E+04
3.38400E+00        6.21278158480E+04
3.39000E+00        6.19679472598E+04
3.39600E+00        6.18086507421E+04
3.40200E+00        6.16499284875E+04
3.40800E+00        6.14917749955E+04
3.41400E+00        6.13341909150E+04
3.42000E+00        6.11771692572E+04
3.42600E+00        6.10206665271E+04
3.43200E+00        6.08647702837E+04
3.43800E+00        6.07094308409E+04
3.44400E+00        6.05546473489E+04
3.45000E+00        6.04004159447E+04
3.45600E+00        6.02466921918E+04
3.46200E+00        6.00935610574E+04
3.46800E+00        5.99409765013E+04
3.47400E+00        5.97889362025E+04
3.48000E+00        5.96373917233E+04
3.48600E+00        5.94864331311E+04
3.49200E+00        5.93359659975E+04
3.49800E+00        5.91860755200E+04
3.50400E+00        5.90366766084E+04
3.51000E+00        5.88878525371E+04
3.51600E+00        5.87395098564E+04
3.52200E+00        5.85917387663E+04
3.52800E+00        5.84444462844E+04
3.53400E+00        5.82977192502E+04
3.54000E+00        5.81514680633E+04
3.54600E+00        5.80057342619E+04
3.55200E+00        5.78605575149E+04
3.55800E+00        5.77158489179E+04
3.56400E+00        5.75716540187E+04
3.57000E+00        5.74279649061E+04
3.57600E+00        5.72848251688E+04
3.58200E+00        5.71421467938E+04
3.58800E+00        5.69999706223E+04
3.59400E+00        5.68582931048E+04
3.60000E+00        5.67171135394E+04
3.60600E+00        5.65764298104E+04
3.61200E+00        5.64362384068E+04
3.61800E+00        5.62965400448E+04
3.62400E+00        5.61573718615E+04
3.63000E+00        5.60186490161E+04
3.63600E+00        5.58804115747E+04
3.64200E+00        5.57426129807E+04
3.64800E+00        5.56053402840E+04
3.65400E+00        5.54685454551E+04
3.66000E+00        5.53322264707E+04
3.66600E+00        5.51963826902E+04
3.67200E+00        5.50610120979E+04
3.67800E+00        5.49261126871E+04
3.68400E+00        5.47916810957E+04
3.69000E+00        5.46576771590E+04
3.69600E+00        5.45241780864E+04
3.70200E+00        5.43911422628E+04
3.70800E+00        5.42585677256E+04
3.71400E+00        5.41264106648E+04
3.72000E+00        5.39947529496E+04
3.72600E+00        5.38635493441E+04
3.73200E+00        5.37328006055E+04
3.73800E+00        5.36024606860E+04
3.74400E+00        5.34726120171E+04
3.75000E+00        5.33431712240E+04
3.75600E+00        5.32142150285E+04
3.76200E+00        5.30857041797E+04
3.76800E+00        5.29575945227E+04
3.77400E+00        5.28299240231E+04
3.78000E+00        5.27027328951E+04
3.78600E+00        5.25759783370E+04
3.79200E+00        5.24496192544E+04
3.79800E+00        5.23236919511E+04
3.80400E+00        5.21982349722E+04
3.81000E+00        5.20731695749E+04
3.81600E+00        5.19485680937E+04
3.82200E+00        5.18243560596E+04
3.82800E+00        5.17006041726E+04
3.83400E+00        5.15772370436E+04
3.84000E+00        5.14542891075E+04
3.84600E+00        5.13317995731E+04
3.85200E+00        5.12096872015E+04
3.85800E+00        5.10879912972E+04
3.86400E+00        5.09667444403E+04
3.87000E+00        5.08458723374E+04
3.87600E+00        5.07254089559E+04
3.88200E+00        5.06053942316E+04
3.88800E+00        5.04857455780E+04
3.89400E+00        5.03665017741E+04
3.90000E+00        5.02476611220E+04
3.90600E+00        5.01292219316E+04
3.91200E+00        5.00111825207E+04
3.91800E+00        4.98935785506E+04
3.92400E+00        4.97763323560E+04
3.93000E+00        4.96594821826E+04
3.93600E+00        4.95430239039E+04
3.94200E+00        4.94269583452E+04
3.94800E+00        4.93112801795E+04
3.95400E+00        4.91959914689E+04
3.96000E+00        4.90810893618E+04
3.96600E+00        4.89665710259E+04
3.97200E+00        4.88524360794E+04
3.97800E+00        4.87386841364E+04
3.98400E+00        4.86253111766E+04
3.99000E+00        4.85123168319E+04
3.99600E+00        4.83996995255E+04
4.00200E+00        4.82874564862E+04
4.00800E+00        4.81755885583E+04
4.01400E+00        4.80640917861E+04
4.02000E+00        4.79529658237E+04
4.02600E+00        4.78422103212E+04
4.03200E+00        4.77318213613E+04
4.03800E+00        4.76217974258E+04
4.04400E+00        4.75121405513E+04
4.05000E+00        4.74028090210E+04
4.05600E+00        4.72938758976E+04
4.06200E+00        4.71853017749E+04
4.06800E+00        4.70770875133E+04
4.07400E+00        4.69692292826E+04
4.08000E+00        4.68616917160E+04
4.08600E+00        4.67545435512E+04
4.09200E+00        4.66477481801E+04
4.09800E+00        4.65413041461E+04
4.10400E+00        4.64351740993E+04
4.11000E+00        4.63294284781E+04
4.11600E+00        4.62240275634E+04
4.12200E+00        4.61189400247E+04
4.12800E+00        4.60142300809E+04
4.13400E+00        4.59098640223E+04
4.14000E+00        4.58058038787E+04
4.14600E+00        4.57021168776E+04
4.15200E+00        4.55987354313E+04
4.15800E+00        4.54957264541E+04
4.16400E+00        4.53930453222E+04
4.17000E+00        4.52906759860E+04
4.17600E+00        4.51886736025E+04
4.18200E+00        4.50869578892E+04
4.18800E+00        4.49856174983E+04
4.19400E+00        4.48845612696E+04
4.20000E+00        4.47838774631E+04
4.20600E+00        4.46834753345E+04
4.21200E+00        4.45834427544E+04
4.21800E+00        4.44836893919E+04
4.22400E+00        4.43843027301E+04
4.23000E+00        4.42851928488E+04
4.23600E+00        4.41864358507E+04
4.24200E+00        4.40879752114E+04
4.24800E+00        4.39898537121E+04
4.25400E+00        4.38920260830E+04
4.26000E+00        4.37945021552E+04
4.26600E+00        4.36973351640E+04
4.27200E+00        4.36004366053E+04
4.27800E+00        4.35038488763E+04
4.28400E+00        4.34075815179E+04
4.29000E+00        4.33115468387E+04
4.29600E+00        4.32130389162E+04
4.30200E+00        4.31110965793E+04
4.30800E+00        4.30217947877E+04
4.31400E+00        4.29239708533E+04
4.32000E+00        4.28297313720E+04
4.32600E+00        4.27106553891E+04
4.33200E+00        4.26406561014E+04
4.33800E+00        4.25434765357E+04
4.34400E+00        4.24415493399E+04
4.35000E+00        4.23412304809E+04
4.35600E+00        4.22564334955E+04
4.36200E+00        4.21617275957E+04
4.36800E+00        4.20676468465E+04
4.37400E+00        4.19415029020E+04
4.38000E+00        4.18903496147E+04
4.38600E+00        4.17723137706E+04
4.39200E+00        4.17063535876E+04
4.39800E+00        4.15878863490E+04
4.40400E+00        4.15209095946E+04
4.41000E+00        4.14297786728E+04
4.41600E+00        4.13281809928E+04
4.42200E+00        4.12495053955E+04
4.42800E+00        4.11619764023E+04
4.43400E+00        4.10625594722E+04
4.44000E+00        4.09652446732E+04
4.44600E+00        4.08903736777E+04
4.45200E+00        4.08032409482E+04
4.45800E+00        4.07159467257E+04
4.46400E+00        4.06289261828E+04
4.47000E+00        4.05385521756E+04
4.47600E+00        4.04494560789E+04
4.48200E+00        4.03580690190E+04
4.48800E+00        4.02693945141E+04
4.49400E+00        4.01848623489E+04
4.50000E+00        4.00937985165E+04
4.50600E+00        4.00097363091E+04
4.51200E+00        3.99276137900E+04
4.51800E+00        3.98465647600E+04
4.52400E+00        3.97290352855E+04
4.53000E+00        3.96821886299E+04
4.53600E+00        3.95974579741E+04
4.54200E+00        3.95129069417E+04
4.54800E+00        3.94315087893E+04
4.55400E+00        3.93405737214E+04
4.56000E+00        3.92590043735E+04
4.56600E+00        3.91627551442E+04
4.57200E+00        3.90921158620E+04
4.57800E+00        3.90132194263E+04
4.58400E+00        3.89218332908E+04
4.59000E+00        3.88429347343E+04
4.59600E+00        3.87630122639E+04
4.60200E+00        3.86443323614E+04
4.60800E+00        3.85992463044E+04
4.61400E+00        3.85200893777E+04
4.62000E+00        3.84242200323E+04
4.62600E+00        3.83560094153E+04
4.63200E+00        3.82817741295E+04
4.63800E+00        3.82042996935E+04
4.64400E+00        3.81179500374E+04
4.65000E+00        3.80388237824E+04
4.65600E+00        3.79726111347E+04
4.66200E+00        3.78976427614E+04
4.66800E+00        3.78104738869E+04
4.67400E+00        3.77110083626E+04
4.68000E+00        3.76495892522E+04
4.68600E+00        3.75812090785E+04
4.69200E+00        3.74939186084E+04
4.69800E+00        3.74187971150E+04
4.70400E+00        3.73475752538E+04
4.71000E+00        3.72640843867E+04
4.71600E+00        3.71866305062E+04
4.72200E+00        3.71137154075E+04
4.72800E+00        3.70359616536E+04
4.73400E+00        3.69526255310E+04
4.74000E+00        3.68815182368E+04
4.74600E+00        3.68032936244E+04
4.75200E+00        3.67318815447E+04
4.75800E+00        3.66543373796E+04
4.76400E+00        3.65618845820E+04
4.77000E+00        3.65093577972E+04
4.77600E+00        3.64286186239E+04
4.78200E+00        3.63503079803E+04
4.78800E+00        3.62870529764E+04
4.79400E+00        3.61701818029E+04
4.80000E+00        3.61297449144E+04
4.80600E+00        3.60640082981E+04
4.81200E+00        3.59664610388E+04
4.81800E+00        3.59184257870E+04
4.82400E+00        3.58261809846E+04
4.83000E+00        3.57734987757E+04
4.83600E+00        3.56679359758E+04
4.84200E+00        3.56226015337E+04
4.84800E+00        3.55582271699E+04
4.85400E+00        3.54631560085E+04
4.86000E+00        3.54136677682E+04
4.86600E+00        3.53299736082E+04
4.87200E+00        3.52673475540E+04
4.87800E+00        3.51900213424E+04
4.88400E+00        3.51071722589E+04
4.89000E+00        3.50587139882E+04
4.89600E+00        3.49830892513E+04
4.90200E+00        3.49198469553E+04
4.90800E+00        3.48346367004E+04
4.91400E+00        3.47754161111E+04
4.92000E+00        3.46589586616E+04
4.92600E+00        3.46294728636E+04
4.93200E+00        3.45558365419E+04
4.93800E+00        3.44522439688E+04
4.94400E+00        3.44267370228E+04
4.95000E+00        3.43648301076E+04
4.95600E+00        3.42915236640E+04
4.96200E+00        3.42271506507E+04
4.96800E+00        3.41456385653E+04
4.97400E+00        3.40955623392E+04
4.98000E+00        3.40025368960E+04
4.98600E+00        3.39596986059E+04
4.99200E+00        3.38887929373E+04
4.99800E+00        3.38282093889E+04
5.00400E+00        3.37547908656E+04
5.01000E+00        3.36488563323E+04
5.01600E+00        3.36172766762E+04
5.02200E+00        3.35465239613E+04
5.02800E+00        3.34785222028E+04
5.03400E+00        3.34294740791E+04
5.04000E+00        3.33420805474E+04
5.04600E+00        3.32973755461E+04
5.05200E+00        3.32254662514E+04
5.05800E+00        3.31652798971E+04
5.06400E+00        3.30978577406E+04
5.07000E+00        3.30356506818E+04
5.07600E+00        3.29767573571E+04
5.08200E+00        3.28854501907E+04
5.08800E+00        3.28493943386E+04
5.09400E+00        3.27460768287E+04
5.10000E+00        3.27197600957E+04
5.10600E+00        3.26447823496E+04
5.11200E+00        3.25933070407E+04
5.11800E+00        3.25136840836E+04
5.12400E+00        3.24647219131E+04
5.13000E+00        3.24010760992E+04
5.13600E+00        3.23428486224E+04
5.14200E+00        3.22818981778E+04
5.14800E+00        3.22178051985E+04
5.15400E+00        3.21604622163E+04
5.16000E+00        3.20721786469E+04
5.16600E+00        3.20377337444E+04
5.17200E+00        3.19621114324E+04
5.17800E+00        3.19144946436E+04
5.18400E+00        3.18433425708E+04
5.19000E+00        3.17882096889E+04
5.19600E+00        3.17304066056E+04
5.20200E+00        3.16599825578E+04
5.20800E+00        3.15990096858E+04
5.21400E+00        3.15437491023E+04
5.22000E+00        3.14894501829E+04
5.22600E+00        3.13860456062E+04
5.23200E+00        3.13135437282E+04
5.23800E+00        3.13092411869E+04
5.24400E+00        3.12468338981E+04
5.25000E+00        3.11878690636E+04
5.25600E+00        3.10783144591E+04
5.26200E+00        3.10528278667E+04
5.26800E+00        3.10101782618E+04
5.27400E+00        3.09215895661E+04
5.28000E+00        3.08928226957E+04
5.28600E+00        3.08300660266E+04
5.29200E+00        3.07659307414E+04
5.29800E+00        3.07236819545E+04
5.30400E+00        3.06588949454E+04
5.31000E+00        3.06041413867E+04
5.31600E+00        3.05328100482E+04
5.32200E+00        3.04890173126E+04
5.32800E+00        3.04357987366E+04
5.33400E+00        3.03795804469E+04
5.34000E+00        3.03122545675E+04
5.34600E+00        3.02604459277E+04
5.35200E+00        3.02036700211E+04
5.35800E+00        3.01475244383E+04
5.36400E+00        3.00962148978E+04
5.37000E+00        3.00383838548E+04
5.37600E+00        2.99845327686E+04
5.38200E+00        2.99268208354E+04
5.38800E+00        2.98570513974E+04
5.39400E+00        2.97874322558E+04
5.40000E+00        2.97625298980E+04
5.40600E+00        2.97061362851E+04
5.41200E+00        2.96447753514E+04
5.41800E+00        2.95920211842E+04
5.42400E+00        2.95393278132E+04
5.43000E+00        2.94881284615E+04
5.43600E+00        2.94328977914E+04
5.44200E+00        2.93769173290E+04
5.44800E+00        2.93248699421E+04
5.45400E+00        2.92646657575E+04
5.46000E+00        2.92110693217E+04
5.46600E+00        2.91531907618E+04
5.47200E+00        2.91019674732E+04
5.47800E+00        2.90549577271E+04
5.48400E+00        2.90021916805E+04
5.49000E+00        2.89340040418E+04
5.49600E+00        2.88963075388E+04
5.50200E+00        2.88434788821E+04
5.50800E+00        2.87857763018E+04
5.51400E+00        2.87379259413E+04
5.52000E+00        2.86855665130E+04
5.52600E+00        2.86304073017E+04
5.53200E+00        2.85788827692E+04
5.53800E+00        2.85291032388E+04
5.54400E+00        2.84747773218E+04
5.55000E+00        2.84224769959E+04
5.55600E+00        2.83733868252E+04
5.56200E+00        2.83148670679E+04
5.56800E+00        2.82391055865E+04
5.57400E+00        2.82178849189E+04
5.58000E+00        2.81309501387E+04
5.58600E+00        2.81165457597E+04
5.59200E+00        2.80654346816E+04
5.59800E+00        2.80144251824E+04
5.60400E+00        2.79540299127E+04
5.61000E+00        2.79147761794E+04
5.61600E+00        2.78636630246E+04
5.62200E+00        2.78054761824E+04
5.62800E+00        2.77643649426E+04
5.63400E+00        2.77137107391E+04
5.64000E+00        2.76474284686E+04
5.64600E+00        2.76148578545E+04
5.65200E+00        2.75654484960E+04
5.65800E+00        2.75126855571E+04
5.66400E+00        2.74668634128E+04
5.67000E+00        2.74176395318E+04
5.67600E+00        2.73664171863E+04
5.68200E+00        2.73175994834E+04
5.68800E+00        2.72711194026E+04
5.69400E+00        2.72166986935E+04
5.70000E+00        2.71731211955E+04
5.70600E+00        2.71256645861E+04
5.71200E+00        2.70773193402E+04
5.71800E+00        2.70292087676E+04
5.72400E+00        2.69813587885E+04
5.73000E+00        2.69333721680E+04
5.73600E+00        2.68840838663E+04
5.74200E+00        2.68381835444E+04
5.74800E+00        2.67906320258E+04
5.75400E+00        2.67429447253E+04
5.76000E+00        2.66961007150E+04
5.76600E+00        2.66489865168E+04
5.77200E+00        2.66006755697E+04
5.77800E+00        2.65550728239E+04
5.78400E+00        2.65083783816E+04
5.79000E+00        2.64616864708E+04
5.79600E+00        2.64150236281E+04
5.80200E+00        2.63688697274E+04
5.80800E+00        2.63225203106E+04
5.81400E+00        2.62632582171E+04
5.82000E+00        2.62303971051E+04
5.82600E+00        2.61845499471E+04
5.83200E+00        2.61387169487E+04
5.83800E+00        2.60929827873E+04
5.84400E+00        2.60475614027E+04
5.85000E+00        2.60021208622E+04
5.85600E+00        2.59564156349E+04
5.86200E+00        2.59115968917E+04
5.86800E+00        2.58664481989E+04
5.87400E+00        2.58111636067E+04
5.88000E+00        2.57766912943E+04
5.88600E+00        2.57319277165E+04
5.89200E+00        2.56873428953E+04
5.89800E+00        2.56427316280E+04
5.90400E+00        2.55881224029E+04
5.91000E+00        2.55541571625E+04
5.91600E+00        2.55096580816E+04
5.92200E+00        2.54659266151E+04
5.92800E+00        2.54219959618E+04
5.93400E+00        2.53781582943E+04
5.94000E+00        2.53344512224E+04
5.94600E+00        2.52908364572E+04
5.95200E+00        2.52473514804E+04
5.95800E+00        2.52039455602E+04
5.96400E+00        2.51605119164E+04
5.97000E+00        2.51175078565E+04
5.97600E+00        2.50744626804E+04
5.98200E+00        2.50314890916E+04
5.98800E+00        2.49886616551E+04
5.99400E+00        2.49456689486E+04
6.00000E+00        2.48986267753E+04
6.00600E+00        2.48607967059E+04
6.01200E+00        2.48183818127E+04
6.01800E+00        2.47760738560E+04
6.02400E+00        2.47338909757E+04
6.03000E+00        2.46918019441E+04
6.03600E+00        2.46498126444E+04
6.04200E+00        2.46079288790E+04
6.04800E+00        2.45661503008E+04
6.05400E+00        2.45244949002E+04
6.06000E+00        2.44829256297E+04
6.06600E+00        2.44414605137E+04
6.07200E+00        2.44000870357E+04
6.07800E+00        2.43588656499E+04
6.08400E+00        2.43176927314E+04
6.09000E+00        2.42766226710E+04
6.09600E+00        2.42357276114E+04
6.10200E+00        2.41948802265E+04
6.10800E+00        2.41530209993E+04
6.11400E+00        2.41134964981E+04
6.12000E+00        2.40729534854E+04
6.12600E+00        2.40325112727E+04
6.13200E+00        2.39921874696E+04
6.13800E+00        2.39519458440E+04
6.14400E+00        2.39118040382E+04
6.15000E+00        2.38715534955E+04
6.15600E+00        2.38318423336E+04
6.16200E+00        2.37902014527E+04
6.16800E+00        2.37522522103E+04
6.17400E+00        2.37126046253E+04
6.18000E+00        2.36730549338E+04
6.18600E+00        2.36336028192E+04
6.19200E+00        2.35942656058E+04
6.19800E+00        2.35550135281E+04
6.20400E+00        2.35158522179E+04
6.21000E+00        2.34767872306E+04
6.21600E+00        2.34378182559E+04
6.22200E+00        2.33989449846E+04
6.22800E+00        2.33601845731E+04
6.23400E+00        2.33215017569E+04
6.24000E+00        2.32829021068E+04
6.24600E+00        2.32444259496E+04
6.25200E+00        2.32060265613E+04
6.25800E+00        2.31677210468E+04
6.26400E+00        2.31295091051E+04
6.27000E+00        2.30913904368E+04
6.27600E+00        2.30533819781E+04
6.28200E+00        2.30154489337E+04
6.28800E+00        2.29776139846E+04
6.29400E+00        2.29398653991E+04
6.30000E+00        2.29022086064E+04
6.30600E+00        2.28646433138E+04
6.31200E+00        2.28271692300E+04
6.31800E+00        2.27898031020E+04
6.32400E+00        2.27525105376E+04
6.33000E+00        2.27153083142E+04
6.33600E+00        2.26782017841E+04
6.34200E+00        2.26409762578E+04
6.34800E+00        2.26042464468E+04
6.35400E+00        2.25674027196E+04
6.36000E+00        2.25306479096E+04
6.36600E+00        2.24939817354E+04
6.37200E+00        2.24574039166E+04
6.37800E+00        2.24209365104E+04
6.38400E+00        2.23845010607E+04
6.39000E+00        2.23481866548E+04
6.39600E+00        2.23119928534E+04
6.40200E+00        2.22758526077E+04
6.40800E+00        2.22397990578E+04
6.41400E+00        2.22038319310E+04
6.42000E+00        2.21679509554E+04
6.42600E+00        2.21321613633E+04
6.43200E+00        2.20964518699E+04
6.43800E+00        2.20608277185E+04
6.44400E+00        2.20252886414E+04
6.45000E+00        2.19898343721E+04
6.45600E+00        2.19544646449E+04
6.46200E+00        2.19191791952E+04
6.46800E+00        2.18839941191E+04
6.47400E+00        2.18488818412E+04
6.48000E+00        2.18138476118E+04
6.48600E+00        2.17788966118E+04
6.49200E+00        2.17440285817E+04
6.49800E+00        2.17092432627E+04
6.50400E+00        2.16745403975E+04
6.51000E+00        2.16399197293E+04
6.51600E+00        2.16053863747E+04
6.52200E+00        2.15709132010E+04
6.52800E+00        2.15365537111E+04
6.53400E+00        2.15022592763E+04
6.54000E+00        2.14680457703E+04
6.54600E+00        2.14339129423E+04
6.55200E+00        2.13998605423E+04
6.55800E+00        2.13658936341E+04
6.56400E+00        2.13320013362E+04
6.57000E+00        2.12981887227E+04
6.57600E+00        2.12644555475E+04
6.58200E+00        2.12308015654E+04
6.58800E+00        2.11972265322E+04
6.59400E+00        2.11637354669E+04
6.60000E+00        2.11303175943E+04
6.60600E+00        2.10969779437E+04
6.61200E+00        2.10637162744E+04
6.61800E+00        2.10305323468E+04
6.62400E+00        2.09974259222E+04
6.63000E+00        2.09644019754E+04
6.63600E+00        2.09314498360E+04
6.64200E+00        2.08985744890E+04
6.64800E+00        2.08657912966E+04
6.65400E+00        2.08330688050E+04
6.66000E+00        2.08004275746E+04
6.66600E+00        2.07678570215E+04
6.67200E+00        2.07353620937E+04
6.67800E+00        2.07029425606E+04
6.68400E+00        2.06705981922E+04
6.69000E+00        2.06383287596E+04
6.69600E+00        2.06061237545E+04
6.70200E+00        2.05740189048E+04
6.70800E+00        2.05419729056E+04
6.71400E+00        2.05100009345E+04
6.72000E+00        2.04781078582E+04
6.72600E+00        2.04462832618E+04
6.73200E+00        2.04145320217E+04
6.73800E+00        2.03828539156E+04
6.74400E+00        2.03512487220E+04
6.75000E+00        2.03197212723E+04
6.75600E+00        2.02882612348E+04
6.76200E+00        2.02568734503E+04
6.76800E+00        2.02255577008E+04
6.77400E+00        2.01943187896E+04
6.78000E+00        2.01631313790E+04
6.78600E+00        2.01320454971E+04
6.79200E+00        2.01010157137E+04
6.79800E+00        2.00700468741E+04
6.80400E+00        2.00391588048E+04
6.81000E+00        2.00083562215E+04
6.81600E+00        1.99776089775E+04
6.82200E+00        1.99469218901E+04
6.82800E+00        1.99163146656E+04
6.83400E+00        1.98857771287E+04
6.84000E+00        1.98553140070E+04
6.84600E+00        1.98249152122E+04
6.85200E+00        1.97945854811E+04
6.85800E+00        1.97643246073E+04
6.86400E+00        1.97341372914E+04
6.87000E+00        1.97040135086E+04
6.87600E+00        1.96739579684E+04
6.88200E+00        1.96439704675E+04
6.88800E+00        1.96140556796E+04
6.89400E+00        1.95842036426E+04
6.90000E+00        1.95544190391E+04
6.90600E+00        1.95247065229E+04
6.91200E+00        1.94950561787E+04
6.91800E+00        1.94654726689E+04
6.92400E+00        1.94359557953E+04
6.93000E+00        1.94065101852E+04
6.93600E+00        1.93771259850E+04
6.94200E+00        1.93478078307E+04
6.94800E+00        1.93185603297E+04
6.95400E+00        1.92893736744E+04
6.96000E+00        1.92602524810E+04
6.96600E+00        1.92311821820E+04
6.97200E+00        1.92021961290E+04
6.97800E+00        1.91732701792E+04
6.98400E+00        1.91444089224E+04
6.99000E+00        1.91156169207E+04
6.99600E+00        1.90868844723E+04
7.00200E+00        1.90582161478E+04
7.00800E+00        1.90296164896E+04
7.01400E+00        1.90010758412E+04
7.02000E+00        1.89725987534E+04
7.02600E+00        1.89441850400E+04
7.03200E+00        1.89158392178E+04
7.03800E+00        1.88875516897E+04
7.04400E+00        1.88593269809E+04
7.05000E+00        1.88311695892E+04
7.05600E+00        1.88030699616E+04
7.06200E+00        1.87750185712E+04
7.06800E+00        1.87470479840E+04
7.07400E+00        1.87191346366E+04
7.08000E+00        1.86912830163E+04
7.08600E+00        1.86634975830E+04
7.09200E+00        1.86357688713E+04
7.09800E+00        1.86081013492E+04
7.10400E+00        1.85804994582E+04
7.11000E+00        1.85529537759E+04
7.11600E+00        1.85254687517E+04
7.12200E+00        1.84980488083E+04
7.12800E+00        1.84706707612E+04
7.13400E+00        1.84433666719E+04
7.14000E+00        1.84161225408E+04
7.14600E+00        1.83889427659E+04
7.15200E+00        1.83618180246E+04
7.15800E+00        1.83347527230E+04
7.16400E+00        1.83077512408E+04
7.17000E+00        1.82808042977E+04
7.17600E+00        1.82539162814E+04
7.18200E+00        1.82270779303E+04
7.18800E+00        1.82003072722E+04
7.19400E+00        1.81735950334E+04
7.20000E+00        1.81469455571E+04
7.20600E+00        1.81203496468E+04
7.21200E+00        1.80938116537E+04
7.21800E+00        1.80673359029E+04
7.22400E+00        1.80409132395E+04
7.23000E+00        1.80145345326E+04
7.23600E+00        1.79882265651E+04
7.24200E+00        1.79619801549E+04
7.24800E+00        1.79357862018E+04
7.25400E+00        1.79096490146E+04
7.26000E+00        1.78835728771E+04
7.26600E+00        1.78575487299E+04
7.27200E+00        1.78315808640E+04
7.27800E+00        1.78056735454E+04
7.28400E+00        1.77798044669E+04
7.29000E+00        1.77540044979E+04
7.29600E+00        1.77282601719E+04
7.30200E+00        1.77025757315E+04
7.30800E+00        1.76769422113E+04
7.31400E+00        1.76513638613E+04
7.32000E+00        1.76258317334E+04
7.32600E+00        1.76003632675E+04
7.33200E+00        1.75749495038E+04
7.33800E+00        1.75495902875E+04
7.34400E+00        1.75242898204E+04
7.35000E+00        1.74990392300E+04
7.35600E+00        1.74738296661E+04
7.36200E+00        1.74486914511E+04
7.36800E+00        1.74236026733E+04
7.37400E+00        1.73985675247E+04
7.38000E+00        1.73735858543E+04
7.38600E+00        1.73486618240E+04
7.39200E+00        1.73237737052E+04
7.39800E+00        1.72989515800E+04
7.40400E+00        1.72741823334E+04
7.41000E+00        1.72494701049E+04
7.41600E+00        1.72248061646E+04
7.42200E+00        1.72001818043E+04
7.42800E+00        1.71756226046E+04
7.43400E+00        1.71511198095E+04
7.44000E+00        1.71266647399E+04
7.44600E+00        1.71022615201E+04
7.45200E+00        1.70778972417E+04
7.45800E+00        1.70536015440E+04
7.46400E+00        1.70293530172E+04
7.47000E+00        1.70051557631E+04
7.47600E+00        1.69809969481E+04
7.48200E+00        1.69569018289E+04
7.48800E+00        1.69328617638E+04
7.49400E+00        1.69088681873E+04
7.50000E+00        1.68849251734E+04
7.50600E+00        1.68610199806E+04
7.51200E+00        1.68371818737E+04
7.51800E+00        1.68133897179E+04
7.52400E+00        1.67896475653E+04
7.53000E+00        1.67659427475E+04
7.53600E+00        1.67423002035E+04
7.54200E+00        1.67187114040E+04
7.54800E+00        1.66951678942E+04
7.55400E+00        1.66716612400E+04
7.56000E+00        1.66482162409E+04
7.56600E+00        1.66248244168E+04
7.57200E+00        1.66014773616E+04
7.57800E+00        1.65781666895E+04
7.58400E+00        1.65549170619E+04
7.59000E+00        1.65317159381E+04
7.59600E+00        1.65085631847E+04
7.60200E+00        1.64854504464E+04
7.60800E+00        1.64623940464E+04
7.61400E+00        1.64393856188E+04
7.62000E+00        1.64164250319E+04
7.62600E+00        1.63934999035E+04
7.63200E+00        1.63706386909E+04
7.63800E+00        1.63478208518E+04
7.64400E+00        1.63250503309E+04
7.65000E+00        1.63023148159E+04
7.65600E+00        1.62796385604E+04
7.66200E+00        1.62570092359E+04
7.66800E+00        1.62344186176E+04
7.67400E+00        1.62118827822E+04
7.68000E+00        1.61893934946E+04
7.68600E+00        1.61669506278E+04
7.69200E+00        1.61445419905E+04
7.69800E+00        1.61221916030E+04
7.70400E+00        1.60998912598E+04
7.71000E+00        1.60776208121E+04
7.71600E+00        1.60554081883E+04
7.72200E+00        1.60332412327E+04
7.72800E+00        1.60111078564E+04
7.73400E+00        1.59890318823E+04
7.74000E+00        1.59670051746E+04
7.74600E+00        1.59450077520E+04
7.75200E+00        1.59230673139E+04
7.75800E+00        1.59011718065E+04
7.76400E+00        1.58793092419E+04
7.77000E+00        1.58575032482E+04
7.77600E+00        1.58357418218E+04
7.78200E+00        1.58140169557E+04
7.78800E+00        1.57923443145E+04
7.79400E+00        1.57707158812E+04
7.80000E+00        1.57491197676E+04
7.80600E+00        1.57275794091E+04
7.81200E+00        1.57060829024E+04
7.81800E+00        1.56846184087E+04
7.82400E+00        1.56632131613E+04
7.83000E+00        1.56418475147E+04
7.83600E+00        1.56205135778E+04
7.84200E+00        1.55992345957E+04
7.84800E+00        1.55779987639E+04
7.85400E+00        1.55567943416E+04
7.86000E+00        1.55356444797E+04
7.86600E+00        1.55145412786E+04
7.87200E+00        1.54934653286E+04
7.87800E+00        1.54724435483E+04
7.88400E+00        1.54514526842E+04
7.89000E+00        1.54305157312E+04
7.89600E+00        1.54096210145E+04
7.90200E+00        1.53887569222E+04
7.90800E+00        1.53679501761E+04
7.91400E+00        1.53471815048E+04
7.92000E+00        1.53264431691E+04
7.92600E+00        1.53057579789E+04
7.93200E+00        1.52851029334E+04
7.93800E+00        1.52645007813E+04
7.94400E+00        1.52439399753E+04
7.95000E+00        1.52234090302E+04
7.95600E+00        1.52029306035E+04
7.96200E+00        1.51824969686E+04
7.96800E+00        1.51620891351E+04
7.97400E+00        1.51417334483E+04
7.98000E+00        1.51214071560E+04
7.98600E+00        1.51011327644E+04
7.99200E+00        1.50808875830E+04
7.99800E+00        1.50606940581E+04
8.00400E+00        1.50405407992E+04
8.01000E+00        1.50204164762E+04
8.01600E+00        1.50003434461E+04
8.02200E+00        1.49803028941E+04
8.02800E+00        1.49603096663E+04
8.03400E+00        1.49403561774E+04
8.04000E+00        1.49204311740E+04
8.04600E+00        1.49005568649E+04
8.05200E+00        1.48807108633E+04
8.05800E+00        1.48609153193E+04
8.06400E+00        1.48411479058E+04
8.07000E+00        1.48214307145E+04
8.07600E+00        1.48017525385E+04
8.08200E+00        1.47821022302E+04
8.08800E+00        1.47625017937E+04
8.09400E+00        1.47429327153E+04
8.10000E+00        1.47234096078E+04
8.10600E+00        1.47039140217E+04
8.11200E+00        1.46844678452E+04
8.11800E+00        1.46650490187E+04
8.12400E+00        1.46456793729E+04
8.13000E+00        1.46263478358E+04
8.13600E+00        1.46070433937E+04
8.14200E+00        1.45877877915E+04
8.14800E+00        1.45685591159E+04
8.15400E+00        1.45493790547E+04
8.16000E+00        1.45302257527E+04
8.16600E+00        1.45111244475E+04
8.17200E+00        1.44920461241E+04
8.17800E+00        1.44730159683E+04
8.18400E+00        1.44540122405E+04
8.19000E+00        1.44350564589E+04
8.19600E+00        1.44161269414E+04
8.20200E+00        1.43972451500E+04
8.20800E+00        1.43784002034E+04
8.21400E+00        1.43595812772E+04
8.22000E+00        1.43408097495E+04
8.22600E+00        1.43220640810E+04
8.23200E+00        1.43033655944E+04
8.23800E+00        1.42846928068E+04
8.24400E+00        1.42660669857E+04
8.25000E+00        1.42474702456E+04
8.25600E+00        1.42289167124E+04
8.26200E+00        1.42103885614E+04
8.26800E+00        1.41919069499E+04
8.27400E+00        1.41734505639E+04
8.28000E+00        1.41550405058E+04
8.28600E+00        1.41366555174E+04
8.29200E+00        1.41183166468E+04
8.29800E+00        1.41000026911E+04
8.30400E+00        1.40817346441E+04
8.31000E+00        1.40634913584E+04
8.31600E+00        1.40452937736E+04
8.32200E+00        1.40271207976E+04
8.32800E+00        1.40089933160E+04
8.33400E+00        1.39908902915E+04
8.34000E+00        1.39728325562E+04
8.34600E+00        1.39547991274E+04
8.35200E+00        1.39368107837E+04
8.35800E+00        1.39188500561E+04
8.36400E+00        1.39009307472E+04
8.37000E+00        1.38830354467E+04
8.37600E+00        1.38651744672E+04
8.38200E+00        1.38473580680E+04
8.38800E+00        1.38295654563E+04
8.39400E+00        1.38118172250E+04
8.40000E+00        1.37940926351E+04
8.40600E+00        1.37764122270E+04
8.41200E+00        1.37587553153E+04
8.41800E+00        1.37411423878E+04
8.42400E+00        1.37235528126E+04
8.43000E+00        1.37060070255E+04
8.43600E+00        1.36884844473E+04
8.44200E+00        1.36710054621E+04
8.44800E+00        1.36535495438E+04
8.45400E+00        1.36361268360E+04
8.46000E+00        1.36187474305E+04
8.46600E+00        1.36013908804E+04
8.47200E+00        1.35840774403E+04
8.47800E+00        1.35667867158E+04
8.48400E+00        1.35495389102E+04
8.49000E+00        1.35323136811E+04
8.49600E+00        1.35151311810E+04
8.50200E+00        1.34979711195E+04
8.50800E+00        1.34808535981E+04
8.51400E+00        1.34637583781E+04
8.52000E+00        1.34466954638E+04
8.52600E+00        1.34296748082E+04
8.53200E+00        1.34126762502E+04
8.53800E+00        1.33957197648E+04
8.54400E+00        1.33787852423E+04
8.55000E+00        1.33618959279E+04
8.55600E+00        1.33450218013E+04
8.56200E+00        1.33281860529E+04
8.56800E+00        1.33113886002E+04
8.57400E+00        1.32946127772E+04
8.58000E+00        1.32778783839E+04
8.58600E+00        1.32611654885E+04
8.59200E+00        1.32444839461E+04
8.59800E+00        1.32278435617E+04
8.60400E+00        1.32112244793E+04
8.61000E+00        1.31946463754E+04
8.61600E+00        1.31780894439E+04
8.62200E+00        1.31615634786E+04
8.62800E+00        1.31450782241E+04
8.63400E+00        1.31286139493E+04
8.64000E+00        1.31121902081E+04
8.64600E+00        1.30957873192E+04
8.65200E+00        1.30794247878E+04
8.65800E+00        1.30630829822E+04
8.66400E+00        1.30467716114E+04
8.67000E+00        1.30305003357E+04
8.67600E+00        1.30142495975E+04
8.68200E+00        1.29980387809E+04
8.68800E+00        1.29818483772E+04
8.69400E+00        1.29656880356E+04
8.70000E+00        1.29495673571E+04
8.70600E+00        1.29334669063E+04
8.71200E+00        1.29174059475E+04
8.71800E+00        1.29013650938E+04
8.72400E+00        1.28853539352E+04
8.73000E+00        1.28693820137E+04
8.73600E+00        1.28534300152E+04
8.74200E+00        1.28375074942E+04
8.74800E+00        1.28216239577E+04
8.75400E+00        1.28057601637E+04
8.76000E+00        1.27899351870E+04
8.76600E+00        1.27741298335E+04
8.77200E+00        1.27583535991E+04
8.77800E+00        1.27426159332E+04
8.78400E+00        1.27268977128E+04
8.79000E+00        1.27112083992E+04
8.79600E+00        1.26955574071E+04
8.80200E+00        1.26799256848E+04
8.80800E+00        1.26643321205E+04
8.81400E+00        1.26487577096E+04
8.82000E+00        1.26332118560E+04
8.82600E+00        1.26177039170E+04
8.83200E+00        1.26022149585E+04
8.83800E+00        1.25867543499E+04
8.84400E+00        1.25713314146E+04
8.85000E+00        1.25559272885E+04
8.85600E+00        1.25405513069E+04
8.86200E+00        1.25252127593E+04
8.86800E+00        1.25098928512E+04
8.87400E+00        1.24946102187E+04
8.88000E+00        1.24793461136E+04
8.88600E+00        1.24641098148E+04
8.89200E+00        1.24489105555E+04
8.89800E+00        1.24337296568E+04
8.90400E+00        1.24185763637E+04
8.91000E+00        1.24034598763E+04
8.91600E+00        1.23883615840E+04
8.92200E+00        1.23732876241E+04
8.92800E+00        1.23582563871E+04
8.93400E+00        1.23432401070E+04
8.94000E+00        1.23282510368E+04
8.94600E+00        1.23132983102E+04
8.95200E+00        1.22983634531E+04
8.95800E+00        1.22834556106E+04
8.96400E+00        1.22685838836E+04
8.97000E+00        1.22537268206E+04
8.97600E+00        1.22389026685E+04
8.98200E+00        1.22241083234E+04
8.98800E+00        1.22093345692E+04
8.99400E+00        1.21945874445E+04
9.00000E+00        1.21798759848E+04
9.00600E+00        1.21651819173E+04
9.01200E+00        1.21505142892E+04
9.01800E+00        1.21358821037E+04
9.02400E+00        1.21212671544E+04
9.03000E+00        1.21066784560E+04
9.03600E+00        1.20921249798E+04
9.04200E+00        1.20775885852E+04
9.04800E+00        1.20630782548E+04
9.05400E+00        1.20486029278E+04
9.06000E+00        1.20341475197E+04
9.06600E+00        1.20197149968E+04
9.07200E+00        1.20053172603E+04
9.07800E+00        1.19909333214E+04
9.08400E+00        1.19765780612E+04
9.09000E+00        1.19622484358E+04
9.09600E+00        1.19479533104E+04
9.10200E+00        1.19336747623E+04
9.10800E+00        1.19194246293E+04
9.11400E+00        1.19052058183E+04
9.12000E+00        1.18910034363E+04
9.12600E+00        1.18768263280E+04
9.13200E+00        1.18626803483E+04
9.13800E+00        1.18485565461E+04
9.14400E+00        1.18344548918E+04
9.15000E+00        1.18203871044E+04
9.15600E+00        1.18063354538E+04
9.16200E+00        1.17923087222E+04
9.16800E+00        1.17783068510E+04
9.17400E+00        1.17643385704E+04
9.18000E+00        1.17503862348E+04
9.18600E+00        1.17364585851E+04
9.19200E+00        1.17225643206E+04
9.19800E+00        1.17086858589E+04
9.20400E+00        1.16948319101E+04
9.21000E+00        1.16810111429E+04
9.21600E+00        1.16672060375E+04
9.22200E+00        1.16534252735E+04
9.22800E+00        1.16396687939E+04
9.23400E+00        1.16259452272E+04
9.24000E+00        1.16122371364E+04
9.24600E+00        1.15985531605E+04
9.25200E+00        1.15849018977E+04
9.25800E+00        1.15712659731E+04
9.26400E+00        1.15576539953E+04
9.27000E+00        1.15440659086E+04
9.27600E+00        1.15305102711E+04
9.28200E+00        1.15169697901E+04
9.28800E+00        1.15034530340E+04
9.29400E+00        1.14899685311E+04
9.30000E+00        1.14764990498E+04
9.30600E+00        1.14630531288E+04
9.31200E+00        1.14496307134E+04
9.31800E+00        1.14362402923E+04
9.32400E+00        1.14228647151E+04
9.33000E+00        1.14095124806E+04
9.33600E+00        1.13961920482E+04
9.34200E+00        1.13828863277E+04
9.34800E+00        1.13696066136E+04
9.35400E+00        1.13563471990E+04
9.36000E+00        1.13431193325E+04
9.36600E+00        1.13299060039E+04
9.37200E+00        1.13167156435E+04
9.37800E+00        1.13035481986E+04
9.38400E+00        1.12904120504E+04
9.39000E+00        1.12772902683E+04
9.39600E+00        1.12641912438E+04
9.40200E+00        1.12511149247E+04
9.40800E+00        1.12380696536E+04
9.41400E+00        1.12250385790E+04
9.42000E+00        1.12120300538E+04
9.42600E+00        1.11990523919E+04
9.43200E+00        1.11860888007E+04
9.43800E+00        1.11731503802E+04
9.44400E+00        1.11602315238E+04
9.45000E+00        1.11473432868E+04
9.45600E+00        1.11344689544E+04
9.46200E+00        1.11216168125E+04
9.46800E+00        1.11087868104E+04
9.47400E+00        1.10959871863E+04
9.48000E+00        1.10832013028E+04
9.48600E+00        1.10704374080E+04
9.49200E+00        1.10576954517E+04
9.49800E+00        1.10449836345E+04
9.50400E+00        1.10322853960E+04
9.51000E+00        1.10196116845E+04
9.51600E+00        1.10069651936E+04
9.52200E+00        1.09943321612E+04
9.52800E+00        1.09817207696E+04
9.53400E+00        1.09691309698E+04
9.54000E+00        1.09565708971E+04
9.54600E+00        1.09440241245E+04
9.55200E+00        1.09314987971E+04
9.55800E+00        1.09189948663E+04
9.56400E+00        1.09065204306E+04
9.57000E+00        1.08940591384E+04
9.57600E+00        1.08816218016E+04
9.58200E+00        1.08692029617E+04
9.58800E+00        1.08568052776E+04
9.59400E+00        1.08444368020E+04
9.60000E+00        1.08320812770E+04
9.60600E+00        1.08197467649E+04
9.61200E+00        1.08074332182E+04
9.61800E+00        1.07951486536E+04
9.62400E+00        1.07828768873E+04
9.63000E+00        1.07706259451E+04
9.63600E+00        1.07583957804E+04
9.64200E+00        1.07461943734E+04
9.64800E+00        1.07340082812E+04
9.65400E+00        1.07218401568E+04
9.66000E+00        1.07096926237E+04
9.66600E+00        1.06975736265E+04
9.67200E+00        1.06854671286E+04
9.67800E+00        1.06733810839E+04
9.68400E+00        1.06613154465E+04
9.69000E+00        1.06492701709E+04
9.69600E+00        1.06372531571E+04
9.70200E+00        1.06252484594E+04
9.70800E+00        1.06132639871E+04
9.71400E+00        1.06013023290E+04
9.72000E+00        1.05893581692E+04
9.72600E+00        1.05774420007E+04
9.73200E+00        1.05655379679E+04
9.73800E+00        1.05536539359E+04
9.74400E+00        1.05417898603E+04
9.75000E+00        1.05299535619E+04
9.75600E+00        1.05181292569E+04
9.76200E+00        1.05063247752E+04
9.76800E+00        1.04945400729E+04
9.77400E+00        1.04827751060E+04
9.78000E+00        1.04710402536E+04
9.78600E+00        1.04593146145E+04
9.79200E+00        1.04476085798E+04
9.79800E+00        1.04359221059E+04
9.80400E+00        1.04242551496E+04
9.81000E+00        1.04126154454E+04
9.81600E+00        1.04009873860E+04
9.82200E+00        1.03893787148E+04
9.82800E+00        1.03777893891E+04
9.83400E+00        1.03662219415E+04
9.84000E+00        1.03546789100E+04
9.84600E+00        1.03431473530E+04
9.85200E+00        1.03316349712E+04
9.85800E+00        1.03201417223E+04
9.86400E+00        1.03086675641E+04
9.87000E+00        1.02972201460E+04
9.87600E+00        1.02857840347E+04
9.88200E+00        1.02743668883E+04
9.88800E+00        1.02629712149E+04
9.89400E+00        1.02515918706E+04
9.90000E+00        1.02402390154E+04
9.90600E+00        1.02288973016E+04
9.91200E+00        1.02175743454E+04
9.91800E+00        1.02062701057E+04
9.92400E+00        1.01949845414E+04
9.93000E+00        1.01837252182E+04
9.93600E+00        1.01724768738E+04
9.94200E+00        1.01612496068E+04
9.94800E+00        1.01500383251E+04
9.95400E+00        1.01388455154E+04
9.96000E+00        1.01276711373E+04
9.96600E+00        1.01165227070E+04
9.97200E+00        1.01053850632E+04
9.97800E+00        1.00942657307E+04
9.98400E+00        1.00831646695E+04
9.99000E+00        1.00720818398E+04
9.99600E+00        1.00610197014E+04
1.00020E+01        1.00499807195E+04
1.00080E+01        1.00389523355E+04
1.00140E+01        1.00279420248E+04
1.00200E+01        1.00169497482E+04
1.00260E+01        1.00059754665E+04
1.00320E+01        9.99502660600E+03
1.00380E+01        9.98408818875E+03
1.00440E+01        9.97317012717E+03
1.00500E+01        9.96226742446E+03
1.00560E+01        9.95138252236E+03
1.00620E+01        9.94051538232E+03
1.00680E+01        9.92967338252E+03
1.00740E+01        9.91884164330E+03
1.00800E+01        9.90802755114E+03
1.00860E+01        9.89723106793E+03
1.00920E+01        9.88645461173E+03
1.00980E+01        9.87569322972E+03
1.01040E+01        9.86495671109E+03
1.01100E+01        9.85423027366E+03
1.01160E+01        9.84352125605E+03
1.01220E+01        9.83282962075E+03
1.01280E+01        9.82215533032E+03
1.01340E+01        9.81149834746E+03
1.01400E+01        9.80086106977E+03
1.01460E+01        9.79024590018E+03
1.01520E+01        9.77964060650E+03
1.01580E+01        9.76905247210E+03
1.01640E+01        9.75848146017E+03
1.01700E+01        9.74792753397E+03
1.01760E+01        9.73739065687E+03
1.01820E+01        9.72687805732E+03
1.01880E+01        9.71637516108E+03
1.01940E+01        9.70589161585E+03
1.02000E+01        9.69542256039E+03
1.02060E+01        9.68497037235E+03
1.02120E+01        9.67453501569E+03
1.02180E+01        9.66411645446E+03
1.02240E+01        9.65372186308E+03
1.02300E+01        9.64333677746E+03
1.02360E+01        9.63296838000E+03
1.02420E+01        9.62261902560E+03
1.02480E+01        9.61228389524E+03
1.02540E+01        9.60196534660E+03
1.02600E+01        9.59166334439E+03
1.02660E+01        9.58137785340E+03
1.02720E+01        9.57111598706E+03
1.02780E+01        9.56086340565E+03
1.02840E+01        9.55062723044E+03
1.02900E+01        9.54040742661E+03
1.02960E+01        9.53020632693E+03
1.03020E+01        9.52001915920E+03
1.03080E+01        9.50984825892E+03
1.03140E+01        9.49970068676E+03
1.03200E+01        9.48956221050E+03
1.03260E+01        9.47943989859E+03
1.03320E+01        9.46933371684E+03
1.03380E+01        9.45924363114E+03
1.03440E+01        9.44916960748E+03
1.03500E+01        9.43911161196E+03
1.03560E+01        9.42907195308E+03
1.03620E+01        9.41905294473E+03
1.03680E+01        9.40904282096E+03
1.03740E+01        9.39904859053E+03
1.03800E+01        9.38907021995E+03
1.03860E+01        9.37910767585E+03
1.03920E+01        9.36916092492E+03
1.03980E+01        9.35922993393E+03
1.04040E+01        9.34931466976E+03
1.04100E+01        9.33941741944E+03
1.04160E+01        9.32954047531E+03
1.04220E+01        9.31967218385E+03
1.04280E+01        9.30981948756E+03
1.04340E+01        9.29998235375E+03
1.04400E+01        9.29016074980E+03
1.04460E+01        9.28035464318E+03
1.04520E+01        9.27056400144E+03
1.04580E+01        9.26078879223E+03
1.04640E+01        9.25102898327E+03
1.04700E+01        9.24128454237E+03
1.04760E+01        9.23156462532E+03
1.04820E+01        9.22185081461E+03
1.04880E+01        9.21215227589E+03
1.04940E+01        9.20246897730E+03
1.05000E+01        9.19280088708E+03
1.05060E+01        9.18314797351E+03
1.05120E+01        9.17351020500E+03
1.05180E+01        9.16388755001E+03
1.05240E+01        9.15427997708E+03
1.05300E+01        9.14469428458E+03
1.05360E+01        9.13511677461E+03
1.05420E+01        9.12555425287E+03
1.05480E+01        9.11600895275E+03
1.05540E+01        9.10647631178E+03
1.05600E+01        9.09695856591E+03
1.05660E+01        9.08745568425E+03
1.05720E+01        9.07796763599E+03
1.05780E+01        9.06849439040E+03
1.05840E+01        9.05903591685E+03
1.05900E+01        9.04959218475E+03
1.05960E+01        9.04016316363E+03
1.06020E+01        9.03074882307E+03
1.06080E+01        9.02135587023E+03
1.06140E+01        9.01197079286E+03
1.06200E+01        9.00260254161E+03
1.06260E+01        8.99324661142E+03
1.06320E+01        8.98390521093E+03
1.06380E+01        8.97457831018E+03
1.06440E+01        8.96526587930E+03
1.06500E+01        8.95596788851E+03
1.06560E+01        8.94668430809E+03
1.06620E+01        8.93741510840E+03
1.06680E+01        8.92816025987E+03
1.06740E+01        8.91891973302E+03
1.06800E+01        8.90969349842E+03
1.06860E+01        8.90048817390E+03
1.06920E+01        8.89129042902E+03
1.06980E+01        8.88210688862E+03
1.07040E+01        8.87293752359E+03
1.07100E+01        8.86378230490E+03
1.07160E+01        8.85464120357E+03
1.07220E+01        8.84551419071E+03
1.07280E+01        8.83640123750E+03
1.07340E+01        8.82730450793E+03
1.07400E+01        8.81821958561E+03
1.07460E+01        8.80914863692E+03
1.07520E+01        8.80009163336E+03
1.07580E+01        8.79104854645E+03
1.07640E+01        8.78201934782E+03
1.07700E+01        8.77300400915E+03
1.07760E+01        8.76400250222E+03
1.07820E+01        8.75501479885E+03
1.07880E+01        8.74604087094E+03
1.07940E+01        8.73708069048E+03
1.08000E+01        8.72814074780E+03
1.08060E+01        8.71920797176E+03
1.08120E+01        8.71028885951E+03
1.08180E+01        8.70138338334E+03
1.08240E+01        8.69249151555E+03
1.08300E+01        8.68361322855E+03
1.08360E+01        8.67474849480E+03
1.08420E+01        8.66589728685E+03
1.08480E+01        8.65705957729E+03
1.08540E+01        8.64823533881E+03
1.08600E+01        8.63942454415E+03
1.08660E+01        8.63062716612E+03
1.08720E+01        8.62184317760E+03
1.08780E+01        8.61307255154E+03
1.08840E+01        8.60431526096E+03
1.08900E+01        8.59557127893E+03
1.08960E+01        8.58684057863E+03
1.09020E+01        8.57812313325E+03
1.09080E+01        8.56941891610E+03
1.09140E+01        8.56072790053E+03
1.09200E+01        8.55205005994E+03
1.09260E+01        8.54338536785E+03
1.09320E+01        8.53473379778E+03
1.09380E+01        8.52609532338E+03
1.09440E+01        8.51746991831E+03
1.09500E+01        8.50885755634E+03
1.09560E+01        8.50025821128E+03
1.09620E+01        8.49167185701E+03
1.09680E+01        8.48309846748E+03
1.09740E+01        8.47454645044E+03
1.09800E+01        8.46599680109E+03
1.09860E+01        8.45745582778E+03
1.09920E+01        8.44893403798E+03
1.09980E+01        8.44042508364E+03
1.10040E+01        8.43192893907E+03
1.10100E+01        8.42345186921E+03
1.10160E+01        8.41498126114E+03
1.10220E+01        8.40652338625E+03
1.10280E+01        8.39807821913E+03
1.10340E+01        8.38964573442E+03
1.10400E+01        8.38122590685E+03
1.10460E+01        8.37281871119E+03
1.10520E+01        8.36442412228E+03
1.10580E+01        8.35604211503E+03
1.10640E+01        8.34767266440E+03
1.10700E+01        8.33931574541E+03
1.10760E+01        8.33097133315E+03
1.10820E+01        8.32263940278E+03
1.10880E+01        8.31431992950E+03
1.10940E+01        8.30601288859E+03
1.11000E+01        8.29771825538E+03
1.11060E+01        8.28943600527E+03
1.11120E+01        8.28116611370E+03
1.11180E+01        8.27290855621E+03
1.11240E+01        8.26466330835E+03
1.11300E+01        8.25642418010E+03
1.11360E+01        8.24820348464E+03
1.11420E+01        8.23999502590E+03
1.11480E+01        8.23179877970E+03
1.11540E+01        8.22362086306E+03
1.11600E+01        8.21544282847E+03
1.11660E+01        8.20728307537E+03
1.11720E+01        8.19913543866E+03
1.11780E+01        8.19099989446E+03
1.11840E+01        8.18287641893E+03
1.11900E+01        8.17476498830E+03
1.11960E+01        8.16666557886E+03
1.12020E+01        8.15857816695E+03
1.12080E+01        8.15050272898E+03
1.12140E+01        8.14243924141E+03
1.12200E+01        8.13438768074E+03
1.12260E+01        8.12634802357E+03
1.12320E+01        8.11832024652E+03
1.12380E+01        8.11030231183E+03
1.12440E+01        8.10229822714E+03
1.12500E+01        8.09430595281E+03
1.12560E+01        8.08632546569E+03
1.12620E+01        8.07835674271E+03
1.12680E+01        8.07039976083E+03
1.12740E+01        8.06245449709E+03
1.12800E+01        8.05452092857E+03
1.12860E+01        8.04659903241E+03
1.12920E+01        8.03868878581E+03
1.12980E+01        8.03079016601E+03
1.13040E+01        8.02290315032E+03
1.13100E+01        8.01502771611E+03
1.13160E+01        8.00716384079E+03
1.13220E+01        7.99931150184E+03
1.13280E+01        7.99147067677E+03
1.13340E+01        7.98364134317E+03
1.13400E+01        7.97582347868E+03
1.13460E+01        7.96801706098E+03
1.13520E+01        7.96021414642E+03
1.13580E+01        7.95243056334E+03
1.13640E+01        7.94465836044E+03
1.13700E+01        7.93689751561E+03
1.13760E+01        7.92914800682E+03
1.13820E+01        7.92140981207E+03
1.13880E+01        7.91368290943E+03
1.13940E+01        7.90596727702E+03
1.14000E+01        7.89826289300E+03
1.14060E+01        7.89056973559E+03
1.14120E+01        7.88288778308E+03
1.14180E+01        7.87521701379E+03
1.14240E+01        7.86755740609E+03
1.14300E+01        7.85990698623E+03
1.14360E+01        7.85226963897E+03
1.14420E+01        7.84464338876E+03
1.14480E+01        7.83702821417E+03
1.14540E+01        7.82942409386E+03
1.14600E+01        7.82183100650E+03
1.14660E+01        7.81424309568E+03
1.14720E+01        7.80667201616E+03
1.14780E+01        7.79911190597E+03
1.14840E+01        7.79156274398E+03
1.14900E+01        7.78402450916E+03
1.14960E+01        7.77649718048E+03
1.15020E+01        7.76897880741E+03
1.15080E+01        7.76147323008E+03
1.15140E+01        7.75397849618E+03
1.15200E+01        7.74649458491E+03
1.15260E+01        7.73902147550E+03
1.15320E+01        7.73155914725E+03
1.15380E+01        7.72410757950E+03
1.15440E+01        7.71666098943E+03
1.15500E+01        7.70923088647E+03
1.15560E+01        7.70181148232E+03
1.15620E+01        7.69440275652E+03
1.15680E+01        7.68700277945E+03
1.15740E+01        7.67961535101E+03
1.15800E+01        7.67223853983E+03
1.15860E+01        7.66487232564E+03
1.15920E+01        7.65751668823E+03
1.15980E+01        7.65017160741E+03
1.16040E+01        7.64283706307E+03
1.16100E+01        7.63551303513E+03
1.16160E+01        7.62819380748E+03
1.16220E+01        7.62089075777E+03
1.16280E+01        7.61359816451E+03
1.16340E+01        7.60631411866E+03
1.16400E+01        7.59904238051E+03
1.16460E+01        7.59178103928E+03
1.16520E+01        7.58453007525E+03
1.16580E+01        7.57728946870E+03
1.16640E+01        7.57005919999E+03
1.16700E+01        7.56283924951E+03
1.16760E+01        7.55562959770E+03
1.16820E+01        7.54842271382E+03
1.16880E+01        7.54123360803E+03
1.16940E+01        7.53405474249E+03
1.17000E+01        7.52688609785E+03
1.17060E+01        7.51972765475E+03
1.17120E+01        7.51257939393E+03
1.17180E+01        7.50544129614E+03
1.17240E+01        7.49831334219E+03
1.17300E+01        7.49119551293E+03
1.17360E+01        7.48408034210E+03
1.17420E+01        7.47698271202E+03
1.17480E+01        7.46989514945E+03
1.17540E+01        7.46281763541E+03
1.17600E+01        7.45575015098E+03
1.17660E+01        7.44869267727E+03
1.17720E+01        7.44164519546E+03
1.17780E+01        7.43460768675E+03
1.17840E+01        7.42758013240E+03
1.17900E+01        7.42056067071E+03
1.17960E+01        7.41354743507E+03
1.18020E+01        7.40654963869E+03
1.18080E+01        7.39956172210E+03
1.18140E+01        7.39258366676E+03
1.18200E+01        7.38561545420E+03
1.18260E+01        7.37865706596E+03
1.18320E+01        7.37170848365E+03
1.18380E+01        7.36476785981E+03
1.18440E+01        7.35783883604E+03
1.18500E+01        7.35091407440E+03
1.18560E+01        7.34400453953E+03
1.18620E+01        7.33710471922E+03
1.18680E+01        7.33021459532E+03
1.18740E+01        7.32333414972E+03
1.18800E+01        7.31646154728E+03
1.18860E+01        7.30960040587E+03
1.18920E+01        7.30274888870E+03
1.18980E+01        7.29590153012E+03
1.19040E+01        7.28906921280E+03
1.19100E+01        7.28224646604E+03
1.19160E+01        7.27543327203E+03
1.19220E+01        7.26862780780E+03
1.19280E+01        7.26183366771E+03
1.19340E+01        7.25504902719E+03
1.19400E+01        7.24827386859E+03
1.19460E+01        7.24150276722E+03
1.19520E+01        7.23474652473E+03
1.19580E+01        7.22799971146E+03
1.19640E+01        7.22126230991E+03
1.19700E+01        7.21453251090E+03
1.19760E+01        7.20781388221E+03
1.19820E+01        7.20110461303E+03
1.19880E+01        7.19439931418E+03
1.19940E+01        7.18770871712E+03
1.20000E+01        7.18102742773E+03
1.20060E+01        7.17435542880E+03
1.20120E+01        7.16769092305E+03
1.20180E+01        7.16103745524E+03
1.20240E+01        7.15439322652E+03
1.20300E+01        7.14775288282E+03
1.20360E+01        7.14112708613E+03
1.20420E+01        7.13451047750E+03
1.20480E+01        7.12790126977E+03
1.20540E+01        7.12130298815E+03
1.20600E+01        7.11471384392E+03
1.20660E+01        7.10812851286E+03
1.20720E+01        7.10155759792E+03
1.20780E+01        7.09499577004E+03
1.20840E+01        7.08844301252E+03
1.20900E+01        7.08189754991E+03
1.20960E+01        7.07536288480E+03
1.21020E+01        7.06883724019E+03
1.21080E+01        7.06231532636E+03
1.21140E+01        7.05580767801E+03
1.21200E+01        7.04930900063E+03
1.21260E+01        7.04281752871E+03
1.21320E+01        7.03633674562E+03
1.21380E+01        7.02986488431E+03
1.21440E+01        7.02339668439E+03
1.21500E+01        7.01694262255E+03
1.21560E+01        7.01049743364E+03
1.21620E+01        7.00405936201E+03
1.21680E+01        6.99763187197E+03
1.21740E+01        6.99121320634E+03
1.21800E+01        6.98479813379E+03
1.21860E+01        6.97839707351E+03
1.21920E+01        6.97200478945E+03
1.21980E+01        6.96561953573E+03
1.22040E+01        6.95924475776E+03
1.22100E+01        6.95287870816E+03
1.22160E+01        6.94652137103E+03
1.22220E+01        6.94016754866E+03
1.22280E+01        6.93382587174E+03
1.22340E+01        6.92749458344E+03
1.22400E+01        6.92117194444E+03
1.22460E+01        6.91485793905E+03
1.22520E+01        6.90854739335E+03
1.22580E+01        6.90225061292E+03
1.22640E+01        6.89596070663E+03
1.22700E+01        6.88968108562E+03
1.22760E+01        6.88341002023E+03
1.22820E+01        6.87714749497E+03
1.22880E+01        6.87088836428E+03
1.22940E+01        6.86464117284E+03
1.23000E+01        6.85840418160E+03
1.23060E+01        6.85217566888E+03
1.23120E+01        6.84595561935E+03
1.23180E+01        6.83973891091E+03
1.23240E+01        6.83353574660E+03
1.23300E+01        6.82733930422E+03
1.23360E+01        6.82115296117E+03
1.23420E+01        6.81497500524E+03
1.23480E+01        6.80880542132E+03
1.23540E+01        6.80263911523E+03
1.23600E+01        6.79648454689E+03
1.23660E+01        6.79033999480E+03
1.23720E+01        6.78420375461E+03
1.23780E+01        6.77807581138E+03
1.23840E+01        6.77195109402E+03
1.23900E+01        6.76583802435E+03
1.23960E+01        6.75973488874E+03
1.24020E+01        6.75363999065E+03
1.24080E+01        6.74755331530E+03
1.24140E+01        6.74146981454E+03
1.24200E+01        6.73539787234E+03
1.24260E+01        6.72933578292E+03
1.24320E+01        6.72328185744E+03
1.24380E+01        6.71723608131E+03
1.24440E+01        6.71119342918E+03
1.24500E+01        6.70516224740E+03
1.24560E+01        6.69914083795E+03
1.24620E+01        6.69312751972E+03
1.24680E+01        6.68712227826E+03
1.24740E+01        6.68112011084E+03
1.24800E+01        6.67512932648E+03
1.24860E+01        6.66914823489E+03
1.24920E+01        6.66317516258E+03
1.24980E+01        6.65721009526E+03
1.25040E+01        6.65124805269E+03
1.25100E+01        6.64529730679E+03
1.25160E+01        6.63935617493E+03
1.25220E+01        6.63342299121E+03
1.25280E+01        6.62749279327E+03
1.25340E+01        6.62157546788E+03
1.25400E+01        6.61566440543E+03
1.25460E+01        6.60976287913E+03
1.25520E+01        6.60386923062E+03
1.25580E+01        6.59797851974E+03
1.25640E+01        6.59210058929E+03
1.25700E+01        6.58622885919E+03
1.25760E+01        6.58036658819E+03
1.25820E+01        6.57451212540E+03
1.25880E+01        6.56866055272E+03
1.25940E+01        6.56282003949E+03
1.26000E+01        6.55698892429E+03
1.26060E+01        6.55116556217E+03
1.26120E+01        6.54534505261E+03
1.26180E+01        6.53953715993E+03
1.26240E+01        6.53373535678E+03
1.26300E+01        6.52794287606E+03
1.26360E+01        6.52215808022E+03
1.26420E+01        6.51637609051E+03
1.26480E+01        6.51060662810E+03
1.26540E+01        6.50484319463E+03
1.26600E+01        6.49908900879E+03
1.26660E+01        6.49333759239E+03
1.26720E+01        6.48759863224E+03
1.26780E+01        6.48186565308E+03
1.26840E+01        6.47614186226E+03
1.26900E+01        6.47042563540E+03
1.26960E+01        6.46471213263E+03
1.27020E+01        6.45901099813E+03
1.27080E+01        6.45331578526E+03
1.27140E+01        6.44762968733E+03
1.27200E+01        6.44194627765E+03
1.27260E+01        6.43627516645E+03
1.27320E+01        6.43060992989E+03
1.27380E+01        6.42495375012E+03
1.27440E+01        6.41930022311E+03
1.27500E+01        6.41365892534E+03
1.27560E+01        6.40802345567E+03
1.27620E+01        6.40239698509E+03
1.27680E+01        6.39677790797E+03
1.27740E+01        6.39116143979E+03
1.27800E+01        6.38555711508E+03
1.27860E+01        6.37995856086E+03
1.27920E+01        6.37436893431E+03
1.27980E+01        6.36878188203E+03
1.28040E+01        6.36320690521E+03
1.28100E+01        6.35763765326E+03
1.28160E+01        6.35207727239E+03
1.28220E+01        6.34651943148E+03
1.28280E+01        6.34097359854E+03
1.28340E+01        6.33543344528E+03
1.28400E+01        6.32990210696E+03
1.28460E+01        6.32437327465E+03
1.28520E+01        6.31885638336E+03
1.28580E+01        6.31334512695E+03
1.28640E+01        6.30784262982E+03
1.28700E+01        6.30234260510E+03
1.28760E+01        6.29685445496E+03
1.28820E+01        6.29137189532E+03
1.28880E+01        6.28589803974E+03
1.28940E+01        6.28042662333E+03
1.29000E+01        6.27496701557E+03
1.29060E+01        6.26951295433E+03
1.29120E+01        6.26406754240E+03
1.29180E+01        6.25862453673E+03
1.29240E+01        6.25319327430E+03
1.29300E+01        6.24776751479E+03
1.29360E+01        6.24235035031E+03
1.29420E+01        6.23693555951E+03
1.29480E+01        6.23153244704E+03
1.29540E+01        6.22613634039E+03
1.29600E+01        6.22074568275E+03
1.29660E+01        6.21535891262E+03
1.29720E+01        6.20998375643E+03
1.29780E+01        6.20461401717E+03
1.29840E+01        6.19924813745E+03
1.29900E+01        6.19389382369E+03
1.29960E+01        6.18854643175E+03
1.30020E+01        6.18320441432E+03
1.30080E+01        6.17786621943E+03
1.30140E+01        6.17253952697E+03
1.30200E+01        6.16721970889E+03
1.30260E+01        6.16190522326E+03
1.30320E+01        6.15659452355E+03
1.30380E+01        6.15129526322E+03
1.30440E+01        6.14600283023E+03
1.30500E+01        6.14071110356E+03
1.30560E+01        6.13543229546E+03
1.30620E+01        6.13016027970E+03
1.30680E+01        6.12489504465E+03
1.30740E+01        6.11963049037E+03
1.30800E+01        6.11437878722E+03
1.30860E+01        6.10913383006E+03
1.30920E+01        6.10389560738E+03
1.30980E+01        6.09865804022E+03
1.31040E+01        6.09343325724E+03
1.31100E+01        6.08821517431E+03
1.31160E+01        6.08299772815E+03
1.31220E+01        6.07779301627E+03
1.31280E+01        6.07259497025E+03
1.31340E+01        6.06740357873E+03
1.31400E+01        6.06221279921E+03
1.31460E+01        6.05703468790E+03
1.31520E+01        6.05186319719E+03
1.31580E+01        6.04669831580E+03
1.31640E+01        6.04153402195E+03
1.31700E+01        6.03638233070E+03
1.31760E+01        6.03123721517E+03
1.31820E+01        6.02609266898E+03
1.31880E+01        6.02096067652E+03
1.31940E+01        6.01583522636E+03
1.32000E+01        6.01071630741E+03
1.32060E+01        6.00559793381E+03
1.32120E+01        6.00049204919E+03
1.32180E+01        5.99539266264E+03
1.32240E+01        5.99029529109E+03
1.32300E+01        5.98520738533E+03
1.32360E+01        5.98012743220E+03
1.32420E+01        5.97504947260E+03
1.32480E+01        5.96998093838E+03
1.32540E+01        5.96492032029E+03
1.32600E+01        5.95986612378E+03
1.32660E+01        5.95481389244E+03
1.32720E+01        5.94977103298E+03
1.32780E+01        5.94473604132E+03
1.32840E+01        5.93970299375E+03
1.32900E+01        5.93468075184E+03
1.32960E+01        5.92966339445E+03
1.33020E+01        5.92465385690E+03
1.33080E+01        5.91964623559E+03
1.33140E+01        5.91464789352E+03
1.33200E+01        5.90965733561E+03
1.33260E+01        5.90466867321E+03
1.33320E+01        5.89968925074E+03
1.33380E+01        5.89471757693E+03
1.33440E+01        5.88975217505E+03
1.33500E+01        5.88478864133E+03
1.33560E+01        5.87983429546E+03
1.33620E+01        5.87488765126E+03
1.33680E+01        5.86994285488E+03
1.33740E+01        5.86500720756E+03
1.33800E+01        5.86007922693E+03
1.33860E+01        5.85515307391E+03
1.33920E+01        5.85023748406E+03
1.33980E+01        5.84532662077E+03
1.34040E+01        5.84041901774E+03
1.34100E+01        5.83552193586E+03
1.34160E+01        5.83062955330E+03
1.34220E+01        5.82574040744E+03
1.34280E+01        5.82086174097E+03
1.34340E+01        5.81598919088E+03
1.34400E+01        5.81112130403E+03
1.34460E+01        5.80625662277E+03
1.34520E+01        5.80140236556E+03
1.34580E+01        5.79655274475E+03
1.34640E+01        5.79170630636E+03
1.34700E+01        5.78687025081E+03
1.34760E+01        5.78203880497E+03
1.34820E+01        5.77721051857E+03
1.34880E+01        5.77239257400E+03
1.34940E+01        5.76758064478E+03
1.35000E+01        5.76276898791E+03
1.35060E+01        5.75796906422E+03
1.35120E+01        5.75317512598E+03
1.35180E+01        5.74838573591E+03
1.35240E+01        5.74359945222E+03
1.35300E+01        5.73882341561E+03
1.35360E+01        5.73405190105E+03
1.35420E+01        5.72928347043E+03
1.35480E+01        5.72452524662E+03
1.35540E+01        5.71977293920E+03
1.35600E+01        5.71502085290E+03
1.35660E+01        5.71028035365E+03
1.35720E+01        5.70554574149E+03
1.35780E+01        5.70081133537E+03
1.35840E+01        5.69608847296E+03
1.35900E+01        5.69137146853E+03
1.35960E+01        5.68665465518E+03
1.36020E+01        5.68194934243E+03
1.36080E+01        5.67724985873E+03
1.36140E+01        5.67255055129E+03
1.36200E+01        5.66786270157E+03
1.36260E+01        5.66318065215E+03
1.36320E+01        5.65850016929E+03
1.36380E+01        5.65382829148E+03
1.36440E+01        5.64916359040E+03
1.36500E+01        5.64450043783E+03
1.36560E+01        5.63984585485E+03
1.36620E+01        5.63519841671E+03
1.36680E+01        5.63055250917E+03
1.36740E+01        5.62591513595E+03
1.36800E+01        5.62128487588E+03
1.36860E+01        5.61665612861E+03
1.36920E+01        5.61203588062E+03
1.36980E+01        5.60742271427E+03
1.37040E+01        5.60281104305E+03
1.37100E+01        5.59820783625E+03
1.37160E+01        5.59361167977E+03
1.37220E+01        5.58901700091E+03
1.37280E+01        5.58443075179E+03
1.37340E+01        5.57985152185E+03
1.37400E+01        5.57527375213E+03
1.37460E+01        5.57070437769E+03
1.37520E+01        5.56614199147E+03
1.37580E+01        5.56158104822E+03
1.37640E+01        5.55702846596E+03
1.37700E+01        5.55248284115E+03
1.37760E+01        5.54793864217E+03
1.37820E+01        5.54340277010E+03
1.37880E+01        5.53887382487E+03
1.37940E+01        5.53434628848E+03
1.38000E+01        5.52982841815E+03
1.38060E+01        5.52531469814E+03
1.38120E+01        5.52080374315E+03
1.38180E+01        5.51630104746E+03
1.38240E+01        5.51180521795E+03
1.38300E+01        5.50731076366E+03
1.38360E+01        5.50282590149E+03
1.38420E+01        5.49834103822E+03
1.38480E+01        5.49386710895E+03
1.38540E+01        5.48939726760E+03
1.38600E+01        5.48493013795E+03
1.38660E+01        5.48047253943E+03
1.38720E+01        5.47602036538E+03
1.38780E+01        5.47156816394E+03
1.38840E+01        5.46712681695E+03
1.38900E+01        5.46268951180E+03
1.38960E+01        5.45825487899E+03
1.39020E+01        5.45382970482E+03
1.39080E+01        5.44940990272E+03
1.39140E+01        5.44499004736E+03
1.39200E+01        5.44058096776E+03
1.39260E+01        5.43617588448E+03
1.39320E+01        5.43177343472E+03
1.39380E+01        5.42738037191E+03
1.39440E+01        5.42298723464E+03
1.39500E+01        5.41860480816E+03
1.39560E+01        5.41422768482E+03
1.39620E+01        5.40985047444E+03
1.39680E+01        5.40548393615E+03
1.39740E+01        5.40112267544E+03
1.39800E+01        5.39676131521E+03
1.39860E+01        5.39241058857E+03
1.39920E+01        5.38806511410E+03
1.39980E+01        5.38371952775E+03
1.40040E+01        5.37938453667E+03
