# %ECSV 0.9
# ---
# datatype:
# - {name: wavelength, unit: micron, datatype: float64}
# - {name: flux, unit: microJansky, datatype: float64}
# schema: astropy-2.0
#
#
#  - - File generated by ExoNoodle - -
#         V1.0.0 - MML (CEA-Saclay)
#       2021-03-25 15:37:33.308590
wavelength flux 
3.00000E+00        7.36088365908E+04
3.00600E+00        7.34068295113E+04
3.01200E+00        7.32056211650E+04
3.01800E+00        7.30051052625E+04
3.02400E+00        7.28053078166E+04
3.03000E+00        7.26062762006E+04
3.03600E+00        7.24079869713E+04
3.04200E+00        7.22103980391E+04
3.04800E+00        7.20135752870E+04
3.05400E+00        7.18174719158E+04
3.06000E+00        7.16220743748E+04
3.06600E+00        7.14274198837E+04
3.07200E+00        7.12334701279E+04
3.07800E+00        7.10402481579E+04
3.08400E+00        7.08477205718E+04
3.09000E+00        7.06558997882E+04
3.09600E+00        7.04648164869E+04
3.10200E+00        7.02744098322E+04
3.10800E+00        7.00847059557E+04
3.11400E+00        6.98957019840E+04
3.12000E+00        6.97074191189E+04
3.12600E+00        6.95198063038E+04
3.13200E+00        6.93328848219E+04
3.13800E+00        6.91466473136E+04
3.14400E+00        6.89610999957E+04
3.15000E+00        6.87762310188E+04
3.15600E+00        6.85920420855E+04
3.16200E+00        6.84085348586E+04
3.16800E+00        6.82256975867E+04
3.17400E+00        6.80435364084E+04
3.18000E+00        6.78620396373E+04
3.18600E+00        6.76812089592E+04
3.19200E+00        6.75010183057E+04
3.19800E+00        6.73215247894E+04
3.20400E+00        6.71426802555E+04
3.21000E+00        6.69644951642E+04
3.21600E+00        6.67869580245E+04
3.22200E+00        6.66100562135E+04
3.22800E+00        6.64338199824E+04
3.23400E+00        6.62582236077E+04
3.24000E+00        6.60832545726E+04
3.24600E+00        6.59089515076E+04
3.25200E+00        6.57352802407E+04
3.25800E+00        6.55622197928E+04
3.26400E+00        6.53898171090E+04
3.27000E+00        6.52180200411E+04
3.27600E+00        6.50468752923E+04
3.28200E+00        6.48763225155E+04
3.28800E+00        6.47064251518E+04
3.29400E+00        6.45371369548E+04
3.30000E+00        6.43684457897E+04
3.30600E+00        6.42003935348E+04
3.31200E+00        6.40329248273E+04
3.31800E+00        6.38660635237E+04
3.32400E+00        6.36998332155E+04
3.33000E+00        6.35341789806E+04
3.33600E+00        6.33691244981E+04
3.34200E+00        6.32046672362E+04
3.34800E+00        6.30408305535E+04
3.35400E+00        6.28775601095E+04
3.36000E+00        6.27148793495E+04
3.36600E+00        6.25527776063E+04
3.37200E+00        6.23912687654E+04
3.37800E+00        6.22303636391E+04
3.38400E+00        6.20700086344E+04
3.39000E+00        6.19102390759E+04
3.39600E+00        6.17510363180E+04
3.40200E+00        6.15924100599E+04
3.40800E+00        6.14343498172E+04
3.41400E+00        6.12768612115E+04
3.42000E+00        6.11199298258E+04
3.42600E+00        6.09635442300E+04
3.43200E+00        6.08077401738E+04
3.43800E+00        6.06524902194E+04
3.44400E+00        6.04977959816E+04
3.45000E+00        6.03436511592E+04
3.45600E+00        6.01900405221E+04
3.46200E+00        6.00369954607E+04
3.46800E+00        5.98844967583E+04
3.47400E+00        5.97325420946E+04
3.48000E+00        5.95811047010E+04
3.48600E+00        5.94302312535E+04
3.49200E+00        5.92798706067E+04
3.49800E+00        5.91300576189E+04
3.50400E+00        5.89807646175E+04
3.51000E+00        5.88320223606E+04
3.51600E+00        5.86837802627E+04
3.52200E+00        5.85360881707E+04
3.52800E+00        5.83888957323E+04
3.53400E+00        5.82422449125E+04
3.54000E+00        5.80960932391E+04
3.54600E+00        5.79504586579E+04
3.55200E+00        5.78053551462E+04
3.55800E+00        5.76607405908E+04
3.56400E+00        5.75166441143E+04
3.57000E+00        5.73730484985E+04
3.57600E+00        5.72299788686E+04
3.58200E+00        5.70873935188E+04
3.58800E+00        5.69453101088E+04
3.59400E+00        5.68037227951E+04
3.60000E+00        5.66626331829E+04
3.60600E+00        5.65220391578E+04
3.61200E+00        5.63819349312E+04
3.61800E+00        5.62423257821E+04
3.62400E+00        5.61032216294E+04
3.63000E+00        5.59645853040E+04
3.63600E+00        5.58264341482E+04
3.64200E+00        5.56887396067E+04
3.64800E+00        5.55515526845E+04
3.65400E+00        5.54148411591E+04
3.66000E+00        5.52786030244E+04
3.66600E+00        5.51428398852E+04
3.67200E+00        5.50075497262E+04
3.67800E+00        5.48727305414E+04
3.68400E+00        5.47383767577E+04
3.69000E+00        5.46044747018E+04
3.69600E+00        5.44710529876E+04
3.70200E+00        5.43380943287E+04
3.70800E+00        5.42055967629E+04
3.71400E+00        5.40735361434E+04
3.72000E+00        5.39419549668E+04
3.72600E+00        5.38108255345E+04
3.73200E+00        5.36801529576E+04
3.73800E+00        5.35499063179E+04
3.74400E+00        5.34201312305E+04
3.75000E+00        5.32907853708E+04
3.75600E+00        5.31619002003E+04
3.76200E+00        5.30334623521E+04
3.76800E+00        5.29054447561E+04
3.77400E+00        5.27778639158E+04
3.78000E+00        5.26507430448E+04
3.78600E+00        5.25240585789E+04
3.79200E+00        5.23977905935E+04
3.79800E+00        5.22719520099E+04
3.80400E+00        5.21465624284E+04
3.81000E+00        5.20215873947E+04
3.81600E+00        5.18970508542E+04
3.82200E+00        5.17729287190E+04
3.82800E+00        5.16492414298E+04
3.83400E+00        5.15259616563E+04
3.84000E+00        5.14030987494E+04
3.84600E+00        5.12806753597E+04
3.85200E+00        5.11586475848E+04
3.85800E+00        5.10370381019E+04
3.86400E+00        5.09158527364E+04
3.87000E+00        5.07950645697E+04
3.87600E+00        5.06746828423E+04
3.88200E+00        5.05547332086E+04
3.88800E+00        5.04351657997E+04
3.89400E+00        5.03160030176E+04
3.90000E+00        5.01972431650E+04
3.90600E+00        5.00788845526E+04
3.91200E+00        4.99609254991E+04
3.91800E+00        4.98433815305E+04
3.92400E+00        4.97262132928E+04
3.93000E+00        4.96094428713E+04
3.93600E+00        4.94930621273E+04
3.94200E+00        4.93770758903E+04
3.94800E+00        4.92614728500E+04
3.95400E+00        4.91462610532E+04
3.96000E+00        4.90314356545E+04
3.96600E+00        4.89169918459E+04
3.97200E+00        4.88029312318E+04
3.97800E+00        4.86892553938E+04
3.98400E+00        4.85759563740E+04
3.99000E+00        4.84630357762E+04
3.99600E+00        4.83504920244E+04
4.00200E+00        4.82383203994E+04
4.00800E+00        4.81265256479E+04
4.01400E+00        4.80150999221E+04
4.02000E+00        4.79040448252E+04
4.02600E+00        4.77933619388E+04
4.03200E+00        4.76830434800E+04
4.03800E+00        4.75730879450E+04
4.04400E+00        4.74635031360E+04
4.05000E+00        4.73542587880E+04
4.05600E+00        4.72453954135E+04
4.06200E+00        4.71368889591E+04
4.06800E+00        4.70287440982E+04
4.07400E+00        4.69209531973E+04
4.08000E+00        4.68135017051E+04
4.08600E+00        4.67064204949E+04
4.09200E+00        4.65996919135E+04
4.09800E+00        4.64933145047E+04
4.10400E+00        4.63872677835E+04
4.11000E+00        4.62815884217E+04
4.11600E+00        4.61762498729E+04
4.12200E+00        4.60712468874E+04
4.12800E+00        4.59666008254E+04
4.13400E+00        4.58623003485E+04
4.14000E+00        4.57583222614E+04
4.14600E+00        4.56546967950E+04
4.15200E+00        4.55513969809E+04
4.15800E+00        4.54484528792E+04
4.16400E+00        4.53458236423E+04
4.17000E+00        4.52435426527E+04
4.17600E+00        4.51416101166E+04
4.18200E+00        4.50399640691E+04
4.18800E+00        4.49386931631E+04
4.19400E+00        4.48377062391E+04
4.20000E+00        4.47370915576E+04
4.20600E+00        4.46367583750E+04
4.21200E+00        4.45367945625E+04
4.21800E+00        4.44371097896E+04
4.22400E+00        4.43377915402E+04
4.23000E+00        4.42387498948E+04
4.23600E+00        4.41400431268E+04
4.24200E+00        4.40416682015E+04
4.24800E+00        4.39435966615E+04
4.25400E+00        4.38458543178E+04
4.26000E+00        4.37483977516E+04
4.26600E+00        4.36512979489E+04
4.27200E+00        4.35544664062E+04
4.27800E+00        4.34579455213E+04
4.28400E+00        4.33617623506E+04
4.29000E+00        4.32658290871E+04
4.29600E+00        4.31689218858E+04
4.30200E+00        4.30703654229E+04
4.30800E+00        4.29781674869E+04
4.31400E+00        4.28817908802E+04
4.32000E+00        4.27873677514E+04
4.32600E+00        4.26752351672E+04
4.33200E+00        4.25984682840E+04
4.33800E+00        4.25023102845E+04
4.34400E+00        4.24023237437E+04
4.35000E+00        4.23043593956E+04
4.35600E+00        4.22164737913E+04
4.36200E+00        4.21219812480E+04
4.36800E+00        4.20299285472E+04
4.37400E+00        4.19172172100E+04
4.38000E+00        4.18492430895E+04
4.38600E+00        4.17368360365E+04
4.39200E+00        4.16650201591E+04
4.39800E+00        4.15529559129E+04
4.40400E+00        4.14801545902E+04
4.41000E+00        4.13889967043E+04
4.41600E+00        4.12899275206E+04
4.42200E+00        4.12093612983E+04
4.42800E+00        4.11207941452E+04
4.43400E+00        4.10234129539E+04
4.44000E+00        4.09285554040E+04
4.44600E+00        4.08499414139E+04
4.45200E+00        4.07633340622E+04
4.45800E+00        4.06757953414E+04
4.46400E+00        4.05880081675E+04
4.47000E+00        4.04984701476E+04
4.47600E+00        4.04096561109E+04
4.48200E+00        4.03192785458E+04
4.48800E+00        4.02313019272E+04
4.49400E+00        4.01462524681E+04
4.50000E+00        4.00578039629E+04
4.50600E+00        3.99725986228E+04
4.51200E+00        3.98890912287E+04
4.51800E+00        3.98070301877E+04
4.52400E+00        3.97051724017E+04
4.53000E+00        3.96411447304E+04
4.53600E+00        3.95570801145E+04
4.54200E+00        3.94730583790E+04
4.54800E+00        3.93902419220E+04
4.55400E+00        3.93019504827E+04
4.56000E+00        3.92190583812E+04
4.56600E+00        3.91277074922E+04
4.57200E+00        3.90525596683E+04
4.57800E+00        3.89735057614E+04
4.58400E+00        3.88874615186E+04
4.59000E+00        3.88069491551E+04
4.59600E+00        3.87248781602E+04
4.60200E+00        3.86231170377E+04
4.60800E+00        3.85621702456E+04
4.61400E+00        3.84831736125E+04
4.62000E+00        3.83941182509E+04
4.62600E+00        3.83185171981E+04
4.63200E+00        3.82417018069E+04
4.63800E+00        3.81652582707E+04
4.64400E+00        3.80810774204E+04
4.65000E+00        3.80002463524E+04
4.65600E+00        3.79307772050E+04
4.66200E+00        3.78568199054E+04
4.66800E+00        3.77718577820E+04
4.67400E+00        3.76773379116E+04
4.68000E+00        3.76119695966E+04
4.68600E+00        3.75403150511E+04
4.69200E+00        3.74542038752E+04
4.69800E+00        3.73790256875E+04
4.70400E+00        3.73068218271E+04
4.71000E+00        3.72240019655E+04
4.71600E+00        3.71466609244E+04
4.72200E+00        3.70724349837E+04
4.72800E+00        3.69951849927E+04
4.73400E+00        3.69149930708E+04
4.74000E+00        3.68436981956E+04
4.74600E+00        3.67639465632E+04
4.75200E+00        3.66917537730E+04
4.75800E+00        3.66163119215E+04
4.76400E+00        3.65284974091E+04
4.77000E+00        3.64692700377E+04
4.77600E+00        3.63906984243E+04
4.78200E+00        3.63124961384E+04
4.78800E+00        3.62469674696E+04
4.79400E+00        3.61489542768E+04
4.80000E+00        3.60943683053E+04
4.80600E+00        3.60246508113E+04
4.81200E+00        3.59361578095E+04
4.81800E+00        3.58797255645E+04
4.82400E+00        3.57939143156E+04
4.83000E+00        3.57339606270E+04
4.83600E+00        3.56447203099E+04
4.84200E+00        3.55848198232E+04
4.84800E+00        3.55189431515E+04
4.85400E+00        3.54304972111E+04
4.86000E+00        3.53746581496E+04
4.86600E+00        3.52940199486E+04
4.87200E+00        3.52297892797E+04
4.87800E+00        3.51530445321E+04
4.88400E+00        3.50759261014E+04
4.89000E+00        3.50207140729E+04
4.89600E+00        3.49461203567E+04
4.90200E+00        3.48815907380E+04
4.90800E+00        3.47997655221E+04
4.91400E+00        3.47394510409E+04
4.92000E+00        3.46405890174E+04
4.92600E+00        3.45954160310E+04
4.93200E+00        3.45217095947E+04
4.93800E+00        3.44321097440E+04
4.94400E+00        3.43905223686E+04
4.95000E+00        3.43283879875E+04
4.95600E+00        3.42553354109E+04
4.96200E+00        3.41923937886E+04
4.96800E+00        3.41139399817E+04
4.97400E+00        3.40589797210E+04
4.98000E+00        3.39748230174E+04
4.98600E+00        3.39242970324E+04
4.99200E+00        3.38528417695E+04
4.99800E+00        3.37919729921E+04
5.00400E+00        3.37190756788E+04
5.01000E+00        3.36294994389E+04
5.01600E+00        3.35825667584E+04
5.02200E+00        3.35128495055E+04
5.02800E+00        3.34456142541E+04
5.03400E+00        3.33948230079E+04
5.04000E+00        3.33108583684E+04
5.04600E+00        3.32630727613E+04
5.05200E+00        3.31910443101E+04
5.05800E+00        3.31305238262E+04
5.06400E+00        3.30636105697E+04
5.07000E+00        3.30003798159E+04
5.07600E+00        3.29416631979E+04
5.08200E+00        3.28568819468E+04
5.08800E+00        3.28151156825E+04
5.09400E+00        3.27220716389E+04
5.10000E+00        3.26868824137E+04
5.10600E+00        3.26116984638E+04
5.11200E+00        3.25603992441E+04
5.11800E+00        3.24828486192E+04
5.12400E+00        3.24329898464E+04
5.13000E+00        3.23673865641E+04
5.13600E+00        3.23090598785E+04
5.14200E+00        3.22478231069E+04
5.14800E+00        3.21836971836E+04
5.15400E+00        3.21257920578E+04
5.16000E+00        3.20421455471E+04
5.16600E+00        3.20030549953E+04
5.17200E+00        3.19308174694E+04
5.17800E+00        3.18798720218E+04
5.18400E+00        3.18116869535E+04
5.19000E+00        3.17544126087E+04
5.19600E+00        3.16962647272E+04
5.20200E+00        3.16275543762E+04
5.20800E+00        3.15662113062E+04
5.21400E+00        3.15115086164E+04
5.22000E+00        3.14550608723E+04
5.22600E+00        3.13676500752E+04
5.23200E+00        3.12955946066E+04
5.23800E+00        3.12758062820E+04
5.24400E+00        3.12137904797E+04
5.25000E+00        3.11547123784E+04
5.25600E+00        3.10603672885E+04
5.26200E+00        3.10229447556E+04
5.26800E+00        3.09783612868E+04
5.27400E+00        3.09000979595E+04
5.28000E+00        3.08611636406E+04
5.28600E+00        3.07993750764E+04
5.29200E+00        3.07357187864E+04
5.29800E+00        3.06897111117E+04
5.30400E+00        3.06261015671E+04
5.31000E+00        3.05719654857E+04
5.31600E+00        3.05042464533E+04
5.32200E+00        3.04569625441E+04
5.32800E+00        3.04020240851E+04
5.33400E+00        3.03453301079E+04
5.34000E+00        3.02816645129E+04
5.34600E+00        3.02287046702E+04
5.35200E+00        3.01724147629E+04
5.35800E+00        3.01162061070E+04
5.36400E+00        3.00623087309E+04
5.37000E+00        3.00052802302E+04
5.37600E+00        2.99504266912E+04
5.38200E+00        2.98937320957E+04
5.38800E+00        2.98282898103E+04
5.39400E+00        2.97656877869E+04
5.40000E+00        2.97282812987E+04
5.40600E+00        2.96724426607E+04
5.41200E+00        2.96143495796E+04
5.41800E+00        2.95604939635E+04
5.42400E+00        2.95067152014E+04
5.43000E+00        2.94538160847E+04
5.43600E+00        2.93989813615E+04
5.44200E+00        2.93438812671E+04
5.44800E+00        2.92907358670E+04
5.45400E+00        2.92337704481E+04
5.46000E+00        2.91799128700E+04
5.46600E+00        2.91241148448E+04
5.47200E+00        2.90714775722E+04
5.47800E+00        2.90215004969E+04
5.48400E+00        2.89684801593E+04
5.49000E+00        2.89064725736E+04
5.49600E+00        2.88624633527E+04
5.50200E+00        2.88096153502E+04
5.50800E+00        2.87544132796E+04
5.51400E+00        2.87041979657E+04
5.52000E+00        2.86517961262E+04
5.52600E+00        2.85981190560E+04
5.53200E+00        2.85463307446E+04
5.53800E+00        2.84953449724E+04
5.54400E+00        2.84423094939E+04
5.55000E+00        2.83903434532E+04
5.55600E+00        2.83399157127E+04
5.56200E+00        2.82849748976E+04
5.56800E+00        2.82214217842E+04
5.57400E+00        2.81852560248E+04
5.58000E+00        2.81134667840E+04
5.58600E+00        2.80835814988E+04
5.59200E+00        2.80326659433E+04
5.59800E+00        2.79818400175E+04
5.60400E+00        2.79267931184E+04
5.61000E+00        2.78815431392E+04
5.61600E+00        2.78309169836E+04
5.62200E+00        2.77770741669E+04
5.62800E+00        2.77311993785E+04
5.63400E+00        2.76809848879E+04
5.64000E+00        2.76233744940E+04
5.64600E+00        2.75819154618E+04
5.65200E+00        2.75324874328E+04
5.65800E+00        2.74815702040E+04
5.66400E+00        2.74339650680E+04
5.67000E+00        2.73848332750E+04
5.67600E+00        2.73348506185E+04
5.68200E+00        2.72860452813E+04
5.68800E+00        2.72384008052E+04
5.69400E+00        2.71871233719E+04
5.70000E+00        2.71409685415E+04
5.70600E+00        2.70930660219E+04
5.71200E+00        2.70448224891E+04
5.71800E+00        2.69967697211E+04
5.72400E+00        2.69488903482E+04
5.73000E+00        2.69010156919E+04
5.73600E+00        2.68526088106E+04
5.74200E+00        2.68058443295E+04
5.74800E+00        2.67583717007E+04
5.75400E+00        2.67109032655E+04
5.76000E+00        2.66638898354E+04
5.76600E+00        2.66168325481E+04
5.77200E+00        2.65692756627E+04
5.77800E+00        2.65230322329E+04
5.78400E+00        2.64763514987E+04
5.79000E+00        2.64297373263E+04
5.79600E+00        2.63832159141E+04
5.80200E+00        2.63369796938E+04
5.80800E+00        2.62907181362E+04
5.81400E+00        2.62385583615E+04
5.82000E+00        2.61986535247E+04
5.82600E+00        2.61528303071E+04
5.83200E+00        2.61070633787E+04
5.83800E+00        2.60614056293E+04
5.84400E+00        2.60159554020E+04
5.85000E+00        2.59705595685E+04
5.85600E+00        2.59251187534E+04
5.86200E+00        2.58801351442E+04
5.86800E+00        2.58350621166E+04
5.87400E+00        2.57853820566E+04
5.88000E+00        2.57453519579E+04
5.88600E+00        2.57006428350E+04
5.89200E+00        2.56560916121E+04
5.89800E+00        2.56115759185E+04
5.90400E+00        2.55625019451E+04
5.91000E+00        2.55230268808E+04
5.91600E+00        2.54787462570E+04
5.92200E+00        2.54348936635E+04
5.92800E+00        2.53909961190E+04
5.93400E+00        2.53472017280E+04
5.94000E+00        2.53035276157E+04
5.94600E+00        2.52599559428E+04
5.95200E+00        2.52165037772E+04
5.95800E+00        2.51731610927E+04
5.96400E+00        2.51298513896E+04
5.97000E+00        2.50867987102E+04
5.97600E+00        2.50437860164E+04
5.98200E+00        2.50008650330E+04
5.98800E+00        2.49580699160E+04
5.99400E+00        2.49152704105E+04
6.00000E+00        2.48706501197E+04
6.00600E+00        2.48303316177E+04
6.01200E+00        2.47879587463E+04
6.01800E+00        2.47456927143E+04
6.02400E+00        2.47035416885E+04
6.03000E+00        2.46615043619E+04
6.03600E+00        2.46195566976E+04
6.04200E+00        2.45777144716E+04
6.04800E+00        2.45359773374E+04
6.05400E+00        2.44943533964E+04
6.06000E+00        2.44528253965E+04
6.06600E+00        2.44114014562E+04
6.07200E+00        2.43700887369E+04
6.07800E+00        2.43288886609E+04
6.08400E+00        2.42877664413E+04
6.09000E+00        2.42467469530E+04
6.09600E+00        2.42058632499E+04
6.10200E+00        2.41650564950E+04
6.10800E+00        2.41238513897E+04
6.11400E+00        2.40837634721E+04
6.12000E+00        2.40432607958E+04
6.12600E+00        2.40028588278E+04
6.13200E+00        2.39625655038E+04
6.13800E+00        2.39223639563E+04
6.14400E+00        2.38822621375E+04
6.15000E+00        2.38421766220E+04
6.15600E+00        2.38023801352E+04
6.16200E+00        2.37617478877E+04
6.16800E+00        2.37228693535E+04
6.17400E+00        2.36832613047E+04
6.18000E+00        2.36437510601E+04
6.18600E+00        2.36043383033E+04
6.19200E+00        2.35650308454E+04
6.19800E+00        2.35258274617E+04
6.20400E+00        2.34867052437E+04
6.21000E+00        2.34476792607E+04
6.21600E+00        2.34087492025E+04
6.22200E+00        2.33699147603E+04
6.22800E+00        2.33311836718E+04
6.23400E+00        2.32925395262E+04
6.24000E+00        2.32539972355E+04
6.24600E+00        2.32155501725E+04
6.25200E+00        2.31771891801E+04
6.25800E+00        2.31389219756E+04
6.26400E+00        2.31007482583E+04
6.27000E+00        2.30626677290E+04
6.27600E+00        2.30246880291E+04
6.28200E+00        2.29867929693E+04
6.28800E+00        2.29490051845E+04
6.29400E+00        2.29112943993E+04
6.30000E+00        2.28736753227E+04
6.30600E+00        2.28361476626E+04
6.31200E+00        2.27987111276E+04
6.31800E+00        2.27613732765E+04
6.32400E+00        2.27241181097E+04
6.33000E+00        2.26869532011E+04
6.33600E+00        2.26498930468E+04
6.34200E+00        2.26128141999E+04
6.34800E+00        2.25760118972E+04
6.35400E+00        2.25392051411E+04
6.36000E+00        2.25024872206E+04
6.36600E+00        2.24658578546E+04
6.37200E+00        2.24293167629E+04
6.37800E+00        2.23928860030E+04
6.38400E+00        2.23565051693E+04
6.39000E+00        2.23202272194E+04
6.39600E+00        2.22840518024E+04
6.40200E+00        2.22479478821E+04
6.40800E+00        2.22119305780E+04
6.41400E+00        2.21759996176E+04
6.42000E+00        2.21401547292E+04
6.42600E+00        2.21044100688E+04
6.43200E+00        2.20687364906E+04
6.43800E+00        2.20331481760E+04
6.44400E+00        2.19976448576E+04
6.45000E+00        2.19622262690E+04
6.45600E+00        2.19268921448E+04
6.46200E+00        2.18916422207E+04
6.46800E+00        2.18564837698E+04
6.47400E+00        2.18214156863E+04
6.48000E+00        2.17864167513E+04
6.48600E+00        2.17515009692E+04
6.49200E+00        2.17166680806E+04
6.49800E+00        2.16819178271E+04
6.50400E+00        2.16472499514E+04
6.51000E+00        2.16126641972E+04
6.51600E+00        2.15781743916E+04
6.52200E+00        2.15437446639E+04
6.52800E+00        2.15094111516E+04
6.53400E+00        2.14751513165E+04
6.54000E+00        2.14409723355E+04
6.54600E+00        2.14068739582E+04
6.55200E+00        2.13728559350E+04
6.55800E+00        2.13389319435E+04
6.56400E+00        2.13050738611E+04
6.57000E+00        2.12712953897E+04
6.57600E+00        2.12375962833E+04
6.58200E+00        2.12039762971E+04
6.58800E+00        2.11704351870E+04
6.59400E+00        2.11369865045E+04
6.60000E+00        2.11036023967E+04
6.60600E+00        2.10702964387E+04
6.61200E+00        2.10370683901E+04
6.61800E+00        2.10039180116E+04
6.62400E+00        2.09708450646E+04
6.63000E+00        2.09378629760E+04
6.63600E+00        2.09049441586E+04
6.64200E+00        2.08721020627E+04
6.64800E+00        2.08393436388E+04
6.65400E+00        2.08066542705E+04
6.66000E+00        2.07740544789E+04
6.66600E+00        2.07415168957E+04
6.67200E+00        2.07090548680E+04
6.67800E+00        2.06766681654E+04
6.68400E+00        2.06443565582E+04
6.69000E+00        2.06121198174E+04
6.69600E+00        2.05799640498E+04
6.70200E+00        2.05478834340E+04
6.70800E+00        2.05158699074E+04
6.71400E+00        2.04839303405E+04
6.72000E+00        2.04520778559E+04
6.72600E+00        2.04202855147E+04
6.73200E+00        2.03885664621E+04
6.73800E+00        2.03569204758E+04
6.74400E+00        2.03253473347E+04
6.75000E+00        2.02938600621E+04
6.75600E+00        2.02624319302E+04
6.76200E+00        2.02310759847E+04
6.76800E+00        2.01997920075E+04
6.77400E+00        2.01685929433E+04
6.78000E+00        2.01374452884E+04
6.78600E+00        2.01063828393E+04
6.79200E+00        2.00753845513E+04
6.79800E+00        2.00444633234E+04
6.80400E+00        2.00136065936E+04
6.81000E+00        1.99828272186E+04
6.81600E+00        1.99521111964E+04
6.82200E+00        1.99214713483E+04
6.82800E+00        1.98908951915E+04
6.83400E+00        1.98603886577E+04
6.84000E+00        1.98299644792E+04
6.84600E+00        1.97995965471E+04
6.85200E+00        1.97692976148E+04
6.85800E+00        1.97390674762E+04
6.86400E+00        1.97089187874E+04
6.87000E+00        1.96788256008E+04
6.87600E+00        1.96488005938E+04
6.88200E+00        1.96188435632E+04
6.88800E+00        1.95889670897E+04
6.89400E+00        1.95591453856E+04
6.90000E+00        1.95293910528E+04
6.90600E+00        1.94997166159E+04
6.91200E+00        1.94700964061E+04
6.91800E+00        1.94405429689E+04
6.92400E+00        1.94110561064E+04
6.93000E+00        1.93816482691E+04
6.93600E+00        1.93522939453E+04
6.94200E+00        1.93230056064E+04
6.94800E+00        1.92937956475E+04
6.95400E+00        1.92646386742E+04
6.96000E+00        1.92355471022E+04
6.96600E+00        1.92065141166E+04
6.97200E+00        1.91775652934E+04
6.97800E+00        1.91486687611E+04
6.98400E+00        1.91198368620E+04
6.99000E+00        1.90910818639E+04
6.99600E+00        1.90623786425E+04
7.00200E+00        1.90337394856E+04
7.00800E+00        1.90051766070E+04
7.01400E+00        1.89766649965E+04
7.02000E+00        1.89482168880E+04
7.02600E+00        1.89198320952E+04
7.03200E+00        1.88915227603E+04
7.03800E+00        1.88632640247E+04
7.04400E+00        1.88350680502E+04
7.05000E+00        1.88069469259E+04
7.05600E+00        1.87788759056E+04
7.06200E+00        1.87508606333E+04
7.06800E+00        1.87229260840E+04
7.07400E+00        1.86950411491E+04
7.08000E+00        1.86672178842E+04
7.08600E+00        1.86394682728E+04
7.09200E+00        1.86117677916E+04
7.09800E+00        1.85841284435E+04
7.10400E+00        1.85565621598E+04
7.11000E+00        1.85290445277E+04
7.11600E+00        1.85015874976E+04
7.12200E+00        1.84742029488E+04
7.12800E+00        1.84468602185E+04
7.13400E+00        1.84195839340E+04
7.14000E+00        1.83923675522E+04
7.14600E+00        1.83652228837E+04
7.15200E+00        1.83381257704E+04
7.15800E+00        1.83110880418E+04
7.16400E+00        1.82841214575E+04
7.17000E+00        1.82572019671E+04
7.17600E+00        1.82303413490E+04
7.18200E+00        1.82035450361E+04
7.18800E+00        1.81768016461E+04
7.19400E+00        1.81501166214E+04
7.20000E+00        1.81235016202E+04
7.20600E+00        1.80969328057E+04
7.21200E+00        1.80704218549E+04
7.21800E+00        1.80439803758E+04
7.22400E+00        1.80175846375E+04
7.23000E+00        1.79912400639E+04
7.23600E+00        1.79649589049E+04
7.24200E+00        1.79387464905E+04
7.24800E+00        1.79125792299E+04
7.25400E+00        1.78864686828E+04
7.26000E+00        1.78604263416E+04
7.26600E+00        1.78344287194E+04
7.27200E+00        1.78084873266E+04
7.27800E+00        1.77826136063E+04
7.28400E+00        1.77567780535E+04
7.29000E+00        1.77310043816E+04
7.29600E+00        1.77052863013E+04
7.30200E+00        1.76796351908E+04
7.30800E+00        1.76540278035E+04
7.31400E+00        1.76284755355E+04
7.32000E+00        1.76029836478E+04
7.32600E+00        1.75775411418E+04
7.33200E+00        1.75521532875E+04
7.33800E+00        1.75268199302E+04
7.34400E+00        1.75015523354E+04
7.35000E+00        1.74763274935E+04
7.35600E+00        1.74511506713E+04
7.36200E+00        1.74260451279E+04
7.36800E+00        1.74009819288E+04
7.37400E+00        1.73759723096E+04
7.38000E+00        1.73510161191E+04
7.38600E+00        1.73261245120E+04
7.39200E+00        1.73012687473E+04
7.39800E+00        1.72764719346E+04
7.40400E+00        1.72517279517E+04
7.41000E+00        1.72270478908E+04
7.41600E+00        1.72024091070E+04
7.42200E+00        1.71778167875E+04
7.42800E+00        1.71532826377E+04
7.43400E+00        1.71288117573E+04
7.44000E+00        1.71043816316E+04
7.44600E+00        1.70800033078E+04
7.45200E+00        1.70556707612E+04
7.45800E+00        1.70314067279E+04
7.46400E+00        1.70071829348E+04
7.47000E+00        1.69830103670E+04
7.47600E+00        1.69588830355E+04
7.48200E+00        1.69348124986E+04
7.48800E+00        1.69108037939E+04
7.49400E+00        1.68868346964E+04
7.50000E+00        1.68629161148E+04
7.50600E+00        1.68390421037E+04
7.51200E+00        1.68152351128E+04
7.51800E+00        1.67914672309E+04
7.52400E+00        1.67677493060E+04
7.53000E+00        1.67440754276E+04
7.53600E+00        1.67204570100E+04
7.54200E+00        1.66968990295E+04
7.54800E+00        1.66733795452E+04
7.55400E+00        1.66499035905E+04
7.56000E+00        1.66264825165E+04
7.56600E+00        1.66031212729E+04
7.57200E+00        1.65797980432E+04
7.57800E+00        1.65565178333E+04
7.58400E+00        1.65332919319E+04
7.59000E+00        1.65101144896E+04
7.59600E+00        1.64869853731E+04
7.60200E+00        1.64639095158E+04
7.60800E+00        1.64408766452E+04
7.61400E+00        1.64178917028E+04
7.62000E+00        1.63949545571E+04
7.62600E+00        1.63720594329E+04
7.63200E+00        1.63492281624E+04
7.63800E+00        1.63264336143E+04
7.64400E+00        1.63036863408E+04
7.65000E+00        1.62809806002E+04
7.65600E+00        1.62583274961E+04
7.66200E+00        1.62357212798E+04
7.66800E+00        1.62131668125E+04
7.67400E+00        1.61906539809E+04
7.68000E+00        1.61681876542E+04
7.68600E+00        1.61457677055E+04
7.69200E+00        1.61233884504E+04
7.69800E+00        1.61010608868E+04
7.70400E+00        1.60787898139E+04
7.71000E+00        1.60565485760E+04
7.71600E+00        1.60343586312E+04
7.72200E+00        1.60122143125E+04
7.72800E+00        1.59901099841E+04
7.73400E+00        1.59680565543E+04
7.74000E+00        1.59460587841E+04
7.74600E+00        1.59240902398E+04
7.75200E+00        1.59021722034E+04
7.75800E+00        1.58802990562E+04
7.76400E+00        1.58584652104E+04
7.77000E+00        1.58366814857E+04
7.77600E+00        1.58149422873E+04
7.78200E+00        1.57932523551E+04
7.78800E+00        1.57716018427E+04
7.79400E+00        1.57499954974E+04
7.80000E+00        1.57284277785E+04
7.80600E+00        1.57069094183E+04
7.81200E+00        1.56854348694E+04
7.81800E+00        1.56639986147E+04
7.82400E+00        1.56426215487E+04
7.83000E+00        1.56212777223E+04
7.83600E+00        1.55999718610E+04
7.84200E+00        1.55787146108E+04
7.84800E+00        1.55575004711E+04
7.85400E+00        1.55363239711E+04
7.86000E+00        1.55151957137E+04
7.86600E+00        1.54941203303E+04
7.87200E+00        1.54730721418E+04
7.87800E+00        1.54520718311E+04
7.88400E+00        1.54311086248E+04
7.89000E+00        1.54101930551E+04
7.89600E+00        1.53893196828E+04
7.90200E+00        1.53684830979E+04
7.90800E+00        1.53477038038E+04
7.91400E+00        1.53269563443E+04
7.92000E+00        1.53062453585E+04
7.92600E+00        1.52855812949E+04
7.93200E+00        1.52649534978E+04
7.93800E+00        1.52443723876E+04
7.94400E+00        1.52238325856E+04
7.95000E+00        1.52033287417E+04
7.95600E+00        1.51828712349E+04
7.96200E+00        1.51624646008E+04
7.96800E+00        1.51420837142E+04
7.97400E+00        1.51217488181E+04
7.98000E+00        1.51014493730E+04
7.98600E+00        1.50811956893E+04
7.99200E+00        1.50609772562E+04
7.99800E+00        1.50408043567E+04
8.00400E+00        1.50206716861E+04
8.01000E+00        1.50005739678E+04
8.01600E+00        1.49805214444E+04
8.02200E+00        1.49605134364E+04
8.02800E+00        1.49405406257E+04
8.03400E+00        1.49206075175E+04
8.04000E+00        1.49007088712E+04
8.04600E+00        1.48808548621E+04
8.05200E+00        1.48610351212E+04
8.05800E+00        1.48412597968E+04
8.06400E+00        1.48215185479E+04
8.07000E+00        1.48018214964E+04
8.07600E+00        1.47821634243E+04
8.08200E+00        1.47625391413E+04
8.08800E+00        1.47429587295E+04
8.09400E+00        1.47234215228E+04
8.10000E+00        1.47039183533E+04
8.10600E+00        1.46844485954E+04
8.11200E+00        1.46650222784E+04
8.11800E+00        1.46456291862E+04
8.12400E+00        1.46262793219E+04
8.13000E+00        1.46069675313E+04
8.13600E+00        1.45876886875E+04
8.14200E+00        1.45684527544E+04
8.14800E+00        1.45492495842E+04
8.15400E+00        1.45300891152E+04
8.16000E+00        1.45109612263E+04
8.16600E+00        1.44918852844E+04
8.17200E+00        1.44728322746E+04
8.17800E+00        1.44538215504E+04
8.18400E+00        1.44348430449E+04
8.19000E+00        1.44159066191E+04
8.19600E+00        1.43970022328E+04
8.20200E+00        1.43781397218E+04
8.20800E+00        1.43593140219E+04
8.21400E+00        1.43405200953E+04
8.22000E+00        1.43217677394E+04
8.22600E+00        1.43030469807E+04
8.23200E+00        1.42843675914E+04
8.23800E+00        1.42657196243E+04
8.24400E+00        1.42471128265E+04
8.25000E+00        1.42285465593E+04
8.25600E+00        1.42100119681E+04
8.26200E+00        1.41915084527E+04
8.26800E+00        1.41730457100E+04
8.27400E+00        1.41546138715E+04
8.28000E+00        1.41362226093E+04
8.28600E+00        1.41178620809E+04
8.29200E+00        1.40995419336E+04
8.29800E+00        1.40812523507E+04
8.30400E+00        1.40630029548E+04
8.31000E+00        1.40447839552E+04
8.31600E+00        1.40266049498E+04
8.32200E+00        1.40084561735E+04
8.32800E+00        1.39903471998E+04
8.33400E+00        1.39722682891E+04
8.34000E+00        1.39542289906E+04
8.34600E+00        1.39362195902E+04
8.35200E+00        1.39182496126E+04
8.35800E+00        1.39003184371E+04
8.36400E+00        1.38824174167E+04
8.37000E+00        1.38645459677E+04
8.37600E+00        1.38467087939E+04
8.38200E+00        1.38289105748E+04
8.38800E+00        1.38111416848E+04
8.39400E+00        1.37934115641E+04
8.40000E+00        1.37757106123E+04
8.40600E+00        1.37580482458E+04
8.41200E+00        1.37404148890E+04
8.41800E+00        1.37228199344E+04
8.42400E+00        1.37052538314E+04
8.43000E+00        1.36877259486E+04
8.43600E+00        1.36702267603E+04
8.44200E+00        1.36527656114E+04
8.44800E+00        1.36353330009E+04
8.45400E+00        1.36179335566E+04
8.46000E+00        1.36005718825E+04
8.46600E+00        1.35832385145E+04
8.47200E+00        1.35659427387E+04
8.47800E+00        1.35486751152E+04
8.48400E+00        1.35314449070E+04
8.49000E+00        1.35142426985E+04
8.49600E+00        1.34970777293E+04
8.50200E+00        1.34799406081E+04
8.50800E+00        1.34628405513E+04
8.51400E+00        1.34457681918E+04
8.52000E+00        1.34287280947E+04
8.52600E+00        1.34117248017E+04
8.53200E+00        1.33947489818E+04
8.53800E+00        1.33778097937E+04
8.54400E+00        1.33608979303E+04
8.55000E+00        1.33440312323E+04
8.55600E+00        1.33271743021E+04
8.56200E+00        1.33103664625E+04
8.56800E+00        1.32935861350E+04
8.57400E+00        1.32768327654E+04
8.58000E+00        1.32601154331E+04
8.58600E+00        1.32434249137E+04
8.59200E+00        1.32267657051E+04
8.59800E+00        1.32101422827E+04
8.60400E+00        1.31935454573E+04
8.61000E+00        1.31769842519E+04
8.61600E+00        1.31604495008E+04
8.62200E+00        1.31439456745E+04
8.62800E+00        1.31274772207E+04
8.63400E+00        1.31110350088E+04
8.64000E+00        1.30946280057E+04
8.64600E+00        1.30782471040E+04
8.65200E+00        1.30619012486E+04
8.65800E+00        1.30455813548E+04
8.66400E+00        1.30292918549E+04
8.67000E+00        1.30130371591E+04
8.67600E+00        1.29968082171E+04
8.68200E+00        1.29806139188E+04
8.68800E+00        1.29644452369E+04
8.69400E+00        1.29483065768E+04
8.70000E+00        1.29322023216E+04
8.70600E+00        1.29161234783E+04
8.71200E+00        1.29000788821E+04
8.71800E+00        1.28840595625E+04
8.72400E+00        1.28680698980E+04
8.73000E+00        1.28521142454E+04
8.73600E+00        1.28361836680E+04
8.74200E+00        1.28202825284E+04
8.74800E+00        1.28044151677E+04
8.75400E+00        1.27885726827E+04
8.76000E+00        1.27727638222E+04
8.76600E+00        1.27569797055E+04
8.77200E+00        1.27412246689E+04
8.77800E+00        1.27255030272E+04
8.78400E+00        1.27098059329E+04
8.79000E+00        1.26941377066E+04
8.79600E+00        1.26785026475E+04
8.80200E+00        1.26628919412E+04
8.80800E+00        1.26473142515E+04
8.81400E+00        1.26317607860E+04
8.82000E+00        1.26162358392E+04
8.82600E+00        1.26007436847E+04
8.83200E+00        1.25852755627E+04
8.83800E+00        1.25698357525E+04
8.84400E+00        1.25544285122E+04
8.85000E+00        1.25390451147E+04
8.85600E+00        1.25236898238E+04
8.86200E+00        1.25083668823E+04
8.86800E+00        1.24930675956E+04
8.87400E+00        1.24778005125E+04
8.88000E+00        1.24625569598E+04
8.88600E+00        1.24473411759E+04
8.89200E+00        1.24321573783E+04
8.89800E+00        1.24169969260E+04
8.90400E+00        1.24018640421E+04
8.91000E+00        1.23867629292E+04
8.91600E+00        1.23716849782E+04
8.92200E+00        1.23566263371E+04
8.92800E+00        1.23416153736E+04
8.93400E+00        1.23266193302E+04
8.94000E+00        1.23116504601E+04
8.94600E+00        1.22967129358E+04
8.95200E+00        1.22817982115E+04
8.95800E+00        1.22669104656E+04
8.96400E+00        1.22520538557E+04
8.97000E+00        1.22372118853E+04
8.97600E+00        1.22224126642E+04
8.98200E+00        1.22076284263E+04
8.98800E+00        1.21928746057E+04
8.99400E+00        1.21781473786E+04
9.00000E+00        1.21634508733E+04
9.00600E+00        1.21487766378E+04
9.01200E+00        1.21341288059E+04
9.01800E+00        1.21195114913E+04
9.02400E+00        1.21049162731E+04
9.03000E+00        1.20903472703E+04
9.03600E+00        1.20758085822E+04
9.04200E+00        1.20612918184E+04
9.04800E+00        1.20468010836E+04
9.05400E+00        1.20323404625E+04
9.06000E+00        1.20179094343E+04
9.06600E+00        1.20034964018E+04
9.07200E+00        1.19891132839E+04
9.07800E+00        1.19747439404E+04
9.08400E+00        1.19604080778E+04
9.09000E+00        1.19460978154E+04
9.09600E+00        1.19318172046E+04
9.10200E+00        1.19175579561E+04
9.10800E+00        1.19033318908E+04
9.11400E+00        1.18891275083E+04
9.12000E+00        1.18749443230E+04
9.12600E+00        1.18607863773E+04
9.13200E+00        1.18466499671E+04
9.13800E+00        1.18325500444E+04
9.14400E+00        1.18184674563E+04
9.15000E+00        1.18044139389E+04
9.15600E+00        1.17903812925E+04
9.16200E+00        1.17763735313E+04
9.16800E+00        1.17623905970E+04
9.17400E+00        1.17484364799E+04
9.18000E+00        1.17345030198E+04
9.18600E+00        1.17205942121E+04
9.19200E+00        1.17067140334E+04
9.19800E+00        1.16928543528E+04
9.20400E+00        1.16790191518E+04
9.21000E+00        1.16652123932E+04
9.21600E+00        1.16514259752E+04
9.22200E+00        1.16376638655E+04
9.22800E+00        1.16239260075E+04
9.23400E+00        1.16102163454E+04
9.24000E+00        1.15965268161E+04
9.24600E+00        1.15828613690E+04
9.25200E+00        1.15692239350E+04
9.25800E+00        1.15556064796E+04
9.26400E+00        1.15420129386E+04
9.27000E+00        1.15284432563E+04
9.27600E+00        1.15149013454E+04
9.28200E+00        1.15013792097E+04
9.28800E+00        1.14878807668E+04
9.29400E+00        1.14744099159E+04
9.30000E+00        1.14609586892E+04
9.30600E+00        1.14475309907E+04
9.31200E+00        1.14341267661E+04
9.31800E+00        1.14207498965E+04
9.32400E+00        1.14073924519E+04
9.33000E+00        1.13940583184E+04
9.33600E+00        1.13807513641E+04
9.34200E+00        1.13674636868E+04
9.34800E+00        1.13542065651E+04
9.35400E+00        1.13409651256E+04
9.36000E+00        1.13277506330E+04
9.36600E+00        1.13145552223E+04
9.37200E+00        1.13013827487E+04
9.37800E+00        1.12882331594E+04
9.38400E+00        1.12751102872E+04
9.39000E+00        1.12620063041E+04
9.39600E+00        1.12489250478E+04
9.40200E+00        1.12358664660E+04
9.40800E+00        1.12228343739E+04
9.41400E+00        1.12098209805E+04
9.42000E+00        1.11968301058E+04
9.42600E+00        1.11838655522E+04
9.43200E+00        1.11709195557E+04
9.43800E+00        1.11580032010E+04
9.44400E+00        1.11451018735E+04
9.45000E+00        1.11322266441E+04
9.45600E+00        1.11193697853E+04
9.46200E+00        1.11065350869E+04
9.46800E+00        1.10937224982E+04
9.47400E+00        1.10809357873E+04
9.48000E+00        1.10681672625E+04
9.48600E+00        1.10554206964E+04
9.49200E+00        1.10426960391E+04
9.49800E+00        1.10299970416E+04
9.50400E+00        1.10173160478E+04
9.51000E+00        1.10046639909E+04
9.51600E+00        1.09920302461E+04
9.52200E+00        1.09794143699E+04
9.52800E+00        1.09668201050E+04
9.53400E+00        1.09542474026E+04
9.54000E+00        1.09416999841E+04
9.54600E+00        1.09291702555E+04
9.55200E+00        1.09166619429E+04
9.55800E+00        1.09041749979E+04
9.56400E+00        1.08917131252E+04
9.57000E+00        1.08792687659E+04
9.57600E+00        1.08668527168E+04
9.58200E+00        1.08544507471E+04
9.58800E+00        1.08420699044E+04
9.59400E+00        1.08297138728E+04
9.60000E+00        1.08173751368E+04
9.60600E+00        1.08050573852E+04
9.61200E+00        1.07927605706E+04
9.61800E+00        1.07804883607E+04
9.62400E+00        1.07682332745E+04
9.63000E+00        1.07559989842E+04
9.63600E+00        1.07437854431E+04
9.64200E+00        1.07315963024E+04
9.64800E+00        1.07194311067E+04
9.65400E+00        1.07072795215E+04
9.66000E+00        1.06951484996E+04
9.66600E+00        1.06830416762E+04
9.67200E+00        1.06709516386E+04
9.67800E+00        1.06588820264E+04
9.68400E+00        1.06468327939E+04
9.69000E+00        1.06348038953E+04
9.69600E+00        1.06227989457E+04
9.70200E+00        1.06108105746E+04
9.70800E+00        1.05988424015E+04
9.71400E+00        1.05869012859E+04
9.72000E+00        1.05749733657E+04
9.72600E+00        1.05630691483E+04
9.73200E+00        1.05511813052E+04
9.73800E+00        1.05393134357E+04
9.74400E+00        1.05274654955E+04
9.75000E+00        1.05156410634E+04
9.75600E+00        1.05038328444E+04
9.76200E+00        1.04920444218E+04
9.76800E+00        1.04802757516E+04
9.77400E+00        1.04685267900E+04
9.78000E+00        1.04568079161E+04
9.78600E+00        1.04450982288E+04
9.79200E+00        1.04334081191E+04
9.79800E+00        1.04217375437E+04
9.80400E+00        1.04100864593E+04
9.81000E+00        1.03984584058E+04
9.81600E+00        1.03868461700E+04
9.82200E+00        1.03752532961E+04
9.82800E+00        1.03636797413E+04
9.83400E+00        1.03521322143E+04
9.84000E+00        1.03406007252E+04
9.84600E+00        1.03290848605E+04
9.85200E+00        1.03175881449E+04
9.85800E+00        1.03061105361E+04
9.86400E+00        1.02946519920E+04
9.87000E+00        1.02832160140E+04
9.87600E+00        1.02717954696E+04
9.88200E+00        1.02603938643E+04
9.88800E+00        1.02490178406E+04
9.89400E+00        1.02376539814E+04
9.90000E+00        1.02263124603E+04
9.90600E+00        1.02149861850E+04
9.91200E+00        1.02036786416E+04
9.91800E+00        1.01923897893E+04
9.92400E+00        1.01811195870E+04
9.93000E+00        1.01698714980E+04
9.93600E+00        1.01586384693E+04
9.94200E+00        1.01474305862E+04
9.94800E+00        1.01362345652E+04
9.95400E+00        1.01250569911E+04
9.96000E+00        1.01138978236E+04
9.96600E+00        1.01027605034E+04
9.97200E+00        1.00916380247E+04
9.97800E+00        1.00805338322E+04
9.98400E+00        1.00694478862E+04
9.99000E+00        1.00583801468E+04
9.99600E+00        1.00473371268E+04
1.00020E+01        1.00363091329E+04
1.00080E+01        1.00252957650E+04
1.00140E+01        1.00143004459E+04
1.00200E+01        1.00033231363E+04
1.00260E+01        9.99236379699E+03
1.00320E+01        9.98142582827E+03
1.00380E+01        9.97050230903E+03
1.00440E+01        9.95960313859E+03
1.00500E+01        9.94871528084E+03
1.00560E+01        9.93784519946E+03
1.00620E+01        9.92699285596E+03
1.00680E+01        9.91616162862E+03
1.00740E+01        9.90534464207E+03
1.00800E+01        9.89454527854E+03
1.00860E+01        9.88376349996E+03
1.00920E+01        9.87300570696E+03
1.00980E+01        9.86225897742E+03
1.01040E+01        9.85153311361E+03
1.01100E+01        9.84082128537E+03
1.01160E+01        9.83012685322E+03
1.01220E+01        9.81944977969E+03
1.01280E+01        9.80879002742E+03
1.01340E+01        9.79814755912E+03
1.01400E+01        9.78752872045E+03
1.01460E+01        9.77692407043E+03
1.01520E+01        9.76633322088E+03
1.01580E+01        9.75575950724E+03
1.01640E+01        9.74520289273E+03
1.01700E+01        9.73466334068E+03
1.01760E+01        9.72414081450E+03
1.01820E+01        9.71363862455E+03
1.01880E+01        9.70315003715E+03
1.01940E+01        9.69268468738E+03
1.02000E+01        9.68222989042E+03
1.02060E+01        9.67179193790E+03
1.02120E+01        9.66137079384E+03
1.02180E+01        9.65096642232E+03
1.02240E+01        9.64058210917E+03
1.02300E+01        9.63021117184E+03
1.02360E+01        9.61985689991E+03
1.02420E+01        9.60952552448E+03
1.02480E+01        9.59920447015E+03
1.02540E+01        9.58889997495E+03
1.02600E+01        9.57861200364E+03
1.02660E+01        9.56834052106E+03
1.02720E+01        9.55808878533E+03
1.02780E+01        9.54785017161E+03
1.02840E+01        9.53762794174E+03
1.02900E+01        9.52742206093E+03
1.02960E+01        9.51723870086E+03
1.03020E+01        9.50706540757E+03
1.03080E+01        9.49690835957E+03
1.03140E+01        9.48677079102E+03
1.03200E+01        9.47664612694E+03
1.03260E+01        9.46653760518E+03
1.03320E+01        9.45644519159E+03
1.03380E+01        9.44636885213E+03
1.03440E+01        9.43630855282E+03
1.03500E+01        9.42626425979E+03
1.03560E+01        9.41624207969E+03
1.03620E+01        9.40623293222E+03
1.03680E+01        9.39623644570E+03
1.03740E+01        9.38625583086E+03
1.03800E+01        9.37629105426E+03
1.03860E+01        9.36634208257E+03
1.03920E+01        9.35640888252E+03
1.03980E+01        9.34649142094E+03
1.04040E+01        9.33658966475E+03
1.04100E+01        9.32670966293E+03
1.04160E+01        9.31684242213E+03
1.04220E+01        9.30698757462E+03
1.04280E+01        9.29714830103E+03
1.04340E+01        9.28732456870E+03
1.04400E+01        9.27751634508E+03
1.04460E+01        9.26772359767E+03
1.04520E+01        9.25794629406E+03
1.04580E+01        9.24818440195E+03
1.04640E+01        9.23843788911E+03
1.04700E+01        9.22870672337E+03
1.04760E+01        9.21900006059E+03
1.04820E+01        9.20929948329E+03
1.04880E+01        9.19961415718E+03
1.04940E+01        9.18994405043E+03
1.05000E+01        9.18028913131E+03
1.05060E+01        9.17064936817E+03
1.05120E+01        9.16102472945E+03
1.05180E+01        9.15141518364E+03
1.05240E+01        9.14182069936E+03
1.05300E+01        9.13224439158E+03
1.05360E+01        9.12267993314E+03
1.05420E+01        9.11313044248E+03
1.05480E+01        9.10360182489E+03
1.05540E+01        9.09408217044E+03
1.05600E+01        9.08457739078E+03
1.05660E+01        9.07508745508E+03
1.05720E+01        9.06561233255E+03
1.05780E+01        9.05615199254E+03
1.05840E+01        9.04670640442E+03
1.05900E+01        9.03727553767E+03
1.05960E+01        9.02785936185E+03
1.06020E+01        9.01845784658E+03
1.06080E+01        9.00907406541E+03
1.06140E+01        8.99970177723E+03
1.06200E+01        8.99034992139E+03
1.06260E+01        8.98100673689E+03
1.06320E+01        8.97167806228E+03
1.06380E+01        8.96236386765E+03
1.06440E+01        8.95306412318E+03
1.06500E+01        8.94377879912E+03
1.06560E+01        8.93450786579E+03
1.06620E+01        8.92525129358E+03
1.06680E+01        8.91600905299E+03
1.06740E+01        8.90678111455E+03
1.06800E+01        8.89756744890E+03
1.06860E+01        8.88837108895E+03
1.06920E+01        8.87918587788E+03
1.06980E+01        8.87001485194E+03
1.07040E+01        8.86085798204E+03
1.07100E+01        8.85171523919E+03
1.07160E+01        8.84258659446E+03
1.07220E+01        8.83347201900E+03
1.07280E+01        8.82437148402E+03
1.07340E+01        8.81529070899E+03
1.07400E+01        8.80621816302E+03
1.07460E+01        8.79715957166E+03
1.07520E+01        8.78811490640E+03
1.07580E+01        8.77908413884E+03
1.07640E+01        8.77006724062E+03
1.07700E+01        8.76106418349E+03
1.07760E+01        8.75207493924E+03
1.07820E+01        8.74309947974E+03
1.07880E+01        8.73413777693E+03
1.07940E+01        8.72518980284E+03
1.08000E+01        8.71625853238E+03
1.08060E+01        8.70733792895E+03
1.08120E+01        8.69843097069E+03
1.08180E+01        8.68953762991E+03
1.08240E+01        8.68065787897E+03
1.08300E+01        8.67179169031E+03
1.08360E+01        8.66293903643E+03
1.08420E+01        8.65409988990E+03
1.08480E+01        8.64527422337E+03
1.08540E+01        8.63646200955E+03
1.08600E+01        8.62766322122E+03
1.08660E+01        8.61887783124E+03
1.08720E+01        8.61010581251E+03
1.08780E+01        8.60134713803E+03
1.08840E+01        8.59260178085E+03
1.08900E+01        8.58386971409E+03
1.08960E+01        8.57515091094E+03
1.09020E+01        8.56644534465E+03
1.09080E+01        8.55775298856E+03
1.09140E+01        8.54907381604E+03
1.09200E+01        8.54040780056E+03
1.09260E+01        8.53175491564E+03
1.09320E+01        8.52311513487E+03
1.09380E+01        8.51448843190E+03
1.09440E+01        8.50587478046E+03
1.09500E+01        8.49727415434E+03
1.09560E+01        8.48868652738E+03
1.09620E+01        8.48011187350E+03
1.09680E+01        8.47155016669E+03
1.09740E+01        8.46300981473E+03
1.09800E+01        8.45446840310E+03
1.09860E+01        8.44594246947E+03
1.09920E+01        8.43743229206E+03
1.09980E+01        8.42893493260E+03
1.10040E+01        8.42045036546E+03
1.10100E+01        8.41198146300E+03
1.10160E+01        8.40352240095E+03
1.10220E+01        8.39507605472E+03
1.10280E+01        8.38664239893E+03
1.10340E+01        8.37822140827E+03
1.10400E+01        8.36981305748E+03
1.10460E+01        8.36141732138E+03
1.10520E+01        8.35303417484E+03
1.10580E+01        8.34466359280E+03
1.10640E+01        8.33630555026E+03
1.10700E+01        8.32796002228E+03
1.10760E+01        8.31962698398E+03
1.10820E+01        8.31130641054E+03
1.10880E+01        8.30299827721E+03
1.10940E+01        8.29470255929E+03
1.11000E+01        8.28641923216E+03
1.11060E+01        8.27814827124E+03
1.11120E+01        8.26988965202E+03
1.11180E+01        8.26164335004E+03
1.11240E+01        8.25340934093E+03
1.11300E+01        8.24518475994E+03
1.11360E+01        8.23697526643E+03
1.11420E+01        8.22877799297E+03
1.11480E+01        8.22059291540E+03
1.11540E+01        8.21242283873E+03
1.11600E+01        8.20425925162E+03
1.11660E+01        8.19611061741E+03
1.11720E+01        8.18797408307E+03
1.11780E+01        8.17984962475E+03
1.11840E+01        8.17173721866E+03
1.11900E+01        8.16363684104E+03
1.11960E+01        8.15554846823E+03
1.12020E+01        8.14747207660E+03
1.12080E+01        8.13940764259E+03
1.12140E+01        8.13135514268E+03
1.12200E+01        8.12331455342E+03
1.12260E+01        8.11528585143E+03
1.12320E+01        8.10726901337E+03
1.12380E+01        8.09925873514E+03
1.12440E+01        8.09126556037E+03
1.12500E+01        8.08328417986E+03
1.12560E+01        8.07531457049E+03
1.12620E+01        8.06735670921E+03
1.12680E+01        8.05941057303E+03
1.12740E+01        8.05147613901E+03
1.12800E+01        8.04355338426E+03
1.12860E+01        8.03564228596E+03
1.12920E+01        8.02774282133E+03
1.12980E+01        8.01985496765E+03
1.13040E+01        8.01197870226E+03
1.13100E+01        8.00411400256E+03
1.13160E+01        7.99626084599E+03
1.13220E+01        7.98841921005E+03
1.13280E+01        7.98058907230E+03
1.13340E+01        7.97277041035E+03
1.13400E+01        7.96496320186E+03
1.13460E+01        7.95716742457E+03
1.13520E+01        7.94937513483E+03
1.13580E+01        7.94160216103E+03
1.13640E+01        7.93384055189E+03
1.13700E+01        7.92609028534E+03
1.13760E+01        7.91835133936E+03
1.13820E+01        7.91062369200E+03
1.13880E+01        7.90290732136E+03
1.13940E+01        7.89520220557E+03
1.14000E+01        7.88750832284E+03
1.14060E+01        7.87982565142E+03
1.14120E+01        7.87215416961E+03
1.14180E+01        7.86449385577E+03
1.14240E+01        7.85684468832E+03
1.14300E+01        7.84920152808E+03
1.14360E+01        7.84157459379E+03
1.14420E+01        7.83395874141E+03
1.14480E+01        7.82635394955E+03
1.14540E+01        7.81876019688E+03
1.14600E+01        7.81117746212E+03
1.14660E+01        7.80360303590E+03
1.14720E+01        7.79604227592E+03
1.14780E+01        7.78849247031E+03
1.14840E+01        7.78095359798E+03
1.14900E+01        7.77342563792E+03
1.14960E+01        7.76590856913E+03
1.15020E+01        7.75839731233E+03
1.15080E+01        7.75090196826E+03
1.15140E+01        7.74341745283E+03
1.15200E+01        7.73594374526E+03
1.15260E+01        7.72848082483E+03
1.15320E+01        7.72102867085E+03
1.15380E+01        7.71358726269E+03
1.15440E+01        7.70615392525E+03
1.15500E+01        7.69873394961E+03
1.15560E+01        7.69132465820E+03
1.15620E+01        7.68392603059E+03
1.15680E+01        7.67653304145E+03
1.15740E+01        7.66915568513E+03
1.15800E+01        7.66178893160E+03
1.15860E+01        7.65443276060E+03
1.15920E+01        7.64708715194E+03
1.15980E+01        7.63975208549E+03
1.16040E+01        7.63242754115E+03
1.16100E+01        7.62511349887E+03
1.16160E+01        7.61780731457E+03
1.16220E+01        7.61051421896E+03
1.16280E+01        7.60323156555E+03
1.16340E+01        7.59595438212E+03
1.16400E+01        7.58869255831E+03
1.16460E+01        7.58144111726E+03
1.16520E+01        7.57420003923E+03
1.16580E+01        7.56696930457E+03
1.16640E+01        7.55974889365E+03
1.16700E+01        7.55253878688E+03
1.16760E+01        7.54533896474E+03
1.16820E+01        7.53814189651E+03
1.16880E+01        7.53096259237E+03
1.16940E+01        7.52379351452E+03
1.17000E+01        7.51663464362E+03
1.17060E+01        7.50948596036E+03
1.17120E+01        7.50234744549E+03
1.17180E+01        7.49521907978E+03
1.17240E+01        7.48810084408E+03
1.17300E+01        7.48099271926E+03
1.17360E+01        7.47388723909E+03
1.17420E+01        7.46679928592E+03
1.17480E+01        7.45972138651E+03
1.17540E+01        7.45265352194E+03
1.17600E+01        7.44559567329E+03
1.17660E+01        7.43854782173E+03
1.17720E+01        7.43150994842E+03
1.17780E+01        7.42448203462E+03
1.17840E+01        7.41746406159E+03
1.17900E+01        7.41045117936E+03
1.17960E+01        7.40345048628E+03
1.18020E+01        7.39646223065E+03
1.18080E+01        7.38948384134E+03
1.18140E+01        7.38251529983E+03
1.18200E+01        7.37555658767E+03
1.18260E+01        7.36860768643E+03
1.18320E+01        7.36166857775E+03
1.18380E+01        7.35473444835E+03
1.18440E+01        7.34781487434E+03
1.18500E+01        7.34090250939E+03
1.18560E+01        7.33400239491E+03
1.18620E+01        7.32711198173E+03
1.18680E+01        7.32023125173E+03
1.18740E+01        7.31336018685E+03
1.18800E+01        7.30649400557E+03
1.18860E+01        7.29964222131E+03
1.18920E+01        7.29280004816E+03
1.18980E+01        7.28596495856E+03
1.19040E+01        7.27914195632E+03
1.19100E+01        7.27232851158E+03
1.19160E+01        7.26552460657E+03
1.19220E+01        7.25872549124E+03
1.19280E+01        7.25194061691E+03
1.19340E+01        7.24516522918E+03
1.19400E+01        7.23839931043E+03
1.19460E+01        7.23164035215E+03
1.19520E+01        7.22489332099E+03
1.19580E+01        7.21815570618E+03
1.19640E+01        7.21142749027E+03
1.19700E+01        7.20470395880E+03
1.19760E+01        7.19799449285E+03
1.19820E+01        7.19129437364E+03
1.19880E+01        7.18460110918E+03
1.19940E+01        7.17791963392E+03
1.20000E+01        7.17124745364E+03
1.20060E+01        7.16458455115E+03
1.20120E+01        7.15792624280E+03
1.20180E+01        7.15128184885E+03
1.20240E+01        7.14464668137E+03
1.20300E+01        7.13801826470E+03
1.20360E+01        7.13140150145E+03
1.20420E+01        7.12479391372E+03
1.20480E+01        7.11819084403E+03
1.20540E+01        7.11160156098E+03
1.20600E+01        7.10502140286E+03
1.20660E+01        7.09844790785E+03
1.20720E+01        7.09188595150E+03
1.20780E+01        7.08533306982E+03
1.20840E+01        7.07878924613E+03
1.20900E+01        7.07224985319E+03
1.20960E+01        7.06572409987E+03
1.21020E+01        7.05920735474E+03
1.21080E+01        7.05269717204E+03
1.21140E+01        7.04619839600E+03
1.21200E+01        7.03970857870E+03
1.21260E+01        7.03322311859E+03
1.21320E+01        7.02675117379E+03
1.21380E+01        7.02028813860E+03
1.21440E+01        7.01383158088E+03
1.21500E+01        7.00738631828E+03
1.21560E+01        7.00094991651E+03
1.21620E+01        6.99451779950E+03
1.21680E+01        6.98809907505E+03
1.21740E+01        6.98168916297E+03
1.21800E+01        6.97528564464E+03
1.21860E+01        6.96889331132E+03
1.21920E+01        6.96250974225E+03
1.21980E+01        6.95613038663E+03
1.22040E+01        6.94976430235E+03
1.22100E+01        6.94340693452E+03
1.22160E+01        6.93705826729E+03
1.22220E+01        6.93071589764E+03
1.22280E+01        6.92438007222E+03
1.22340E+01        6.91805741829E+03
1.22400E+01        6.91174340185E+03
1.22460E+01        6.90543800725E+03
1.22520E+01        6.89913884253E+03
1.22580E+01        6.89285064686E+03
1.22640E+01        6.88656653673E+03
1.22700E+01        6.88029547961E+03
1.22760E+01        6.87403296643E+03
1.22820E+01        6.86777898174E+03
1.22880E+01        6.86153114675E+03
1.22940E+01        6.85528970587E+03
1.23000E+01        6.84906122037E+03
1.23060E+01        6.84284120181E+03
1.23120E+01        6.83662963491E+03
1.23180E+01        6.83042415178E+03
1.23240E+01        6.82422944456E+03
1.23300E+01        6.81803869858E+03
1.23360E+01        6.81186079218E+03
1.23420E+01        6.80569126145E+03
1.23480E+01        6.79953009132E+03
1.23540E+01        6.79337492688E+03
1.23600E+01        6.78722601028E+03
1.23660E+01        6.78108983783E+03
1.23720E+01        6.77496196594E+03
1.23780E+01        6.76884237969E+03
1.23840E+01        6.76272873492E+03
1.23900E+01        6.75662127275E+03
1.23960E+01        6.75052646030E+03
1.24020E+01        6.74443987412E+03
1.24080E+01        6.73836149946E+03
1.24140E+01        6.73228900281E+03
1.24200E+01        6.72622262432E+03
1.24260E+01        6.72016880205E+03
1.24320E+01        6.71412313260E+03
1.24380E+01        6.70808560137E+03
1.24440E+01        6.70205388545E+03
1.24500E+01        6.69602822399E+03
1.24560E+01        6.69001502621E+03
1.24620E+01        6.68400990861E+03
1.24680E+01        6.67801285676E+03
1.24740E+01        6.67202155825E+03
1.24800E+01        6.66603625123E+03
1.24860E+01        6.66006331632E+03
1.24920E+01        6.65409838974E+03
1.24980E+01        6.64814145723E+03
1.25040E+01        6.64219021682E+03
1.25100E+01        6.63624490570E+03
1.25160E+01        6.63031187601E+03
1.25220E+01        6.62438678361E+03
1.25280E+01        6.61846733485E+03
1.25340E+01        6.61255807677E+03
1.25400E+01        6.60665240693E+03
1.25460E+01        6.60075892878E+03
1.25520E+01        6.59487331766E+03
1.25580E+01        6.58899329024E+03
1.25640E+01        6.58312337337E+03
1.25700E+01        6.57725699413E+03
1.25760E+01        6.57140271773E+03
1.25820E+01        6.56555623888E+03
1.25880E+01        6.55971528447E+03
1.25940E+01        6.55388008897E+03
1.26000E+01        6.54805692587E+03
1.26060E+01        6.54224150528E+03
1.26120E+01        6.53643156225E+03
1.26180E+01        6.53063158765E+03
1.26240E+01        6.52483506118E+03
1.26300E+01        6.51905047987E+03
1.26360E+01        6.51327357294E+03
1.26420E+01        6.50750208558E+03
1.26480E+01        6.50174048884E+03
1.26540E+01        6.49598229139E+03
1.26600E+01        6.49023595271E+03
1.26660E+01        6.48449498769E+03
1.26720E+01        6.47876385163E+03
1.26780E+01        6.47303607621E+03
1.26840E+01        6.46732009110E+03
1.26900E+01        6.46161165963E+03
1.26960E+01        6.45590854502E+03
1.27020E+01        6.45021518302E+03
1.27080E+01        6.44452513392E+03
1.27140E+01        6.43884679028E+03
1.27200E+01        6.43317371856E+03
1.27260E+01        6.42751033893E+03
1.27320E+01        6.42185023442E+03
1.27380E+01        6.41620176813E+03
1.27440E+01        6.41055852922E+03
1.27500E+01        6.40492492237E+03
1.27560E+01        6.39929455326E+03
1.27620E+01        6.39367575564E+03
1.27680E+01        6.38806434140E+03
1.27740E+01        6.38245809945E+03
1.27800E+01        6.37686141524E+03
1.27860E+01        6.37126792256E+03
1.27920E+01        6.36568591872E+03
1.27980E+01        6.36010904356E+03
1.28040E+01        6.35454166722E+03
1.28100E+01        6.34897744587E+03
1.28160E+01        6.34342464780E+03
1.28220E+01        6.33787693522E+03
1.28280E+01        6.33233866302E+03
1.28340E+01        6.32680350963E+03
1.28400E+01        6.32127971451E+03
1.28460E+01        6.31576096206E+03
1.28520E+01        6.31025159204E+03
1.28580E+01        6.30474530501E+03
1.28640E+01        6.29925031174E+03
1.28700E+01        6.29376031872E+03
1.28760E+01        6.28827965066E+03
1.28820E+01        6.28280203013E+03
1.28880E+01        6.27733563935E+03
1.28940E+01        6.27187420681E+03
1.29000E+01        6.26642204222E+03
1.29060E+01        6.26097289004E+03
1.29120E+01        6.25553490412E+03
1.29180E+01        6.25010183480E+03
1.29240E+01        6.24467797688E+03
1.29300E+01        6.23925709663E+03
1.29360E+01        6.23384731961E+03
1.29420E+01        6.22844241796E+03
1.29480E+01        6.22304667163E+03
1.29540E+01        6.21765792155E+03
1.29600E+01        6.21227210618E+03
1.29660E+01        6.20689517832E+03
1.29720E+01        6.20152735014E+03
1.29780E+01        6.19616243114E+03
1.29840E+01        6.19080635872E+03
1.29900E+01        6.18545934455E+03
1.29960E+01        6.18011924275E+03
1.30020E+01        6.17478201642E+03
1.30080E+01        6.16945358247E+03
1.30140E+01        6.16413415193E+03
1.30200E+01        6.15882158640E+03
1.30260E+01        6.15351186292E+03
1.30320E+01        6.14821087810E+03
1.30380E+01        6.14291884228E+03
1.30440E+01        6.13763362450E+03
1.30500E+01        6.13234910374E+03
1.30560E+01        6.12707749227E+03
1.30620E+01        6.12181266388E+03
1.30680E+01        6.11655460694E+03
1.30740E+01        6.11129722156E+03
1.30800E+01        6.10605267808E+03
1.30860E+01        6.10081487139E+03
1.30920E+01        6.09558379000E+03
1.30980E+01        6.09035335496E+03
1.31040E+01        6.08513569494E+03
1.31100E+01        6.07992472584E+03
1.31160E+01        6.07471438438E+03
1.31220E+01        6.06951676810E+03
1.31280E+01        6.06432580858E+03
1.31340E+01        6.05914149449E+03
1.31400E+01        6.05395778335E+03
1.31460E+01        6.04878673137E+03
1.31520E+01        6.04362229094E+03
1.31580E+01        6.03846445084E+03
1.31640E+01        6.03330718927E+03
1.31700E+01        6.02816252133E+03
1.31760E+01        6.02302442012E+03
1.31820E+01        6.01788687931E+03
1.31880E+01        6.01276188330E+03
1.31940E+01        6.00764342066E+03
1.32000E+01        6.00253148032E+03
1.32060E+01        5.99742007643E+03
1.32120E+01        5.99232115265E+03
1.32180E+01        5.98722871809E+03
1.32240E+01        5.98214070156E+03
1.32300E+01        5.97705731821E+03
1.32360E+01        5.97198429056E+03
1.32420E+01        5.96691565338E+03
1.32480E+01        5.96185162132E+03
1.32540E+01        5.95679790234E+03
1.32600E+01        5.95175059619E+03
1.32660E+01        5.94670764406E+03
1.32720E+01        5.94166925990E+03
1.32780E+01        5.93664113242E+03
1.32840E+01        5.93161733182E+03
1.32900E+01        5.92660193469E+03
1.32960E+01        5.92158902593E+03
1.33020E+01        5.91658631786E+03
1.33080E+01        5.91158790080E+03
1.33140E+01        5.90659398751E+03
1.33200E+01        5.90161023318E+03
1.33260E+01        5.89663074316E+03
1.33320E+01        5.89165572971E+03
1.33380E+01        5.88669083375E+03
1.33440E+01        5.88173220116E+03
1.33500E+01        5.87677779755E+03
1.33560E+01        5.87182783453E+03
1.33620E+01        5.86688793405E+03
1.33680E+01        5.86195223628E+03
1.33740E+01        5.85702095230E+03
1.33800E+01        5.85209968993E+03
1.33860E+01        5.84718260415E+03
1.33920E+01        5.84227371369E+03
1.33980E+01        5.83736718790E+03
1.34040E+01        5.83246862089E+03
1.34100E+01        5.82757821318E+03
1.34160E+01        5.82269014884E+03
1.34220E+01        5.81781000795E+03
1.34280E+01        5.81293799054E+03
1.34340E+01        5.80807208117E+03
1.34400E+01        5.80320848703E+03
1.34460E+01        5.79835276953E+03
1.34520E+01        5.79350512812E+03
1.34580E+01        5.78865978099E+03
1.34640E+01        5.78382227565E+03
1.34700E+01        5.77899281107E+03
1.34760E+01        5.77416562001E+03
1.34820E+01        5.76934623607E+03
1.34880E+01        5.76453485780E+03
1.34940E+01        5.75972948667E+03
1.35000E+01        5.75492437969E+03
1.35060E+01        5.75013099773E+03
1.35120E+01        5.74534359306E+03
1.35180E+01        5.74055841399E+03
1.35240E+01        5.73578096200E+03
1.35300E+01        5.73101143455E+03
1.35360E+01        5.72624411242E+03
1.35420E+01        5.72148448339E+03
1.35480E+01        5.71673274447E+03
1.35540E+01        5.71198691386E+03
1.35600E+01        5.70724129633E+03
1.35660E+01        5.70250725780E+03
1.35720E+01        5.69777909834E+03
1.35780E+01        5.69305113691E+03
1.35840E+01        5.68833471118E+03
1.35900E+01        5.68362413545E+03
1.35960E+01        5.67891374282E+03
1.36020E+01        5.67421484284E+03
1.36080E+01        5.66952176395E+03
1.36140E+01        5.66482885339E+03
1.36200E+01        5.66014739263E+03
1.36260E+01        5.65547172426E+03
1.36320E+01        5.65079989275E+03
1.36380E+01        5.64613210202E+03
1.36440E+01        5.64147375835E+03
1.36500E+01        5.63681922787E+03
1.36560E+01        5.63216871405E+03
1.36620E+01        5.62752760979E+03
1.36680E+01        5.62289029523E+03
1.36740E+01        5.61825697333E+03
1.36800E+01        5.61363302373E+03
1.36860E+01        5.60901284047E+03
1.36920E+01        5.60439662605E+03
1.36980E+01        5.59978974686E+03
1.37040E+01        5.59518661082E+03
1.37100E+01        5.59058741996E+03
1.37160E+01        5.58599752745E+03
1.37220E+01        5.58141135505E+03
1.37280E+01        5.57682910432E+03
1.37340E+01        5.57225611528E+03
1.37400E+01        5.56768682346E+03
1.37460E+01        5.56312142995E+03
1.37520E+01        5.55856526167E+03
1.37580E+01        5.55401276787E+03
1.37640E+01        5.54946414918E+03
1.37700E+01        5.54492471946E+03
1.37760E+01        5.54038894163E+03
1.37820E+01        5.53585701584E+03
1.37880E+01        5.53133424298E+03
1.37940E+01        5.52681509956E+03
1.38000E+01        5.52230338467E+03
1.38060E+01        5.51779358806E+03
1.38120E+01        5.51329099799E+03
1.38180E+01        5.50879221432E+03
1.38240E+01        5.50430251203E+03
1.38300E+01        5.49981639474E+03
1.38360E+01        5.49533764304E+03
1.38420E+01        5.49085888279E+03
1.38480E+01        5.48639104908E+03
1.38540E+01        5.48192508583E+03
1.38600E+01        5.47746624695E+03
1.38660E+01        5.47301472174E+03
1.38720E+01        5.46856861362E+03
1.38780E+01        5.46412247072E+03
1.38840E+01        5.45968717491E+03
1.38900E+01        5.45525371428E+03
1.38960E+01        5.45082731723E+03
1.39020E+01        5.44640817220E+03
1.39080E+01        5.44199439190E+03
1.39140E+01        5.43758055105E+03
1.39200E+01        5.43317747865E+03
1.39260E+01        5.42877620668E+03
1.39320E+01        5.42438193817E+03
1.39380E+01        5.41999486074E+03
1.39440E+01        5.41560770159E+03
1.39500E+01        5.41123124600E+03
1.39560E+01        5.40686008632E+03
1.39620E+01        5.40248883238E+03
1.39680E+01        5.39812824332E+03
1.39740E+01        5.39377292465E+03
1.39800E+01        5.38941749929E+03
1.39860E+01        5.38507270033E+03
1.39920E+01        5.38073314640E+03
1.39980E+01        5.37639347343E+03
1.40040E+01        5.37206438860E+03
