# %ECSV 0.9
# ---
# datatype:
# - {name: wavelength, unit: micron, datatype: float64}
# - {name: flux, unit: microJansky, datatype: float64}
# schema: astropy-2.0
#
#
#  - - File generated by ExoNoodle - -
#         V1.0.0 - MML (CEA-Saclay)
#       2021-03-25 15:37:33.308590
wavelength flux 
3.00000E+00        7.36087731014E+04
3.00600E+00        7.34067660730E+04
3.01200E+00        7.32055577630E+04
3.01800E+00        7.30050419087E+04
3.02400E+00        7.28052445411E+04
3.03000E+00        7.26062129733E+04
3.03600E+00        7.24079237954E+04
3.04200E+00        7.22103349382E+04
3.04800E+00        7.20135122373E+04
3.05400E+00        7.18174089116E+04
3.06000E+00        7.16220114484E+04
3.06600E+00        7.14273570027E+04
3.07200E+00        7.12334073275E+04
3.07800E+00        7.10401854000E+04
3.08400E+00        7.08476578885E+04
3.09000E+00        7.06558371764E+04
3.09600E+00        7.04647539205E+04
3.10200E+00        7.02743473373E+04
3.10800E+00        7.00846435321E+04
3.11400E+00        6.98956396316E+04
3.12000E+00        6.97073568091E+04
3.12600E+00        6.95197440651E+04
3.13200E+00        6.93328226542E+04
3.13800E+00        6.91465852140E+04
3.14400E+00        6.89610379669E+04
3.15000E+00        6.87761690579E+04
3.15600E+00        6.85919801924E+04
3.16200E+00        6.84084730360E+04
3.16800E+00        6.82256358319E+04
3.17400E+00        6.80434747238E+04
3.18000E+00        6.78619780203E+04
3.18600E+00        6.76811474095E+04
3.19200E+00        6.75009568509E+04
3.19800E+00        6.73214634101E+04
3.20400E+00        6.71426189460E+04
3.21000E+00        6.69644339271E+04
3.21600E+00        6.67868968570E+04
3.22200E+00        6.66099951483E+04
3.22800E+00        6.64337589891E+04
3.23400E+00        6.62581626836E+04
3.24000E+00        6.60831937501E+04
3.24600E+00        6.59088907620E+04
3.25200E+00        6.57352195693E+04
3.25800E+00        6.55621592223E+04
3.26400E+00        6.53897566150E+04
3.27000E+00        6.52179596502E+04
3.27600E+00        6.50468149802E+04
3.28200E+00        6.48762623033E+04
3.28800E+00        6.47063650207E+04
3.29400E+00        6.45370768993E+04
3.30000E+00        6.43683858387E+04
3.30600E+00        6.42003336643E+04
3.31200E+00        6.40328650607E+04
3.31800E+00        6.38660038608E+04
3.32400E+00        6.36997736325E+04
3.33000E+00        6.35341195008E+04
3.33600E+00        6.33690651211E+04
3.34200E+00        6.32046079618E+04
3.34800E+00        6.30407713581E+04
3.35400E+00        6.28775010162E+04
3.36000E+00        6.27148203579E+04
3.36600E+00        6.25527187111E+04
3.37200E+00        6.23912099714E+04
3.37800E+00        6.22303049205E+04
3.38400E+00        6.20699500114E+04
3.39000E+00        6.19101805533E+04
3.39600E+00        6.17509778905E+04
3.40200E+00        6.15923517298E+04
3.40800E+00        6.14342915817E+04
3.41400E+00        6.12768030727E+04
3.42000E+00        6.11198717786E+04
3.42600E+00        6.09634863016E+04
3.43200E+00        6.08076823388E+04
3.43800E+00        6.06524324753E+04
3.44400E+00        6.04977383279E+04
3.45000E+00        6.03435935934E+04
3.45600E+00        6.01899830709E+04
3.46200E+00        6.00369380968E+04
3.46800E+00        5.98844394815E+04
3.47400E+00        5.97324849047E+04
3.48000E+00        5.95810476196E+04
3.48600E+00        5.94301742585E+04
3.49200E+00        5.92798137197E+04
3.49800E+00        5.91300008105E+04
3.50400E+00        5.89807079164E+04
3.51000E+00        5.88319657426E+04
3.51600E+00        5.86837237467E+04
3.52200E+00        5.85360317347E+04
3.52800E+00        5.83888393978E+04
3.53400E+00        5.82421886553E+04
3.54000E+00        5.80960370828E+04
3.54600E+00        5.79504026023E+04
3.55200E+00        5.78052991648E+04
3.55800E+00        5.76606847048E+04
3.56400E+00        5.75165883281E+04
3.57000E+00        5.73729928071E+04
3.57600E+00        5.72299232483E+04
3.58200E+00        5.70873379928E+04
3.58800E+00        5.69452546769E+04
3.59400E+00        5.68036674546E+04
3.60000E+00        5.66625779337E+04
3.60600E+00        5.65219839996E+04
3.61200E+00        5.63818798614E+04
3.61800E+00        5.62422708028E+04
3.62400E+00        5.61031667150E+04
3.63000E+00        5.59645304773E+04
3.63600E+00        5.58263794090E+04
3.64200E+00        5.56886849730E+04
3.64800E+00        5.55514981378E+04
3.65400E+00        5.54147866969E+04
3.66000E+00        5.52785486442E+04
3.66600E+00        5.51427855868E+04
3.67200E+00        5.50074955094E+04
3.67800E+00        5.48726764059E+04
3.68400E+00        5.47383227011E+04
3.69000E+00        5.46044207485E+04
3.69600E+00        5.44709991128E+04
3.70200E+00        5.43380405321E+04
3.70800E+00        5.42055430444E+04
3.71400E+00        5.40734825227E+04
3.72000E+00        5.39419014237E+04
3.72600E+00        5.38107720666E+04
3.73200E+00        5.36800995670E+04
3.73800E+00        5.35498530219E+04
3.74400E+00        5.34200780091E+04
3.75000E+00        5.32907322457E+04
3.75600E+00        5.31618471472E+04
3.76200E+00        5.30334093731E+04
3.76800E+00        5.29053918704E+04
3.77400E+00        5.27778111210E+04
3.78000E+00        5.26506903213E+04
3.78600E+00        5.25240059265E+04
3.79200E+00        5.23977380334E+04
3.79800E+00        5.22718995398E+04
3.80400E+00        5.21465100266E+04
3.81000E+00        5.20215350846E+04
3.81600E+00        5.18969986099E+04
3.82200E+00        5.17728765659E+04
3.82800E+00        5.16491893422E+04
3.83400E+00        5.15259096573E+04
3.84000E+00        5.14030468366E+04
3.84600E+00        5.12806235140E+04
3.85200E+00        5.11585958249E+04
3.85800E+00        5.10369864296E+04
3.86400E+00        5.09158011265E+04
3.87000E+00        5.07950130449E+04
3.87600E+00        5.06746314003E+04
3.88200E+00        5.05546818326E+04
3.88800E+00        5.04351145062E+04
3.89400E+00        5.03159518062E+04
3.90000E+00        5.01971920355E+04
3.90600E+00        5.00788335049E+04
3.91200E+00        4.99608745329E+04
3.91800E+00        4.98433306251E+04
3.92400E+00        4.97261624665E+04
3.93000E+00        4.96093921258E+04
3.93600E+00        4.94930114604E+04
3.94200E+00        4.93770253039E+04
3.94800E+00        4.92614223398E+04
3.95400E+00        4.91462106210E+04
3.96000E+00        4.90313853001E+04
3.96600E+00        4.89169415671E+04
3.97200E+00        4.88028810283E+04
3.97800E+00        4.86892052675E+04
3.98400E+00        4.85759063226E+04
3.99000E+00        4.84629857997E+04
3.99600E+00        4.83504421225E+04
4.00200E+00        4.82382705699E+04
4.00800E+00        4.81264758926E+04
4.01400E+00        4.80150502388E+04
4.02000E+00        4.79039952138E+04
4.02600E+00        4.77933124010E+04
4.03200E+00        4.76829940138E+04
4.03800E+00        4.75730385481E+04
4.04400E+00        4.74634538122E+04
4.05000E+00        4.73542095526E+04
4.05600E+00        4.72453462489E+04
4.06200E+00        4.71368398630E+04
4.06800E+00        4.70286950725E+04
4.07400E+00        4.69209042400E+04
4.08000E+00        4.68134528350E+04
4.08600E+00        4.67063716927E+04
4.09200E+00        4.65996431791E+04
4.09800E+00        4.64932658378E+04
4.10400E+00        4.63872192012E+04
4.11000E+00        4.62815399065E+04
4.11600E+00        4.61762014210E+04
4.12200E+00        4.60711985212E+04
4.12800E+00        4.59665525239E+04
4.13400E+00        4.58622521135E+04
4.14000E+00        4.57582741097E+04
4.14600E+00        4.56546487057E+04
4.15200E+00        4.55513489744E+04
4.15800E+00        4.54484049385E+04
4.16400E+00        4.53457757542E+04
4.17000E+00        4.52434948543E+04
4.17600E+00        4.51415623889E+04
4.18200E+00        4.50399164121E+04
4.18800E+00        4.49386455766E+04
4.19400E+00        4.48376587228E+04
4.20000E+00        4.47370441114E+04
4.20600E+00        4.46367109988E+04
4.21200E+00        4.45367472560E+04
4.21800E+00        4.44370625526E+04
4.22400E+00        4.43377443727E+04
4.23000E+00        4.42387027965E+04
4.23600E+00        4.41399960794E+04
4.24200E+00        4.40416212410E+04
4.24800E+00        4.39435497517E+04
4.25400E+00        4.38458074945E+04
4.26000E+00        4.37483509966E+04
4.26600E+00        4.36512512620E+04
4.27200E+00        4.35544197873E+04
4.27800E+00        4.34578989702E+04
4.28400E+00        4.33617158849E+04
4.29000E+00        4.32657827241E+04
4.29600E+00        4.31688771462E+04
4.30200E+00        4.30703241169E+04
4.30800E+00        4.29781232440E+04
4.31400E+00        4.28817481050E+04
4.32000E+00        4.27873247900E+04
4.32600E+00        4.26751992471E+04
4.33200E+00        4.25984255008E+04
4.33800E+00        4.25022685373E+04
4.34400E+00        4.24022839646E+04
4.35000E+00        4.23043220042E+04
4.35600E+00        4.22164332676E+04
4.36200E+00        4.21219409408E+04
4.36800E+00        4.20298902966E+04
4.37400E+00        4.19171925816E+04
4.38000E+00        4.18492014029E+04
4.38600E+00        4.17368000580E+04
4.39200E+00        4.16649782424E+04
4.39800E+00        4.15529204895E+04
4.40400E+00        4.14801132601E+04
4.41000E+00        4.13889553468E+04
4.41600E+00        4.12898887273E+04
4.42200E+00        4.12093205877E+04
4.42800E+00        4.11207523818E+04
4.43400E+00        4.10233732549E+04
4.44000E+00        4.09285181970E+04
4.44600E+00        4.08499004110E+04
4.45200E+00        4.07632935921E+04
4.45800E+00        4.06757546234E+04
4.46400E+00        4.05879666720E+04
4.47000E+00        4.04984294999E+04
4.47600E+00        4.04096157493E+04
4.48200E+00        4.03192392079E+04
4.48800E+00        4.02312632971E+04
4.49400E+00        4.01462133134E+04
4.50000E+00        4.00577674604E+04
4.50600E+00        3.99725609611E+04
4.51200E+00        3.98890521625E+04
4.51800E+00        3.98069900952E+04
4.52400E+00        3.97051482021E+04
4.53000E+00        3.96411031073E+04
4.53600E+00        3.95570391668E+04
4.54200E+00        3.94730179681E+04
4.54800E+00        3.93902000728E+04
4.55400E+00        3.93019113144E+04
4.56000E+00        3.92190178715E+04
4.56600E+00        3.91276719500E+04
4.57200E+00        3.90525195538E+04
4.57800E+00        3.89734654873E+04
4.58400E+00        3.88874266617E+04
4.59000E+00        3.88069126617E+04
4.59600E+00        3.87248394880E+04
4.60200E+00        3.86230955230E+04
4.60800E+00        3.85621326463E+04
4.61400E+00        3.84831361758E+04
4.62000E+00        3.83940877243E+04
4.62600E+00        3.83184791767E+04
4.63200E+00        3.82416611691E+04
4.63800E+00        3.81652186783E+04
4.64400E+00        3.80810400275E+04
4.65000E+00        3.80002072305E+04
4.65600E+00        3.79307347807E+04
4.66200E+00        3.78567785065E+04
4.66800E+00        3.77718186210E+04
4.67400E+00        3.76773037660E+04
4.68000E+00        3.76119314461E+04
4.68600E+00        3.75402735800E+04
4.69200E+00        3.74541636000E+04
4.69800E+00        3.73789853548E+04
4.70400E+00        3.73067804986E+04
4.71000E+00        3.72239613175E+04
4.71600E+00        3.71466203907E+04
4.72200E+00        3.70723931207E+04
4.72800E+00        3.69951436406E+04
4.73400E+00        3.69149549072E+04
4.74000E+00        3.68436598418E+04
4.74600E+00        3.67639066609E+04
4.75200E+00        3.66917130789E+04
4.75800E+00        3.66162733594E+04
4.76400E+00        3.65284635508E+04
4.77000E+00        3.64692293842E+04
4.77600E+00        3.63906599689E+04
4.78200E+00        3.63124577929E+04
4.78800E+00        3.62469268184E+04
4.79400E+00        3.61489327497E+04
4.80000E+00        3.60943324295E+04
4.80600E+00        3.60246108984E+04
4.81200E+00        3.59361270786E+04
4.81800E+00        3.58796863181E+04
4.82400E+00        3.57938815936E+04
4.83000E+00        3.57339205309E+04
4.83600E+00        3.56446967666E+04
4.84200E+00        3.55847815083E+04
4.84800E+00        3.55189033131E+04
4.85400E+00        3.54304640914E+04
4.86000E+00        3.53746185895E+04
4.86600E+00        3.52939834875E+04
4.87200E+00        3.52297511914E+04
4.87800E+00        3.51530070335E+04
4.88400E+00        3.50758944143E+04
4.89000E+00        3.50206755368E+04
4.89600E+00        3.49460828661E+04
4.90200E+00        3.48815519419E+04
4.90800E+00        3.47997301588E+04
4.91400E+00        3.47394145683E+04
4.92000E+00        3.46405703886E+04
4.92600E+00        3.45953814936E+04
4.93200E+00        3.45216749861E+04
4.93800E+00        3.44320893257E+04
4.94400E+00        3.43904856429E+04
4.95000E+00        3.43283510311E+04
4.95600E+00        3.42552987120E+04
4.96200E+00        3.41923585412E+04
4.96800E+00        3.41139078358E+04
4.97400E+00        3.40589426221E+04
4.98000E+00        3.39747949124E+04
4.98600E+00        3.39242611313E+04
4.99200E+00        3.38528053110E+04
4.99800E+00        3.37919362444E+04
5.00400E+00        3.37190394596E+04
5.01000E+00        3.36294798089E+04
5.01600E+00        3.35825315587E+04
5.02200E+00        3.35128153558E+04
5.02800E+00        3.34455808818E+04
5.03400E+00        3.33947878678E+04
5.04000E+00        3.33108267056E+04
5.04600E+00        3.32630379744E+04
5.05200E+00        3.31910094024E+04
5.05800E+00        3.31304885797E+04
5.06400E+00        3.30635758392E+04
5.07000E+00        3.30003440472E+04
5.07600E+00        3.29416276085E+04
5.08200E+00        3.28568529754E+04
5.08800E+00        3.28150809201E+04
5.09400E+00        3.27220472950E+04
5.10000E+00        3.26868490720E+04
5.10600E+00        3.26116649130E+04
5.11200E+00        3.25603658719E+04
5.11800E+00        3.24828173486E+04
5.12400E+00        3.24329576665E+04
5.13000E+00        3.23673523991E+04
5.13600E+00        3.23090256129E+04
5.14200E+00        3.22477885509E+04
5.14800E+00        3.21836625943E+04
5.15400E+00        3.21257568983E+04
5.16000E+00        3.20421150902E+04
5.16600E+00        3.20030198272E+04
5.17200E+00        3.19307857338E+04
5.17800E+00        3.18798369106E+04
5.18400E+00        3.18116548511E+04
5.19000E+00        3.17543783347E+04
5.19600E+00        3.16962301035E+04
5.20200E+00        3.16275214904E+04
5.20800E+00        3.15661780449E+04
5.21400E+00        3.15114759209E+04
5.22000E+00        3.14550259977E+04
5.22600E+00        3.13676314201E+04
5.23200E+00        3.12955764042E+04
5.23800E+00        3.12757723753E+04
5.24400E+00        3.12137569700E+04
5.25000E+00        3.11546787538E+04
5.25600E+00        3.10603490881E+04
5.26200E+00        3.10229144508E+04
5.26800E+00        3.09783290208E+04
5.27400E+00        3.09000761646E+04
5.28000E+00        3.08611315348E+04
5.28600E+00        3.07993439523E+04
5.29200E+00        3.07356881481E+04
5.29800E+00        3.06896766614E+04
5.30400E+00        3.06260683109E+04
5.31000E+00        3.05719328557E+04
5.31600E+00        3.05042174866E+04
5.32200E+00        3.04569300369E+04
5.32800E+00        3.04019898338E+04
5.33400E+00        3.03452953742E+04
5.34000E+00        3.02816334912E+04
5.34600E+00        3.02286724810E+04
5.35200E+00        3.01723830666E+04
5.35800E+00        3.01161743467E+04
5.36400E+00        3.00622743462E+04
5.37000E+00        3.00052466594E+04
5.37600E+00        2.99503921038E+04
5.38200E+00        2.98936985400E+04
5.38800E+00        2.98282606428E+04
5.39400E+00        2.97656657355E+04
5.40000E+00        2.97282465668E+04
5.40600E+00        2.96724084915E+04
5.41200E+00        2.96143187245E+04
5.41800E+00        2.95604619913E+04
5.42400E+00        2.95066821286E+04
5.43000E+00        2.94537812881E+04
5.43600E+00        2.93989469664E+04
5.44200E+00        2.93438477649E+04
5.44800E+00        2.92907012512E+04
5.45400E+00        2.92337391167E+04
5.46000E+00        2.91798812739E+04
5.46600E+00        2.91240853586E+04
5.47200E+00        2.90714466521E+04
5.47800E+00        2.90214665676E+04
5.48400E+00        2.89684459720E+04
5.49000E+00        2.89064446536E+04
5.49600E+00        2.88624290309E+04
5.50200E+00        2.88095810088E+04
5.50800E+00        2.87543814740E+04
5.51400E+00        2.87041637617E+04
5.52000E+00        2.86517618792E+04
5.52600E+00        2.85980863121E+04
5.53200E+00        2.85462977332E+04
5.53800E+00        2.84953107377E+04
5.54400E+00        2.84422765678E+04
5.55000E+00        2.83903108662E+04
5.55600E+00        2.83398817693E+04
5.56200E+00        2.82849445836E+04
5.56800E+00        2.82214038508E+04
5.57400E+00        2.81852229354E+04
5.58000E+00        2.81134490540E+04
5.58600E+00        2.80835480693E+04
5.59200E+00        2.80326327121E+04
5.59800E+00        2.79818069725E+04
5.60400E+00        2.79267654972E+04
5.61000E+00        2.78815094372E+04
5.61600E+00        2.78308837755E+04
5.62200E+00        2.77770453640E+04
5.62800E+00        2.77311657449E+04
5.63400E+00        2.76809517002E+04
5.64000E+00        2.76233501006E+04
5.64600E+00        2.75818820545E+04
5.65200E+00        2.75324540066E+04
5.65800E+00        2.74815386495E+04
5.66400E+00        2.74339317054E+04
5.67000E+00        2.73848000058E+04
5.67600E+00        2.73348186064E+04
5.68200E+00        2.72860132818E+04
5.68800E+00        2.72383676249E+04
5.69400E+00        2.71870933792E+04
5.70000E+00        2.71409359351E+04
5.70600E+00        2.70930329633E+04
5.71200E+00        2.70447895337E+04
5.71800E+00        2.69967368242E+04
5.72400E+00        2.69488574215E+04
5.73000E+00        2.69009828788E+04
5.73600E+00        2.68525768914E+04
5.74200E+00        2.68058115339E+04
5.74800E+00        2.67583389851E+04
5.75400E+00        2.67108707718E+04
5.76000E+00        2.66638571699E+04
5.76600E+00        2.66167999404E+04
5.77200E+00        2.65692438196E+04
5.77800E+00        2.65229997401E+04
5.78400E+00        2.64763190199E+04
5.79000E+00        2.64297049263E+04
5.79600E+00        2.63831836575E+04
5.80200E+00        2.63369473537E+04
5.80800E+00        2.62906858852E+04
5.81400E+00        2.62385333131E+04
5.82000E+00        2.61986213332E+04
5.82600E+00        2.61527981398E+04
5.83200E+00        2.61070312784E+04
5.83800E+00        2.60613736065E+04
5.84400E+00        2.60159233500E+04
5.85000E+00        2.59705275618E+04
5.85600E+00        2.59250870148E+04
5.86200E+00        2.58801032385E+04
5.86800E+00        2.58350302876E+04
5.87400E+00        2.57853559112E+04
5.88000E+00        2.57453201763E+04
5.88600E+00        2.57006111086E+04
5.89200E+00        2.56560599198E+04
5.89800E+00        2.56115443231E+04
5.90400E+00        2.55624759631E+04
5.91000E+00        2.55229953112E+04
5.91600E+00        2.54787149089E+04
5.92200E+00        2.54348621926E+04
5.92800E+00        2.53909646817E+04
5.93400E+00        2.53471703346E+04
5.94000E+00        2.53034962557E+04
5.94600E+00        2.52599246265E+04
5.95200E+00        2.52164724941E+04
5.95800E+00        2.51731298738E+04
5.96400E+00        2.51298202963E+04
5.97000E+00        2.50867675677E+04
5.97600E+00        2.50437549068E+04
5.98200E+00        2.50008339767E+04
5.98800E+00        2.49580388925E+04
5.99400E+00        2.49152395830E+04
6.00000E+00        2.48706217482E+04
6.00600E+00        2.48303007227E+04
6.01200E+00        2.47879278939E+04
6.01800E+00        2.47456619044E+04
6.02400E+00        2.47035109109E+04
6.03000E+00        2.46614736368E+04
6.03600E+00        2.46195260146E+04
6.04200E+00        2.45776838308E+04
6.04800E+00        2.45359467386E+04
6.05400E+00        2.44943228296E+04
6.06000E+00        2.44527948714E+04
6.06600E+00        2.44113709730E+04
6.07200E+00        2.43700583153E+04
6.07800E+00        2.43288582609E+04
6.08400E+00        2.42877360927E+04
6.09000E+00        2.42467166557E+04
6.09600E+00        2.42058329641E+04
6.10200E+00        2.41650262504E+04
6.10800E+00        2.41238218085E+04
6.11400E+00        2.40837333195E+04
6.12000E+00        2.40432306841E+04
6.12600E+00        2.40028287569E+04
6.13200E+00        2.39625354638E+04
6.13800E+00        2.39223339569E+04
6.14400E+00        2.38822321787E+04
6.15000E+00        2.38421468305E+04
6.15600E+00        2.38023502572E+04
6.16200E+00        2.37617190326E+04
6.16800E+00        2.37228395560E+04
6.17400E+00        2.36832315473E+04
6.18000E+00        2.36437213427E+04
6.18600E+00        2.36043086258E+04
6.19200E+00        2.35650011981E+04
6.19800E+00        2.35257978637E+04
6.20400E+00        2.34866756854E+04
6.21000E+00        2.34476497419E+04
6.21600E+00        2.34087197233E+04
6.22200E+00        2.33698853204E+04
6.22800E+00        2.33311542617E+04
6.23400E+00        2.32925101552E+04
6.24000E+00        2.32539679228E+04
6.24600E+00        2.32155208892E+04
6.25200E+00        2.31771599358E+04
6.25800E+00        2.31388927701E+04
6.26400E+00        2.31007190916E+04
6.27000E+00        2.30626386009E+04
6.27600E+00        2.30246589303E+04
6.28200E+00        2.29867639089E+04
6.28800E+00        2.29489761720E+04
6.29400E+00        2.29112654251E+04
6.30000E+00        2.28736463868E+04
6.30600E+00        2.28361187648E+04
6.31200E+00        2.27986822679E+04
6.31800E+00        2.27613444455E+04
6.32400E+00        2.27240893166E+04
6.33000E+00        2.26869244459E+04
6.33600E+00        2.26498643385E+04
6.34200E+00        2.26127856404E+04
6.34800E+00        2.25759832642E+04
6.35400E+00        2.25391765456E+04
6.36000E+00        2.25024586625E+04
6.36600E+00        2.24658293338E+04
6.37200E+00        2.24292882794E+04
6.37800E+00        2.23928575566E+04
6.38400E+00        2.23564767783E+04
6.39000E+00        2.23201988654E+04
6.39600E+00        2.22840234670E+04
6.40200E+00        2.22479195835E+04
6.40800E+00        2.22119023162E+04
6.41400E+00        2.21759713925E+04
6.42000E+00        2.21401265407E+04
6.42600E+00        2.21043819258E+04
6.43200E+00        2.20687083841E+04
6.43800E+00        2.20331201058E+04
6.44400E+00        2.19976168237E+04
6.45000E+00        2.19621982713E+04
6.45600E+00        2.19268641832E+04
6.46200E+00        2.18916142951E+04
6.46800E+00        2.18564558712E+04
6.47400E+00        2.18213878325E+04
6.48000E+00        2.17863889334E+04
6.48600E+00        2.17514731870E+04
6.49200E+00        2.17166403340E+04
6.49800E+00        2.16818901161E+04
6.50400E+00        2.16472222759E+04
6.51000E+00        2.16126365570E+04
6.51600E+00        2.15781467956E+04
6.52200E+00        2.15437171120E+04
6.52800E+00        2.15093836260E+04
6.53400E+00        2.14751238260E+04
6.54000E+00        2.14409448800E+04
6.54600E+00        2.14068465377E+04
6.55200E+00        2.13728285493E+04
6.55800E+00        2.13389046013E+04
6.56400E+00        2.13050465536E+04
6.57000E+00        2.12712681168E+04
6.57600E+00        2.12375690450E+04
6.58200E+00        2.12039490932E+04
6.58800E+00        2.11704080176E+04
6.59400E+00        2.11369593781E+04
6.60000E+00        2.11035753045E+04
6.60600E+00        2.10702693807E+04
6.61200E+00        2.10370413662E+04
6.61800E+00        2.10038910217E+04
6.62400E+00        2.09708181087E+04
6.63000E+00        2.09378360625E+04
6.63600E+00        2.09049172789E+04
6.64200E+00        2.08720752167E+04
6.64800E+00        2.08393168179E+04
6.65400E+00        2.08066274832E+04
6.66000E+00        2.07740277337E+04
6.66600E+00        2.07414901838E+04
6.67200E+00        2.07090281896E+04
6.67800E+00        2.06766415202E+04
6.68400E+00        2.06443299462E+04
6.69000E+00        2.06120932386E+04
6.69600E+00        2.05799375210E+04
6.70200E+00        2.05478569297E+04
6.70800E+00        2.05158434361E+04
6.71400E+00        2.04839039020E+04
6.72000E+00        2.04520514585E+04
6.72600E+00        2.04202591501E+04
6.73200E+00        2.03885401301E+04
6.73800E+00        2.03568941764E+04
6.74400E+00        2.03253210678E+04
6.75000E+00        2.02938338359E+04
6.75600E+00        2.02624057364E+04
6.76200E+00        2.02310498232E+04
6.76800E+00        2.01997658782E+04
6.77400E+00        2.01685668545E+04
6.78000E+00        2.01374192399E+04
6.78600E+00        2.01063568144E+04
6.79200E+00        2.00753585584E+04
6.79800E+00        2.00444373788E+04
6.80400E+00        2.00135806808E+04
6.81000E+00        1.99828013293E+04
6.81600E+00        1.99520853388E+04
6.82200E+00        1.99214455386E+04
6.82800E+00        1.98908694133E+04
6.83400E+00        1.98603629109E+04
6.84000E+00        1.98299387720E+04
6.84600E+00        1.97995708711E+04
6.85200E+00        1.97692719700E+04
6.85800E+00        1.97390418626E+04
6.86400E+00        1.97088932130E+04
6.87000E+00        1.96788000575E+04
6.87600E+00        1.96487750814E+04
6.88200E+00        1.96188180817E+04
6.88800E+00        1.95889416471E+04
6.89400E+00        1.95591199737E+04
6.90000E+00        1.95293656716E+04
6.90600E+00        1.94996912733E+04
6.91200E+00        1.94700710940E+04
6.91800E+00        1.94405176874E+04
6.92400E+00        1.94110308554E+04
6.93000E+00        1.93816230563E+04
6.93600E+00        1.93522687629E+04
6.94200E+00        1.93229804541E+04
6.94800E+00        1.92937705333E+04
6.95400E+00        1.92646135901E+04
6.96000E+00        1.92355220482E+04
6.96600E+00        1.92064891004E+04
6.97200E+00        1.91775403150E+04
6.97800E+00        1.91486438125E+04
6.98400E+00        1.91198119431E+04
6.99000E+00        1.90910569826E+04
6.99600E+00        1.90623537909E+04
7.00200E+00        1.90337146635E+04
7.00800E+00        1.90051518222E+04
7.01400E+00        1.89766402412E+04
7.02000E+00        1.89481921620E+04
7.02600E+00        1.89198073986E+04
7.03200E+00        1.88914981007E+04
7.03800E+00        1.88632393943E+04
7.04400E+00        1.88350434489E+04
7.05000E+00        1.88069223614E+04
7.05600E+00        1.87788513702E+04
7.06200E+00        1.87508361344E+04
7.06800E+00        1.87229016217E+04
7.07400E+00        1.86950167156E+04
7.08000E+00        1.86671934795E+04
7.08600E+00        1.86394439043E+04
7.09200E+00        1.86117434518E+04
7.09800E+00        1.85841041323E+04
7.10400E+00        1.85565378847E+04
7.11000E+00        1.85290202810E+04
7.11600E+00        1.85015632793E+04
7.12200E+00        1.84741787665E+04
7.12800E+00        1.84468360719E+04
7.13400E+00        1.84195598156E+04
7.14000E+00        1.83923434619E+04
7.14600E+00        1.83651988291E+04
7.15200E+00        1.83381017438E+04
7.15800E+00        1.83110640432E+04
7.16400E+00        1.82840974942E+04
7.17000E+00        1.82571780317E+04
7.17600E+00        1.82303174414E+04
7.18200E+00        1.82035211711E+04
7.18800E+00        1.81767778088E+04
7.19400E+00        1.81500928117E+04
7.20000E+00        1.81234778454E+04
7.20600E+00        1.80969090584E+04
7.21200E+00        1.80703981351E+04
7.21800E+00        1.80439566907E+04
7.22400E+00        1.80175609797E+04
7.23000E+00        1.79912164407E+04
7.23600E+00        1.79649353089E+04
7.24200E+00        1.79387229290E+04
7.24800E+00        1.79125556954E+04
7.25400E+00        1.78864451754E+04
7.26000E+00        1.78604028684E+04
7.26600E+00        1.78344052731E+04
7.27200E+00        1.78084639072E+04
7.27800E+00        1.77825902210E+04
7.28400E+00        1.77567547022E+04
7.29000E+00        1.77309810569E+04
7.29600E+00        1.77052630032E+04
7.30200E+00        1.76796119265E+04
7.30800E+00        1.76540045657E+04
7.31400E+00        1.76284523242E+04
7.32000E+00        1.76029604773E+04
7.32600E+00        1.75775179976E+04
7.33200E+00        1.75521301696E+04
7.33800E+00        1.75267968385E+04
7.34400E+00        1.75015292771E+04
7.35000E+00        1.74763044612E+04
7.35600E+00        1.74511276723E+04
7.36200E+00        1.74260221620E+04
7.36800E+00        1.74009589889E+04
7.37400E+00        1.73759493955E+04
7.38000E+00        1.73509932308E+04
7.38600E+00        1.73261016566E+04
7.39200E+00        1.73012459248E+04
7.39800E+00        1.72764491377E+04
7.40400E+00        1.72517051804E+04
7.41000E+00        1.72270251522E+04
7.41600E+00        1.72023863938E+04
7.42200E+00        1.71777941069E+04
7.42800E+00        1.71532599825E+04
7.43400E+00        1.71287891344E+04
7.44000E+00        1.71043590340E+04
7.44600E+00        1.70799807354E+04
7.45200E+00        1.70556482210E+04
7.45800E+00        1.70313842199E+04
7.46400E+00        1.70071604518E+04
7.47000E+00        1.69829879091E+04
7.47600E+00        1.69588606095E+04
7.48200E+00        1.69347900976E+04
7.48800E+00        1.69107814246E+04
7.49400E+00        1.68868123519E+04
7.50000E+00        1.68628937951E+04
7.50600E+00        1.68390198156E+04
7.51200E+00        1.68152128563E+04
7.51800E+00        1.67914449990E+04
7.52400E+00        1.67677270988E+04
7.53000E+00        1.67440532517E+04
7.53600E+00        1.67204348585E+04
7.54200E+00        1.66968769093E+04
7.54800E+00        1.66733574494E+04
7.55400E+00        1.66498815258E+04
7.56000E+00        1.66264604761E+04
7.56600E+00        1.66030992635E+04
7.57200E+00        1.65797760579E+04
7.57800E+00        1.65564958789E+04
7.58400E+00        1.65332700016E+04
7.59000E+00        1.65100925833E+04
7.59600E+00        1.64869634907E+04
7.60200E+00        1.64638876709E+04
7.60800E+00        1.64408548242E+04
7.61400E+00        1.64178699056E+04
7.62000E+00        1.63949327836E+04
7.62600E+00        1.63720376899E+04
7.63200E+00        1.63492064497E+04
7.63800E+00        1.63264119252E+04
7.64400E+00        1.63036646753E+04
7.65000E+00        1.62809589649E+04
7.65600E+00        1.62583058843E+04
7.66200E+00        1.62356996914E+04
7.66800E+00        1.62131452608E+04
7.67400E+00        1.61906324526E+04
7.68000E+00        1.61681661491E+04
7.68600E+00        1.61457462236E+04
7.69200E+00        1.61233669984E+04
7.69800E+00        1.61010394579E+04
7.70400E+00        1.60787684146E+04
7.71000E+00        1.60565272064E+04
7.71600E+00        1.60343372846E+04
7.72200E+00        1.60121929888E+04
7.72800E+00        1.59900886899E+04
7.73400E+00        1.59680352829E+04
7.74000E+00        1.59460375421E+04
7.74600E+00        1.59240690271E+04
7.75200E+00        1.59021510134E+04
7.75800E+00        1.58802778889E+04
7.76400E+00        1.58584440722E+04
7.77000E+00        1.58366603700E+04
7.77600E+00        1.58149211942E+04
7.78200E+00        1.57932312974E+04
7.78800E+00        1.57715808075E+04
7.79400E+00        1.57499744846E+04
7.80000E+00        1.57284067945E+04
7.80600E+00        1.57068884566E+04
7.81200E+00        1.56854139300E+04
7.81800E+00        1.56639777039E+04
7.82400E+00        1.56426006665E+04
7.83000E+00        1.56212568622E+04
7.83600E+00        1.55999510294E+04
7.84200E+00        1.55786938013E+04
7.84800E+00        1.55574796836E+04
7.85400E+00        1.55363032118E+04
7.86000E+00        1.55151749764E+04
7.86600E+00        1.54940996212E+04
7.87200E+00        1.54730514608E+04
7.87800E+00        1.54520511719E+04
7.88400E+00        1.54310879936E+04
7.89000E+00        1.54101724456E+04
7.89600E+00        1.53892990949E+04
7.90200E+00        1.53684625380E+04
7.90800E+00        1.53476832717E+04
7.91400E+00        1.53269358337E+04
7.92000E+00        1.53062248757E+04
7.92600E+00        1.52855608335E+04
7.93200E+00        1.52649330640E+04
7.93800E+00        1.52443519752E+04
7.94400E+00        1.52238121945E+04
7.95000E+00        1.52033083780E+04
7.95600E+00        1.51828508924E+04
7.96200E+00        1.51624442858E+04
7.96800E+00        1.51420634264E+04
7.97400E+00        1.51217285514E+04
7.98000E+00        1.51014291336E+04
7.98600E+00        1.50811754709E+04
7.99200E+00        1.50609570648E+04
7.99800E+00        1.50407841863E+04
8.00400E+00        1.50206515366E+04
8.01000E+00        1.50005538453E+04
8.01600E+00        1.49805013426E+04
8.02200E+00        1.49604933677E+04
8.02800E+00        1.49405205777E+04
8.03400E+00        1.49205874901E+04
8.04000E+00        1.49006888706E+04
8.04600E+00        1.48808348821E+04
8.05200E+00        1.48610151678E+04
8.05800E+00        1.48412398638E+04
8.06400E+00        1.48214986415E+04
8.07000E+00        1.48018016104E+04
8.07600E+00        1.47821435587E+04
8.08200E+00        1.47625193022E+04
8.08800E+00        1.47429389107E+04
8.09400E+00        1.47234017363E+04
8.10000E+00        1.47038985870E+04
8.10600E+00        1.46844288553E+04
8.11200E+00        1.46650025585E+04
8.11800E+00        1.46456094923E+04
8.12400E+00        1.46262596480E+04
8.13000E+00        1.46069478775E+04
8.13600E+00        1.45876690596E+04
8.14200E+00        1.45684331465E+04
8.14800E+00        1.45492300022E+04
8.15400E+00        1.45300695530E+04
8.16000E+00        1.45109416899E+04
8.16600E+00        1.44918657737E+04
8.17200E+00        1.44728127896E+04
8.17800E+00        1.44538020851E+04
8.18400E+00        1.44348236051E+04
8.19000E+00        1.44158871990E+04
8.19600E+00        1.43969828382E+04
8.20200E+00        1.43781203468E+04
8.20800E+00        1.43592946664E+04
8.21400E+00        1.43405007651E+04
8.22000E+00        1.43217484287E+04
8.22600E+00        1.43030276952E+04
8.23200E+00        1.42843483253E+04
8.23800E+00        1.42657003834E+04
8.24400E+00        1.42470936048E+04
8.25000E+00        1.42285273686E+04
8.25600E+00        1.42099927966E+04
8.26200E+00        1.41914893062E+04
8.26800E+00        1.41730265826E+04
8.27400E+00        1.41545947690E+04
8.28000E+00        1.41362035259E+04
8.28600E+00        1.41178430223E+04
8.29200E+00        1.40995228939E+04
8.29800E+00        1.40812333357E+04
8.30400E+00        1.40629839588E+04
8.31000E+00        1.40447649838E+04
8.31600E+00        1.40265859972E+04
8.32200E+00        1.40084372455E+04
8.32800E+00        1.39903282905E+04
8.33400E+00        1.39722494043E+04
8.34000E+00        1.39542101245E+04
8.34600E+00        1.39362007484E+04
8.35200E+00        1.39182307894E+04
8.35800E+00        1.39002996440E+04
8.36400E+00        1.38823986421E+04
8.37000E+00        1.38645272173E+04
8.37600E+00        1.38466900677E+04
8.38200E+00        1.38288918669E+04
8.38800E+00        1.38111230010E+04
8.39400E+00        1.37933928987E+04
8.40000E+00        1.37756919709E+04
8.40600E+00        1.37580296227E+04
8.41200E+00        1.37403962898E+04
8.41800E+00        1.37228013534E+04
8.42400E+00        1.37052352741E+04
8.43000E+00        1.36877074095E+04
8.43600E+00        1.36702082449E+04
8.44200E+00        1.36527471142E+04
8.44800E+00        1.36353145273E+04
8.45400E+00        1.36179151065E+04
8.46000E+00        1.36005534505E+04
8.46600E+00        1.35832201060E+04
8.47200E+00        1.35659243481E+04
8.47800E+00        1.35486567480E+04
8.48400E+00        1.35314265577E+04
8.49000E+00        1.35142243725E+04
8.49600E+00        1.34970594211E+04
8.50200E+00        1.34799223231E+04
8.50800E+00        1.34628222841E+04
8.51400E+00        1.34457499478E+04
8.52000E+00        1.34287098738E+04
8.52600E+00        1.34117065984E+04
8.53200E+00        1.33947308015E+04
8.53800E+00        1.33777916310E+04
8.54400E+00        1.33608797905E+04
8.55000E+00        1.33440131155E+04
8.55600E+00        1.33271562028E+04
8.56200E+00        1.33103483915E+04
8.56800E+00        1.32935680813E+04
8.57400E+00        1.32768147345E+04
8.58000E+00        1.32600974195E+04
8.58600E+00        1.32434069227E+04
8.59200E+00        1.32267477369E+04
8.59800E+00        1.32101243316E+04
8.60400E+00        1.31935275288E+04
8.61000E+00        1.31769663406E+04
8.61600E+00        1.31604316120E+04
8.62200E+00        1.31439278080E+04
8.62800E+00        1.31274593713E+04
8.63400E+00        1.31110171817E+04
8.64000E+00        1.30946101957E+04
8.64600E+00        1.30782293163E+04
8.65200E+00        1.30618834777E+04
8.65800E+00        1.30455636062E+04
8.66400E+00        1.30292741285E+04
8.67000E+00        1.30130194495E+04
8.67600E+00        1.29967905296E+04
8.68200E+00        1.29805962480E+04
8.68800E+00        1.29644275882E+04
8.69400E+00        1.29482889500E+04
8.70000E+00        1.29321847115E+04
8.70600E+00        1.29161058902E+04
8.71200E+00        1.29000613105E+04
8.71800E+00        1.28840420127E+04
8.72400E+00        1.28680523700E+04
8.73000E+00        1.28520967339E+04
8.73600E+00        1.28361661782E+04
8.74200E+00        1.28202650604E+04
8.74800E+00        1.28043977161E+04
8.75400E+00        1.27885552527E+04
8.76000E+00        1.27727464086E+04
8.76600E+00        1.27569623134E+04
8.77200E+00        1.27412072983E+04
8.77800E+00        1.27254856728E+04
8.78400E+00        1.27097885999E+04
8.79000E+00        1.26941203950E+04
8.79600E+00        1.26784853521E+04
8.80200E+00        1.26628746671E+04
8.80800E+00        1.26472969935E+04
8.81400E+00        1.26317435492E+04
8.82000E+00        1.26162186236E+04
8.82600E+00        1.26007264851E+04
8.83200E+00        1.25852583843E+04
8.83800E+00        1.25698185952E+04
8.84400E+00        1.25544113708E+04
8.85000E+00        1.25390279943E+04
8.85600E+00        1.25236727243E+04
8.86200E+00        1.25083497987E+04
8.86800E+00        1.24930505330E+04
8.87400E+00        1.24777834656E+04
8.88000E+00        1.24625399337E+04
8.88600E+00        1.24473241706E+04
8.89200E+00        1.24321403887E+04
8.89800E+00        1.24169799571E+04
8.90400E+00        1.24018470939E+04
8.91000E+00        1.23867459966E+04
8.91600E+00        1.23716680663E+04
8.92200E+00        1.23566094407E+04
8.92800E+00        1.23415984978E+04
8.93400E+00        1.23266024749E+04
8.94000E+00        1.23116336252E+04
8.94600E+00        1.22966961163E+04
8.95200E+00        1.22817814125E+04
8.95800E+00        1.22668936869E+04
8.96400E+00        1.22520370924E+04
8.97000E+00        1.22371951374E+04
8.97600E+00        1.22223959415E+04
8.98200E+00        1.22076117138E+04
8.98800E+00        1.21928579135E+04
8.99400E+00        1.21781307065E+04
9.00000E+00        1.21634342164E+04
9.00600E+00        1.21487600010E+04
9.01200E+00        1.21341121891E+04
9.01800E+00        1.21194948897E+04
9.02400E+00        1.21048996915E+04
9.03000E+00        1.20903307086E+04
9.03600E+00        1.20757920355E+04
9.04200E+00        1.20612752916E+04
9.04800E+00        1.20467845767E+04
9.05400E+00        1.20323239705E+04
9.06000E+00        1.20178929670E+04
9.06600E+00        1.20034799543E+04
9.07200E+00        1.19890968513E+04
9.07800E+00        1.19747275225E+04
9.08400E+00        1.19603916797E+04
9.09000E+00        1.19460814369E+04
9.09600E+00        1.19318008408E+04
9.10200E+00        1.19175416118E+04
9.10800E+00        1.19033155709E+04
9.11400E+00        1.18891112031E+04
9.12000E+00        1.18749280373E+04
9.12600E+00        1.18607701110E+04
9.13200E+00        1.18466337105E+04
9.13800E+00        1.18325338120E+04
9.14400E+00        1.18184512433E+04
9.15000E+00        1.18043977403E+04
9.15600E+00        1.17903651132E+04
9.16200E+00        1.17763573713E+04
9.16800E+00        1.17623744562E+04
9.17400E+00        1.17484203534E+04
9.18000E+00        1.17344869124E+04
9.18600E+00        1.17205781238E+04
9.19200E+00        1.17066979595E+04
9.19800E+00        1.16928382979E+04
9.20400E+00        1.16790031159E+04
9.21000E+00        1.16651963715E+04
9.21600E+00        1.16514099724E+04
9.22200E+00        1.16376478817E+04
9.22800E+00        1.16239100425E+04
9.23400E+00        1.16102003945E+04
9.24000E+00        1.15965108840E+04
9.24600E+00        1.15828454558E+04
9.25200E+00        1.15692080358E+04
9.25800E+00        1.15555905991E+04
9.26400E+00        1.15419970768E+04
9.27000E+00        1.15284274131E+04
9.27600E+00        1.15148855162E+04
9.28200E+00        1.15013633991E+04
9.28800E+00        1.14878649748E+04
9.29400E+00        1.14743941377E+04
9.30000E+00        1.14609429295E+04
9.30600E+00        1.14475152495E+04
9.31200E+00        1.14341110433E+04
9.31800E+00        1.14207341875E+04
9.32400E+00        1.14073767613E+04
9.33000E+00        1.13940426462E+04
9.33600E+00        1.13807357055E+04
9.34200E+00        1.13674480465E+04
9.34800E+00        1.13541909477E+04
9.35400E+00        1.13409495265E+04
9.36000E+00        1.13277350474E+04
9.36600E+00        1.13145396548E+04
9.37200E+00        1.13013671994E+04
9.37800E+00        1.12882176283E+04
9.38400E+00        1.12750947695E+04
9.39000E+00        1.12619908045E+04
9.39600E+00        1.12489095662E+04
9.40200E+00        1.12358510023E+04
9.40800E+00        1.12228189236E+04
9.41400E+00        1.12098055482E+04
9.42000E+00        1.11968146914E+04
9.42600E+00        1.11838501510E+04
9.43200E+00        1.11709041724E+04
9.43800E+00        1.11579878401E+04
9.44400E+00        1.11450865303E+04
9.45000E+00        1.11322113141E+04
9.45600E+00        1.11193544730E+04
9.46200E+00        1.11065197923E+04
9.46800E+00        1.10937072213E+04
9.47400E+00        1.10809205235E+04
9.48000E+00        1.10681520163E+04
9.48600E+00        1.10554054678E+04
9.49200E+00        1.10426808281E+04
9.49800E+00        1.10299818435E+04
9.50400E+00        1.10173008672E+04
9.51000E+00        1.10046488323E+04
9.51600E+00        1.09920151004E+04
9.52200E+00        1.09793992415E+04
9.52800E+00        1.09668049941E+04
9.53400E+00        1.09542323090E+04
9.54000E+00        1.09416849033E+04
9.54600E+00        1.09291551920E+04
9.55200E+00        1.09166468967E+04
9.55800E+00        1.09041599689E+04
9.56400E+00        1.08916981089E+04
9.57000E+00        1.08792537668E+04
9.57600E+00        1.08668377393E+04
9.58200E+00        1.08544357867E+04
9.58800E+00        1.08420549611E+04
9.59400E+00        1.08296989421E+04
9.60000E+00        1.08173602232E+04
9.60600E+00        1.08050424885E+04
9.61200E+00        1.07927456909E+04
9.61800E+00        1.07804734935E+04
9.62400E+00        1.07682184242E+04
9.63000E+00        1.07559841509E+04
9.63600E+00        1.07437706266E+04
9.64200E+00        1.07315814983E+04
9.64800E+00        1.07194163238E+04
9.65400E+00        1.07072647554E+04
9.66000E+00        1.06951337503E+04
9.66600E+00        1.06830269392E+04
9.67200E+00        1.06709369183E+04
9.67800E+00        1.06588673228E+04
9.68400E+00        1.06468181068E+04
9.69000E+00        1.06347892249E+04
9.69600E+00        1.06227842875E+04
9.70200E+00        1.06107959330E+04
9.70800E+00        1.05988277764E+04
9.71400E+00        1.05868866817E+04
9.72000E+00        1.05749587779E+04
9.72600E+00        1.05630545726E+04
9.73200E+00        1.05511667459E+04
9.73800E+00        1.05392988929E+04
9.74400E+00        1.05274509689E+04
9.75000E+00        1.05156265489E+04
9.75600E+00        1.05038183462E+04
9.76200E+00        1.04920299399E+04
9.76800E+00        1.04802612860E+04
9.77400E+00        1.04685123406E+04
9.78000E+00        1.04567934829E+04
9.78600E+00        1.04450838118E+04
9.79200E+00        1.04333937183E+04
9.79800E+00        1.04217231590E+04
9.80400E+00        1.04100720907E+04
9.81000E+00        1.03984440490E+04
9.81600E+00        1.03868318292E+04
9.82200E+00        1.03752389714E+04
9.82800E+00        1.03636654325E+04
9.83400E+00        1.03521179257E+04
9.84000E+00        1.03405864484E+04
9.84600E+00        1.03290705996E+04
9.85200E+00        1.03175738998E+04
9.85800E+00        1.03060963069E+04
9.86400E+00        1.02946377787E+04
9.87000E+00        1.02832018122E+04
9.87600E+00        1.02717812836E+04
9.88200E+00        1.02603796941E+04
9.88800E+00        1.02490036904E+04
9.89400E+00        1.02376398468E+04
9.90000E+00        1.02262983373E+04
9.90600E+00        1.02149720775E+04
9.91200E+00        1.02036645498E+04
9.91800E+00        1.01923757131E+04
9.92400E+00        1.01811055263E+04
9.93000E+00        1.01698574487E+04
9.93600E+00        1.01586244356E+04
9.94200E+00        1.01474165721E+04
9.94800E+00        1.01362205667E+04
9.95400E+00        1.01250430080E+04
9.96000E+00        1.01138838559E+04
9.96600E+00        1.01027465470E+04
9.97200E+00        1.00916240836E+04
9.97800E+00        1.00805199065E+04
9.98400E+00        1.00694339758E+04
9.99000E+00        1.00583662517E+04
9.99600E+00        1.00473232512E+04
1.00020E+01        1.00362952684E+04
1.00080E+01        1.00252819157E+04
1.00140E+01        1.00142866118E+04
1.00200E+01        1.00033093173E+04
1.00260E+01        9.99234999323E+03
1.00320E+01        9.98141203555E+03
1.00380E+01        9.97048853142E+03
1.00440E+01        9.95958938014E+03
1.00500E+01        9.94870153745E+03
1.00560E+01        9.93783147110E+03
1.00620E+01        9.92697914260E+03
1.00680E+01        9.91614792618E+03
1.00740E+01        9.90533095459E+03
1.00800E+01        9.89453160600E+03
1.00860E+01        9.88374984233E+03
1.00920E+01        9.87299206826E+03
1.00980E+01        9.86224535358E+03
1.01040E+01        9.85151950057E+03
1.01100E+01        9.84080768715E+03
1.01160E+01        9.83011326979E+03
1.01220E+01        9.81943621103E+03
1.01280E+01        9.80877647350E+03
1.01340E+01        9.79813401992E+03
1.01400E+01        9.78751519995E+03
1.01460E+01        9.77691056060E+03
1.01520E+01        9.76631972570E+03
1.01580E+01        9.75574602668E+03
1.01640E+01        9.74518942677E+03
1.01700E+01        9.73464988930E+03
1.01760E+01        9.72412737767E+03
1.01820E+01        9.71362519828E+03
1.01880E+01        9.70313662539E+03
1.01940E+01        9.69267129407E+03
1.02000E+01        9.68221651157E+03
1.02060E+01        9.67177857349E+03
1.02120E+01        9.66135744384E+03
1.02180E+01        9.65095308671E+03
1.02240E+01        9.64056878399E+03
1.02300E+01        9.63019786100E+03
1.02360E+01        9.61984360340E+03
1.02420E+01        9.60951224620E+03
1.02480E+01        9.59919120614E+03
1.02540E+01        9.58888672520E+03
1.02600E+01        9.57859876811E+03
1.02660E+01        9.56832729974E+03
1.02720E+01        9.55807557429E+03
1.02780E+01        9.54783697473E+03
1.02840E+01        9.53761475900E+03
1.02900E+01        9.52740889231E+03
1.02960E+01        9.51722555023E+03
1.03020E+01        9.50705227101E+03
1.03080E+01        9.49689523706E+03
1.03140E+01        9.48675767865E+03
1.03200E+01        9.47663302858E+03
1.03260E+01        9.46652452080E+03
1.03320E+01        9.45643212118E+03
1.03380E+01        9.44635579566E+03
1.03440E+01        9.43629551027E+03
1.03500E+01        9.42625123113E+03
1.03560E+01        9.41622906876E+03
1.03620E+01        9.40621993129E+03
1.03680E+01        9.39622345860E+03
1.03740E+01        9.38624285756E+03
1.03800E+01        9.37627809475E+03
1.03860E+01        9.36632913682E+03
1.03920E+01        9.35639595052E+03
1.03980E+01        9.34647850266E+03
1.04040E+01        9.33657676016E+03
1.04100E+01        9.32669677584E+03
1.04160E+01        9.31682954488E+03
1.04220E+01        9.30697471100E+03
1.04280E+01        9.29713545102E+03
1.04340E+01        9.28731173229E+03
1.04400E+01        9.27750352223E+03
1.04460E+01        9.26771078837E+03
1.04520E+01        9.25793349829E+03
1.04580E+01        9.24817161969E+03
1.04640E+01        9.23842512032E+03
1.04700E+01        9.22869396805E+03
1.04760E+01        9.21898731871E+03
1.04820E+01        9.20928675484E+03
1.04880E+01        9.19960144212E+03
1.04940E+01        9.18993134875E+03
1.05000E+01        9.18027644299E+03
1.05060E+01        9.17063669318E+03
1.05120E+01        9.16101206777E+03
1.05180E+01        9.15140253526E+03
1.05240E+01        9.14180806425E+03
1.05300E+01        9.13223176599E+03
1.05360E+01        9.12266732078E+03
1.05420E+01        9.11311784335E+03
1.05480E+01        9.10358924267E+03
1.05540E+01        9.09406960139E+03
1.05600E+01        9.08456483488E+03
1.05660E+01        9.07507491230E+03
1.05720E+01        9.06559980289E+03
1.05780E+01        9.05613947596E+03
1.05840E+01        9.04669390091E+03
1.05900E+01        9.03726304721E+03
1.05960E+01        9.02784688441E+03
1.06020E+01        9.01844538215E+03
1.06080E+01        9.00906161028E+03
1.06140E+01        8.99968933507E+03
1.06200E+01        8.99033749586E+03
1.06260E+01        8.98099432428E+03
1.06320E+01        8.97166566258E+03
1.06380E+01        8.96235148084E+03
1.06440E+01        8.95305174923E+03
1.06500E+01        8.94376643802E+03
1.06560E+01        8.93449551751E+03
1.06620E+01        8.92523895811E+03
1.06680E+01        8.91599673030E+03
1.06740E+01        8.90676880463E+03
1.06800E+01        8.89755515173E+03
1.06860E+01        8.88835880086E+03
1.06920E+01        8.87917360251E+03
1.06980E+01        8.87000258926E+03
1.07040E+01        8.86084573203E+03
1.07100E+01        8.85170300183E+03
1.07160E+01        8.84257436973E+03
1.07220E+01        8.83345980688E+03
1.07280E+01        8.82435928450E+03
1.07340E+01        8.81527852565E+03
1.07400E+01        8.80620599223E+03
1.07460E+01        8.79714741340E+03
1.07520E+01        8.78810276065E+03
1.07580E+01        8.77907200558E+03
1.07640E+01        8.77005511985E+03
1.07700E+01        8.76105207517E+03
1.07760E+01        8.75206284335E+03
1.07820E+01        8.74308739627E+03
1.07880E+01        8.73412570586E+03
1.07940E+01        8.72517774414E+03
1.08000E+01        8.71624648248E+03
1.08060E+01        8.70732589139E+03
1.08120E+01        8.69841894546E+03
1.08180E+01        8.68952561699E+03
1.08240E+01        8.68064587834E+03
1.08300E+01        8.67177970194E+03
1.08360E+01        8.66292706031E+03
1.08420E+01        8.65408792601E+03
1.08480E+01        8.64526227170E+03
1.08540E+01        8.63645007007E+03
1.08600E+01        8.62765129392E+03
1.08660E+01        8.61886591609E+03
1.08720E+01        8.61009390950E+03
1.08780E+01        8.60133524714E+03
1.08840E+01        8.59258990206E+03
1.08900E+01        8.58385784739E+03
1.08960E+01        8.57513905630E+03
1.09020E+01        8.56643350206E+03
1.09080E+01        8.55774115800E+03
1.09140E+01        8.54906199749E+03
1.09200E+01        8.54039599400E+03
1.09260E+01        8.53174312106E+03
1.09320E+01        8.52310335224E+03
1.09380E+01        8.51447666121E+03
1.09440E+01        8.50586302169E+03
1.09500E+01        8.49726240747E+03
1.09560E+01        8.48867479239E+03
1.09620E+01        8.48010015038E+03
1.09680E+01        8.47153845542E+03
1.09740E+01        8.46299811529E+03
1.09800E+01        8.45445671202E+03
1.09860E+01        8.44593079364E+03
1.09920E+01        8.43742062800E+03
1.09980E+01        8.42892328030E+03
1.10040E+01        8.42043872490E+03
1.10100E+01        8.41196983072E+03
1.10160E+01        8.40351078038E+03
1.10220E+01        8.39506444584E+03
1.10280E+01        8.38663080172E+03
1.10340E+01        8.37820982272E+03
1.10400E+01        8.36980148357E+03
1.10460E+01        8.36140575909E+03
1.10520E+01        8.35302262416E+03
1.10580E+01        8.34465205370E+03
1.10640E+01        8.33629402273E+03
1.10700E+01        8.32794850630E+03
1.10760E+01        8.31961547953E+03
1.10820E+01        8.31129491761E+03
1.10880E+01        8.30298679578E+03
1.10940E+01        8.29469108935E+03
1.11000E+01        8.28640777368E+03
1.11060E+01        8.27813682421E+03
1.11120E+01        8.26987821642E+03
1.11180E+01        8.26163192586E+03
1.11240E+01        8.25339792814E+03
1.11300E+01        8.24517336190E+03
1.11360E+01        8.23696387976E+03
1.11420E+01        8.22876661764E+03
1.11480E+01        8.22058155140E+03
1.11540E+01        8.21241148268E+03
1.11600E+01        8.20424791022E+03
1.11660E+01        8.19609928728E+03
1.11720E+01        8.18796276420E+03
1.11780E+01        8.17983831713E+03
1.11840E+01        8.17172592226E+03
1.11900E+01        8.16362555585E+03
1.11960E+01        8.15553719424E+03
1.12020E+01        8.14746081378E+03
1.12080E+01        8.13939639092E+03
1.12140E+01        8.13134390216E+03
1.12200E+01        8.12330332403E+03
1.12260E+01        8.11527463315E+03
1.12320E+01        8.10725780618E+03
1.12380E+01        8.09924753571E+03
1.12440E+01        8.09125437201E+03
1.12500E+01        8.08327300254E+03
1.12560E+01        8.07530340420E+03
1.12620E+01        8.06734555394E+03
1.12680E+01        8.05939942876E+03
1.12740E+01        8.05146500572E+03
1.12800E+01        8.04354226194E+03
1.12860E+01        8.03563117459E+03
1.12920E+01        8.02773172089E+03
1.12980E+01        8.01984387813E+03
1.13040E+01        8.01196762365E+03
1.13100E+01        8.00410293483E+03
1.13160E+01        7.99624978912E+03
1.13220E+01        7.98840816404E+03
1.13280E+01        7.98057803713E+03
1.13340E+01        7.97275938600E+03
1.13400E+01        7.96495218832E+03
1.13460E+01        7.95715642182E+03
1.13520E+01        7.94936414286E+03
1.13580E+01        7.94159117982E+03
1.13640E+01        7.93382958142E+03
1.13700E+01        7.92607932559E+03
1.13760E+01        7.91834039033E+03
1.13820E+01        7.91061275367E+03
1.13880E+01        7.90289639370E+03
1.13940E+01        7.89519128858E+03
1.14000E+01        7.88749741650E+03
1.14060E+01        7.87981475571E+03
1.14120E+01        7.87214328452E+03
1.14180E+01        7.86448298129E+03
1.14240E+01        7.85683382442E+03
1.14300E+01        7.84919067154E+03
1.14360E+01        7.84156374781E+03
1.14420E+01        7.83394790597E+03
1.14480E+01        7.82634312465E+03
1.14540E+01        7.81874938249E+03
1.14600E+01        7.81116665823E+03
1.14660E+01        7.80359224569E+03
1.14720E+01        7.79603149617E+03
1.14780E+01        7.78848170101E+03
1.14840E+01        7.78094283912E+03
1.14900E+01        7.77341488947E+03
1.14960E+01        7.76589783109E+03
1.15020E+01        7.75838658150E+03
1.15080E+01        7.75089124781E+03
1.15140E+01        7.74340674274E+03
1.15200E+01        7.73593304552E+03
1.15260E+01        7.72847013542E+03
1.15320E+01        7.72101799176E+03
1.15380E+01        7.71357659391E+03
1.15440E+01        7.70614326990E+03
1.15500E+01        7.69872330454E+03
1.15560E+01        7.69131402339E+03
1.15620E+01        7.68391540601E+03
1.15680E+01        7.67652242396E+03
1.15740E+01        7.66914507786E+03
1.15800E+01        7.66177833452E+03
1.15860E+01        7.65442217371E+03
1.15920E+01        7.64707657522E+03
1.15980E+01        7.63974151893E+03
1.16040E+01        7.63241698473E+03
1.16100E+01        7.62510295257E+03
1.16160E+01        7.61779678150E+03
1.16220E+01        7.61050369599E+03
1.16280E+01        7.60322105266E+03
1.16340E+01        7.59594387619E+03
1.16400E+01        7.58868206243E+03
1.16460E+01        7.58143063141E+03
1.16520E+01        7.57418956342E+03
1.16580E+01        7.56695883877E+03
1.16640E+01        7.55973843784E+03
1.16700E+01        7.55252834106E+03
1.16760E+01        7.54532852889E+03
1.16820E+01        7.53813147060E+03
1.16880E+01        7.53095217640E+03
1.16940E+01        7.52378310848E+03
1.17000E+01        7.51662424750E+03
1.17060E+01        7.50947557413E+03
1.17120E+01        7.50233706914E+03
1.17180E+01        7.49520871331E+03
1.17240E+01        7.48809048746E+03
1.17300E+01        7.48098237248E+03
1.17360E+01        7.47387690214E+03
1.17420E+01        7.46678895878E+03
1.17480E+01        7.45971106918E+03
1.17540E+01        7.45264321439E+03
1.17600E+01        7.44558537551E+03
1.17660E+01        7.43853753370E+03
1.17720E+01        7.43149967014E+03
1.17780E+01        7.42447176607E+03
1.17840E+01        7.41745380276E+03
1.17900E+01        7.41044092720E+03
1.17960E+01        7.40344024684E+03
1.18020E+01        7.39645200089E+03
1.18080E+01        7.38947362124E+03
1.18140E+01        7.38250508937E+03
1.18200E+01        7.37554638685E+03
1.18260E+01        7.36859749523E+03
1.18320E+01        7.36165839616E+03
1.18380E+01        7.35472427335E+03
1.18440E+01        7.34780470892E+03
1.18500E+01        7.34089235654E+03
1.18560E+01        7.33399225161E+03
1.18620E+01        7.32710184797E+03
1.18680E+01        7.32022112750E+03
1.18740E+01        7.31335007213E+03
1.18800E+01        7.30648389737E+03
1.18860E+01        7.29963212259E+03
1.18920E+01        7.29278995892E+03
1.18980E+01        7.28595488176E+03
1.19040E+01        7.27913188896E+03
1.19100E+01        7.27231845366E+03
1.19160E+01        7.26551455807E+03
1.19220E+01        7.25871544918E+03
1.19280E+01        7.25193058424E+03
1.19340E+01        7.24515520590E+03
1.19400E+01        7.23838929652E+03
1.19460E+01        7.23163035055E+03
1.19520E+01        7.22488332873E+03
1.19580E+01        7.21814572325E+03
1.19640E+01        7.21141751666E+03
1.19700E+01        7.20469399155E+03
1.19760E+01        7.19798453488E+03
1.19820E+01        7.19128442496E+03
1.19880E+01        7.18459117270E+03
1.19940E+01        7.17790970670E+03
1.20000E+01        7.17123753565E+03
1.20060E+01        7.16457464239E+03
1.20120E+01        7.15791634032E+03
1.20180E+01        7.15127195557E+03
1.20240E+01        7.14463679728E+03
1.20300E+01        7.13800839271E+03
1.20360E+01        7.13139163861E+03
1.20420E+01        7.12478406003E+03
1.20480E+01        7.11818099657E+03
1.20540E+01        7.11159172265E+03
1.20600E+01        7.10501157364E+03
1.20660E+01        7.09843809063E+03
1.20720E+01        7.09187614337E+03
1.20780E+01        7.08532327076E+03
1.20840E+01        7.07877945613E+03
1.20900E+01        7.07224006934E+03
1.20960E+01        7.06571432506E+03
1.21020E+01        7.05919758896E+03
1.21080E+01        7.05268741815E+03
1.21140E+01        7.04618865111E+03
1.21200E+01        7.03969884280E+03
1.21260E+01        7.03321338878E+03
1.21320E+01        7.02674145294E+03
1.21380E+01        7.02027842670E+03
1.21440E+01        7.01382188079E+03
1.21500E+01        7.00737662712E+03
1.21560E+01        7.00094023426E+03
1.21620E+01        6.99450812328E+03
1.21680E+01        6.98808940772E+03
1.21740E+01        6.98167950452E+03
1.21800E+01        6.97527599791E+03
1.21860E+01        6.96888367344E+03
1.21920E+01        6.96250011321E+03
1.21980E+01        6.95612076357E+03
1.22040E+01        6.94975468811E+03
1.22100E+01        6.94339732908E+03
1.22160E+01        6.93704867064E+03
1.22220E+01        6.93070631261E+03
1.22280E+01        6.92437049312E+03
1.22340E+01        6.91804784794E+03
1.22400E+01        6.91173384025E+03
1.22460E+01        6.90542845438E+03
1.22520E+01        6.89912930120E+03
1.22580E+01        6.89284111424E+03
1.22640E+01        6.88655700999E+03
1.22700E+01        6.88028596155E+03
1.22760E+01        6.87402345705E+03
1.22820E+01        6.86776948101E+03
1.22880E+01        6.86152165749E+03
1.22940E+01        6.85528022243E+03
1.23000E+01        6.84905174556E+03
1.23060E+01        6.84283173561E+03
1.23120E+01        6.83662017731E+03
1.23180E+01        6.83041470557E+03
1.23240E+01        6.82422000693E+03
1.23300E+01        6.81802926673E+03
1.23360E+01        6.81185136888E+03
1.23420E+01        6.80568184670E+03
1.23480E+01        6.79952068509E+03
1.23540E+01        6.79336553195E+03
1.23600E+01        6.78721662108E+03
1.23660E+01        6.78108045713E+03
1.23720E+01        6.77495259373E+03
1.23780E+01        6.76883301596E+03
1.23840E+01        6.76271938241E+03
1.23900E+01        6.75661192593E+03
1.23960E+01        6.75051712192E+03
1.24020E+01        6.74443054417E+03
1.24080E+01        6.73835217792E+03
1.24140E+01        6.73227969243E+03
1.24200E+01        6.72621331958E+03
1.24260E+01        6.72015950570E+03
1.24320E+01        6.71411384462E+03
1.24380E+01        6.70807632176E+03
1.24440E+01        6.70204461693E+03
1.24500E+01        6.69601896106E+03
1.24560E+01        6.69000577161E+03
1.24620E+01        6.68400066233E+03
1.24680E+01        6.67800361878E+03
1.24740E+01        6.67201233129E+03
1.24800E+01        6.66602702983E+03
1.24860E+01        6.66005410319E+03
1.24920E+01        6.65408918487E+03
1.24980E+01        6.64813226061E+03
1.25040E+01        6.64218103116E+03
1.25100E+01        6.63623572555E+03
1.25160E+01        6.63030270407E+03
1.25220E+01        6.62437761988E+03
1.25280E+01        6.61845818202E+03
1.25340E+01        6.61254893212E+03
1.25400E+01        6.60664326775E+03
1.25460E+01        6.60074979776E+03
1.25520E+01        6.59486419480E+03
1.25580E+01        6.58898417820E+03
1.25640E+01        6.58311426947E+03
1.25700E+01        6.57724789565E+03
1.25760E+01        6.57139362736E+03
1.25820E+01        6.56554715660E+03
1.25880E+01        6.55970621297E+03
1.25940E+01        6.55387102286E+03
1.26000E+01        6.54804786782E+03
1.26060E+01        6.54223245529E+03
1.26120E+01        6.53642252297E+03
1.26180E+01        6.53062255641E+03
1.26240E+01        6.52482603528E+03
1.26300E+01        6.51904146198E+03
1.26360E+01        6.51326456305E+03
1.26420E+01        6.50749308634E+03
1.26480E+01        6.50173149758E+03
1.26540E+01        6.49597330544E+03
1.26600E+01        6.49022697472E+03
1.26660E+01        6.48448602030E+03
1.26720E+01        6.47875489217E+03
1.26780E+01        6.47302712203E+03
1.26840E+01        6.46731114484E+03
1.26900E+01        6.46160272127E+03
1.26960E+01        6.45589961720E+03
1.27020E+01        6.45020626308E+03
1.27080E+01        6.44451621921E+03
1.27140E+01        6.43883788344E+03
1.27200E+01        6.43316482221E+03
1.27260E+01        6.42750145041E+03
1.27320E+01        6.42184135111E+03
1.27380E+01        6.41619289264E+03
1.27440E+01        6.41054966416E+03
1.27500E+01        6.40491606511E+03
1.27560E+01        6.39928570117E+03
1.27620E+01        6.39366691133E+03
1.27680E+01        6.38805550487E+03
1.27740E+01        6.38244927329E+03
1.27800E+01        6.37685259682E+03
1.27860E+01        6.37125910928E+03
1.27920E+01        6.36567711317E+03
1.27980E+01        6.36010024833E+03
1.28040E+01        6.35453287969E+03
1.28100E+01        6.34896866344E+03
1.28160E+01        6.34341587307E+03
1.28220E+01        6.33786817076E+03
1.28280E+01        6.33232990623E+03
1.28340E+01        6.32679475791E+03
1.28400E+01        6.32127097044E+03
1.28460E+01        6.31575222821E+03
1.28520E+01        6.31024286582E+03
1.28580E+01        6.30473658383E+03
1.28640E+01        6.29924159816E+03
1.28700E+01        6.29375161532E+03
1.28760E+01        6.28827095485E+03
1.28820E+01        6.28279333933E+03
1.28880E+01        6.27732695612E+03
1.28940E+01        6.27186553370E+03
1.29000E+01        6.26641337666E+03
1.29060E+01        6.26096422946E+03
1.29120E+01        6.25552625106E+03
1.29180E+01        6.25009319182E+03
1.29240E+01        6.24466934141E+03
1.29300E+01        6.23924846611E+03
1.29360E+01        6.23383869659E+03
1.29420E+01        6.22843380497E+03
1.29480E+01        6.22303806610E+03
1.29540E+01        6.21764932348E+03
1.29600E+01        6.21226351302E+03
1.29660E+01        6.20688659514E+03
1.29720E+01        6.20151877439E+03
1.29780E+01        6.19615386028E+03
1.29840E+01        6.19079779781E+03
1.29900E+01        6.18545079104E+03
1.29960E+01        6.18011069664E+03
1.30020E+01        6.17477347516E+03
1.30080E+01        6.16944505111E+03
1.30140E+01        6.16412562794E+03
1.30200E+01        6.15881306976E+03
1.30260E+01        6.15350335111E+03
1.30320E+01        6.14820237614E+03
1.30380E+01        6.14291034765E+03
1.30440E+01        6.13762513718E+03
1.30500E+01        6.13234062373E+03
1.30560E+01        6.12706901956E+03
1.30620E+01        6.12180419846E+03
1.30680E+01        6.11654614880E+03
1.30740E+01        6.11128877069E+03
1.30800E+01        6.10604423447E+03
1.30860E+01        6.10080643503E+03
1.30920E+01        6.09557536088E+03
1.30980E+01        6.09034493308E+03
1.31040E+01        6.08512728028E+03
1.31100E+01        6.07991631839E+03
1.31160E+01        6.07470598414E+03
1.31220E+01        6.06950837505E+03
1.31280E+01        6.06431742272E+03
1.31340E+01        6.05913311581E+03
1.31400E+01        6.05394941184E+03
1.31460E+01        6.04877836701E+03
1.31520E+01        6.04361393374E+03
1.31580E+01        6.03845610078E+03
1.31640E+01        6.03329884634E+03
1.31700E+01        6.02815418552E+03
1.31760E+01        6.02301609143E+03
1.31820E+01        6.01787855772E+03
1.31880E+01        6.01275356880E+03
1.31940E+01        6.00763511325E+03
1.32000E+01        6.00252317999E+03
1.32060E+01        5.99741178317E+03
1.32120E+01        5.99231286645E+03
1.32180E+01        5.98722043893E+03
1.32240E+01        5.98213243189E+03
1.32300E+01        5.97704905313E+03
1.32360E+01        5.97197603250E+03
1.32420E+01        5.96690740478E+03
1.32480E+01        5.96184337728E+03
1.32540E+01        5.95678966530E+03
1.32600E+01        5.95174236614E+03
1.32660E+01        5.94669942342E+03
1.32720E+01        5.94166104380E+03
1.32780E+01        5.93663292327E+03
1.32840E+01        5.93160913205E+03
1.32900E+01        5.92659374186E+03
1.32960E+01        5.92158083762E+03
1.33020E+01        5.91657813647E+03
1.33080E+01        5.91157972874E+03
1.33140E+01        5.90658581994E+03
1.33200E+01        5.90160207252E+03
1.33260E+01        5.89662259180E+03
1.33320E+01        5.89164758282E+03
1.33380E+01        5.88668269373E+03
1.33440E+01        5.88172406800E+03
1.33500E+01        5.87676967366E+03
1.33560E+01        5.87181971508E+03
1.33620E+01        5.86687982144E+03
1.33680E+01        5.86194413289E+03
1.33740E+01        5.85701285334E+03
1.33800E+01        5.85209159778E+03
1.33860E+01        5.84717452120E+03
1.33920E+01        5.84226563753E+03
1.33980E+01        5.83735911614E+03
1.34040E+01        5.83246055830E+03
1.34100E+01        5.82757015735E+03
1.34160E+01        5.82268209739E+03
1.34220E+01        5.81780196563E+03
1.34280E+01        5.81292995497E+03
1.34340E+01        5.80806405233E+03
1.34400E+01        5.80320046255E+03
1.34460E+01        5.79834475414E+03
1.34520E+01        5.79349711943E+03
1.34580E+01        5.78865177664E+03
1.34640E+01        5.78381428036E+03
1.34700E+01        5.77898482246E+03
1.34760E+01        5.77415763571E+03
1.34820E+01        5.76933826081E+03
1.34880E+01        5.76452688919E+03
1.34940E+01        5.75972152471E+03
1.35000E+01        5.75491642438E+03
1.35060E+01        5.75012304905E+03
1.35120E+01        5.74533565101E+03
1.35180E+01        5.74055047621E+03
1.35240E+01        5.73577303317E+03
1.35300E+01        5.73100351232E+03
1.35360E+01        5.72623619445E+03
1.35420E+01        5.72147657434E+03
1.35480E+01        5.71672484199E+03
1.35540E+01        5.71197901796E+03
1.35600E+01        5.70723340699E+03
1.35660E+01        5.70249937501E+03
1.35720E+01        5.69777122209E+03
1.35780E+01        5.69304326720E+03
1.35840E+01        5.68832684799E+03
1.35900E+01        5.68361627878E+03
1.35960E+01        5.67890589267E+03
1.36020E+01        5.67420699919E+03
1.36080E+01        5.66951392680E+03
1.36140E+01        5.66482102272E+03
1.36200E+01        5.66013956844E+03
1.36260E+01        5.65546390654E+03
1.36320E+01        5.65079208380E+03
1.36380E+01        5.64612429722E+03
1.36440E+01        5.64146596000E+03
1.36500E+01        5.63681143827E+03
1.36560E+01        5.63216092857E+03
1.36620E+01        5.62751983073E+03
1.36680E+01        5.62288252488E+03
1.36740E+01        5.61824920709E+03
1.36800E+01        5.61362526389E+03
1.36860E+01        5.60900508932E+03
1.36920E+01        5.60438887899E+03
1.36980E+01        5.59978200618E+03
1.37040E+01        5.59517887879E+03
1.37100E+01        5.59057969200E+03
1.37160E+01        5.58598980585E+03
1.37220E+01        5.58140364207E+03
1.37280E+01        5.57682139539E+03
1.37340E+01        5.57224841269E+03
1.37400E+01        5.56767912946E+03
1.37460E+01        5.56311373999E+03
1.37520E+01        5.55855757802E+03
1.37580E+01        5.55400509279E+03
1.37640E+01        5.54945647811E+03
1.37700E+01        5.54491705468E+03
1.37760E+01        5.54038128538E+03
1.37820E+01        5.53584936360E+03
1.37880E+01        5.53132659700E+03
1.37940E+01        5.52680746209E+03
1.38000E+01        5.52229575344E+03
1.38060E+01        5.51778596081E+03
1.38120E+01        5.51328337923E+03
1.38180E+01        5.50878459952E+03
1.38240E+01        5.50429490344E+03
1.38300E+01        5.49980879461E+03
1.38360E+01        5.49533004911E+03
1.38420E+01        5.49085129504E+03
1.38480E+01        5.48638346752E+03
1.38540E+01        5.48191750820E+03
1.38600E+01        5.47745867773E+03
1.38660E+01        5.47300715868E+03
1.38720E+01        5.46856105671E+03
1.38780E+01        5.46411491995E+03
1.38840E+01        5.45967963028E+03
1.38900E+01        5.45524617355E+03
1.38960E+01        5.45081978485E+03
1.39020E+01        5.44640064593E+03
1.39080E+01        5.44198687174E+03
1.39140E+01        5.43757303699E+03
1.39200E+01        5.43316997069E+03
1.39260E+01        5.42876870258E+03
1.39320E+01        5.42437444237E+03
1.39380E+01        5.41998737100E+03
1.39440E+01        5.41560021792E+03
1.39500E+01        5.41122376838E+03
1.39560E+01        5.40685261474E+03
1.39620E+01        5.40248136685E+03
1.39680E+01        5.39812078382E+03
1.39740E+01        5.39376547118E+03
1.39800E+01        5.38941005183E+03
1.39860E+01        5.38506525889E+03
1.39920E+01        5.38072571096E+03
1.39980E+01        5.37638604399E+03
1.40040E+01        5.37205696515E+03
