# %ECSV 0.9
# ---
# datatype:
# - {name: wavelength, unit: micron, datatype: float64}
# - {name: flux, unit: microJansky, datatype: float64}
# schema: astropy-2.0
#
#
#  - - File generated by ExoNoodle - -
#         V1.0.0 - MML (CEA-Saclay)
#       2021-03-25 15:37:33.308590
wavelength flux 
3.00000E+00        7.35809392953E+04
3.00600E+00        7.33789547098E+04
3.01200E+00        7.31777622774E+04
3.01800E+00        7.29772675974E+04
3.02400E+00        7.27775045073E+04
3.03000E+00        7.25784941155E+04
3.03600E+00        7.23802274328E+04
3.04200E+00        7.21826714631E+04
3.04800E+00        7.19858712494E+04
3.05400E+00        7.17897878392E+04
3.06000E+00        7.15944244731E+04
3.06600E+00        7.13997899500E+04
3.07200E+00        7.12058755812E+04
3.07800E+00        7.10126723018E+04
3.08400E+00        7.08201774717E+04
3.09000E+00        7.06283881230E+04
3.09600E+00        7.04373247922E+04
3.10200E+00        7.02469495197E+04
3.10800E+00        7.00572769833E+04
3.11400E+00        6.98683043093E+04
3.12000E+00        6.96800401444E+04
3.12600E+00        6.94924585759E+04
3.13200E+00        6.93055682976E+04
3.13800E+00        6.91193607045E+04
3.14400E+00        6.89338445073E+04
3.15000E+00        6.87490053691E+04
3.15600E+00        6.85648462377E+04
3.16200E+00        6.83813700077E+04
3.16800E+00        6.81985624602E+04
3.17400E+00        6.80164321944E+04
3.18000E+00        6.78349650697E+04
3.18600E+00        6.76541640001E+04
3.19200E+00        6.74740150746E+04
3.19800E+00        6.72945546962E+04
3.20400E+00        6.71157408245E+04
3.21000E+00        6.69375875570E+04
3.21600E+00        6.67600809871E+04
3.22200E+00        6.65832240969E+04
3.22800E+00        6.64070195044E+04
3.23400E+00        6.62314535240E+04
3.24000E+00        6.60565291199E+04
3.24600E+00        6.58822598826E+04
3.25200E+00        6.57086211960E+04
3.25800E+00        6.55356050782E+04
3.26400E+00        6.53632360063E+04
3.27000E+00        6.51914842320E+04
3.27600E+00        6.50203741086E+04
3.28200E+00        6.48498652345E+04
3.28800E+00        6.46800034981E+04
3.29400E+00        6.45107485285E+04
3.30000E+00        6.43421032786E+04
3.30600E+00        6.41740864038E+04
3.31200E+00        6.40066633795E+04
3.31800E+00        6.38398476300E+04
3.32400E+00        6.36736524230E+04
3.33000E+00        6.35080435122E+04
3.33600E+00        6.33430342255E+04
3.34200E+00        6.31786220319E+04
3.34800E+00        6.30148200731E+04
3.35400E+00        6.28515944699E+04
3.36000E+00        6.26889584240E+04
3.36600E+00        6.25268990161E+04
3.37200E+00        6.23654346433E+04
3.37800E+00        6.22045626536E+04
3.38400E+00        6.20442496601E+04
3.39000E+00        6.18845242293E+04
3.39600E+00        6.17253632510E+04
3.40200E+00        6.15667797691E+04
3.40800E+00        6.14087610784E+04
3.41400E+00        6.12513150163E+04
3.42000E+00        6.10944238560E+04
3.42600E+00        6.09380904555E+04
3.43200E+00        6.07823274780E+04
3.43800E+00        6.06271173998E+04
3.44400E+00        6.04724629337E+04
3.45000E+00        6.03183566923E+04
3.45600E+00        6.01647964598E+04
3.46200E+00        6.00117897526E+04
3.46800E+00        5.98593293068E+04
3.47400E+00        5.97074128022E+04
3.48000E+00        5.95560231260E+04
3.48600E+00        5.94051876192E+04
3.49200E+00        5.92548744231E+04
3.49800E+00        5.91050959647E+04
3.50400E+00        5.89558501570E+04
3.51000E+00        5.88071443568E+04
3.51600E+00        5.86589470787E+04
3.52200E+00        5.85112901884E+04
3.52800E+00        5.83641423295E+04
3.53400E+00        5.82175254709E+04
3.54000E+00        5.80714181409E+04
3.54600E+00        5.79258277724E+04
3.55200E+00        5.77807568944E+04
3.55800E+00        5.76361842441E+04
3.56400E+00        5.74921316249E+04
3.57000E+00        5.73485776714E+04
3.57600E+00        5.72055392814E+04
3.58200E+00        5.70629953837E+04
3.58800E+00        5.69209533085E+04
3.59400E+00        5.67794061896E+04
3.60000E+00        5.66383566608E+04
3.60600E+00        5.64978026078E+04
3.61200E+00        5.63577372274E+04
3.61800E+00        5.62181678317E+04
3.62400E+00        5.60790922111E+04
3.63000E+00        5.59404944392E+04
3.63600E+00        5.58023817323E+04
3.64200E+00        5.56647335567E+04
3.64800E+00        5.55275848558E+04
3.65400E+00        5.53909104506E+04
3.66000E+00        5.52547083427E+04
3.66600E+00        5.51189811373E+04
3.67200E+00        5.49837268195E+04
3.67800E+00        5.48489433834E+04
3.68400E+00        5.47146242710E+04
3.69000E+00        5.45807676133E+04
3.69600E+00        5.44473803702E+04
3.70200E+00        5.43144560959E+04
3.70800E+00        5.41819928287E+04
3.71400E+00        5.40499751835E+04
3.72000E+00        5.39184281126E+04
3.72600E+00        5.37873317320E+04
3.73200E+00        5.36566930930E+04
3.73800E+00        5.35264880188E+04
3.74400E+00        5.33967457194E+04
3.75000E+00        5.32674421622E+04
3.75600E+00        5.31385886405E+04
3.76200E+00        5.30101833215E+04
3.76800E+00        5.28822067480E+04
3.77400E+00        5.27546658601E+04
3.78000E+00        5.26275762957E+04
3.78600E+00        5.25009230630E+04
3.79200E+00        5.23746956706E+04
3.79800E+00        5.22488966205E+04
3.80400E+00        5.21235370714E+04
3.81000E+00        5.19986023039E+04
3.81600E+00        5.18740947011E+04
3.82200E+00        5.17500126250E+04
3.82800E+00        5.16263541207E+04
3.83400E+00        5.15031132729E+04
3.84000E+00        5.13802882550E+04
3.84600E+00        5.12578943395E+04
3.85200E+00        5.11359042611E+04
3.85800E+00        5.10143332876E+04
3.86400E+00        5.08931753227E+04
3.87000E+00        5.07724245581E+04
3.87600E+00        5.06520792159E+04
3.88200E+00        5.05321585867E+04
3.88800E+00        5.04126273806E+04
3.89400E+00        5.02935007018E+04
3.90000E+00        5.01747768536E+04
3.90600E+00        5.00564541470E+04
3.91200E+00        4.99385309008E+04
3.91800E+00        4.98210136690E+04
3.92400E+00        4.97038801690E+04
3.93000E+00        4.95871452850E+04
3.93600E+00        4.94707990905E+04
3.94200E+00        4.93548481995E+04
3.94800E+00        4.92392786352E+04
3.95400E+00        4.91241011113E+04
3.96000E+00        4.90093098939E+04
3.96600E+00        4.88948992948E+04
3.97200E+00        4.87808718032E+04
3.97800E+00        4.86672298778E+04
3.98400E+00        4.85539638057E+04
3.99000E+00        4.84410760696E+04
3.99600E+00        4.83285650939E+04
4.00200E+00        4.82164252912E+04
4.00800E+00        4.81046631473E+04
4.01400E+00        4.79932690798E+04
4.02000E+00        4.78822455607E+04
4.02600E+00        4.77715950320E+04
4.03200E+00        4.76613079888E+04
4.03800E+00        4.75513829330E+04
4.04400E+00        4.74418302366E+04
4.05000E+00        4.73326247371E+04
4.05600E+00        4.72237924428E+04
4.06200E+00        4.71153161414E+04
4.06800E+00        4.70072022056E+04
4.07400E+00        4.68994413070E+04
4.08000E+00        4.67920281696E+04
4.08600E+00        4.66849767945E+04
4.09200E+00        4.65782779747E+04
4.09800E+00        4.64719302542E+04
4.10400E+00        4.63659206630E+04
4.11000E+00        4.62602708264E+04
4.11600E+00        4.61549600680E+04
4.12200E+00        4.60499947595E+04
4.12800E+00        4.59453771633E+04
4.13400E+00        4.58411059096E+04
4.14000E+00        4.57371643871E+04
4.14600E+00        4.56335663407E+04
4.15200E+00        4.55303029020E+04
4.15800E+00        4.54273877088E+04
4.16400E+00        4.53247815964E+04
4.17000E+00        4.52225399743E+04
4.17600E+00        4.51206385622E+04
4.18200E+00        4.50190235579E+04
4.18800E+00        4.49177836145E+04
4.19400E+00        4.48168275727E+04
4.20000E+00        4.47162436934E+04
4.20600E+00        4.46159412333E+04
4.21200E+00        4.45160080636E+04
4.21800E+00        4.44163538544E+04
4.22400E+00        4.43170660898E+04
4.23000E+00        4.42180548503E+04
4.23600E+00        4.41193704650E+04
4.24200E+00        4.40210337339E+04
4.24800E+00        4.39229844559E+04
4.25400E+00        4.38252801155E+04
4.26000E+00        4.37278535657E+04
4.26600E+00        4.36307837022E+04
4.27200E+00        4.35339820220E+04
4.27800E+00        4.34374909229E+04
4.28400E+00        4.33413452664E+04
4.29000E+00        4.32454571938E+04
4.29600E+00        4.31492632762E+04
4.30200E+00        4.30522155632E+04
4.30800E+00        4.29587271014E+04
4.31400E+00        4.28629954259E+04
4.32000E+00        4.27684904636E+04
4.32600E+00        4.26594518673E+04
4.33200E+00        4.25796693342E+04
4.33800E+00        4.24839665460E+04
4.34400E+00        4.23848447638E+04
4.35000E+00        4.22879295890E+04
4.35600E+00        4.21986676918E+04
4.36200E+00        4.21042702206E+04
4.36800E+00        4.20131212209E+04
4.37400E+00        4.19063954721E+04
4.38000E+00        4.18309259651E+04
4.38600E+00        4.17210271091E+04
4.39200E+00        4.16466019263E+04
4.39800E+00        4.15373908622E+04
4.40400E+00        4.14619941040E+04
4.41000E+00        4.13708242027E+04
4.41600E+00        4.12728817206E+04
4.42200E+00        4.11914730331E+04
4.42800E+00        4.11024432745E+04
4.43400E+00        4.10059692111E+04
4.44000E+00        4.09122066149E+04
4.44600E+00        4.08319247412E+04
4.45200E+00        4.07455514986E+04
4.45800E+00        4.06579038291E+04
4.46400E+00        4.05697750433E+04
4.47000E+00        4.04806095405E+04
4.47600E+00        4.03919211902E+04
4.48200E+00        4.03019934573E+04
4.48800E+00        4.02143278179E+04
4.49400E+00        4.01290478519E+04
4.50000E+00        4.00417647401E+04
4.50600E+00        3.99560500185E+04
4.51200E+00        3.98719255221E+04
4.51800E+00        3.97894135277E+04
4.52400E+00        3.96945390677E+04
4.53000E+00        3.96228555121E+04
4.53600E+00        3.95390876845E+04
4.54200E+00        3.94553018044E+04
4.54800E+00        3.93718533489E+04
4.55400E+00        3.92847399142E+04
4.56000E+00        3.92012583918E+04
4.56600E+00        3.91120902101E+04
4.57200E+00        3.90349333736E+04
4.57800E+00        3.89558092975E+04
4.58400E+00        3.88721454093E+04
4.59000E+00        3.87909139313E+04
4.59600E+00        3.87078855509E+04
4.60200E+00        3.86136634601E+04
4.60800E+00        3.85456491026E+04
4.61400E+00        3.84667238965E+04
4.62000E+00        3.83807048555E+04
4.62600E+00        3.83018106142E+04
4.63200E+00        3.82238455246E+04
4.63800E+00        3.81478613587E+04
4.64400E+00        3.80646469314E+04
4.65000E+00        3.79830561963E+04
4.65600E+00        3.79121359481E+04
4.66200E+00        3.78386291844E+04
4.66800E+00        3.77546503923E+04
4.67400E+00        3.76623343121E+04
4.68000E+00        3.75952062261E+04
4.68600E+00        3.75220926160E+04
4.69200E+00        3.74365069351E+04
4.69800E+00        3.73613034844E+04
4.70400E+00        3.72886620439E+04
4.71000E+00        3.72061411832E+04
4.71600E+00        3.71288504235E+04
4.72200E+00        3.70540403699E+04
4.72800E+00        3.69770148562E+04
4.73400E+00        3.68982239945E+04
4.74000E+00        3.68268455329E+04
4.74600E+00        3.67464134584E+04
4.75200E+00        3.66738727824E+04
4.75800E+00        3.65993677248E+04
4.76400E+00        3.65136200387E+04
4.77000E+00        3.64514068767E+04
4.77600E+00        3.63738011309E+04
4.78200E+00        3.62956471293E+04
4.78800E+00        3.62291053124E+04
4.79400E+00        3.61394952618E+04
4.80000E+00        3.60786044394E+04
4.80600E+00        3.60071130608E+04
4.81200E+00        3.59226546486E+04
4.81800E+00        3.58624806919E+04
4.82400E+00        3.57795362433E+04
4.83000E+00        3.57163423733E+04
4.83600E+00        3.56343753771E+04
4.84200E+00        3.55679842408E+04
4.84800E+00        3.55014381386E+04
4.85400E+00        3.54159444058E+04
4.86000E+00        3.53572754096E+04
4.86600E+00        3.52779989482E+04
4.87200E+00        3.52130532608E+04
4.87800E+00        3.51365676143E+04
4.88400E+00        3.50620027704E+04
4.89000E+00        3.50037812582E+04
4.89600E+00        3.49296469662E+04
4.90200E+00        3.48645437146E+04
4.90800E+00        3.47842268768E+04
4.91400E+00        3.47234249559E+04
4.92000E+00        3.46324034786E+04
4.92600E+00        3.45802402594E+04
4.93200E+00        3.45065025798E+04
4.93800E+00        3.44231379057E+04
4.94400E+00        3.43743850687E+04
4.95000E+00        3.43121493284E+04
4.95600E+00        3.42392098753E+04
4.96200E+00        3.41769060828E+04
4.96800E+00        3.40998150490E+04
4.97400E+00        3.40426784557E+04
4.98000E+00        3.39624736747E+04
4.98600E+00        3.39085220424E+04
4.99200E+00        3.38368218795E+04
4.99800E+00        3.37758260037E+04
5.00400E+00        3.37031609423E+04
5.01000E+00        3.36208739805E+04
5.01600E+00        3.35670999711E+04
5.02200E+00        3.34978441214E+04
5.02800E+00        3.34309504267E+04
5.03400E+00        3.33793824427E+04
5.04000E+00        3.32969457222E+04
5.04600E+00        3.32477873929E+04
5.05200E+00        3.31757058455E+04
5.05800E+00        3.31150364730E+04
5.06400E+00        3.30483499829E+04
5.07000E+00        3.29846630693E+04
5.07600E+00        3.29260251920E+04
5.08200E+00        3.28441518978E+04
5.08800E+00        3.27998410660E+04
5.09400E+00        3.27113748932E+04
5.10000E+00        3.26722320731E+04
5.10600E+00        3.25969562385E+04
5.11200E+00        3.25457354845E+04
5.11800E+00        3.24691082936E+04
5.12400E+00        3.24188499936E+04
5.13000E+00        3.23523744607E+04
5.13600E+00        3.22940035675E+04
5.14200E+00        3.22326392082E+04
5.14800E+00        3.21684986051E+04
5.15400E+00        3.21103429872E+04
5.16000E+00        3.20287627563E+04
5.16600E+00        3.19876020968E+04
5.17200E+00        3.19168728362E+04
5.17800E+00        3.18644441337E+04
5.18400E+00        3.17975811666E+04
5.19000E+00        3.17393525831E+04
5.19600E+00        3.16810510590E+04
5.20200E+00        3.16131043337E+04
5.20800E+00        3.15515963029E+04
5.21400E+00        3.14971422114E+04
5.22000E+00        3.14397369480E+04
5.22600E+00        3.13594530012E+04
5.23200E+00        3.12875964532E+04
5.23800E+00        3.12609076422E+04
5.24400E+00        3.11990662868E+04
5.25000E+00        3.11399377137E+04
5.25600E+00        3.10523700045E+04
5.26200E+00        3.10096288000E+04
5.26800E+00        3.09641835988E+04
5.27400E+00        3.08905212699E+04
5.28000E+00        3.08470563219E+04
5.28600E+00        3.07856991466E+04
5.29200E+00        3.07222562976E+04
5.29800E+00        3.06745736572E+04
5.30400E+00        3.06114887923E+04
5.31000E+00        3.05576278597E+04
5.31600E+00        3.04915184759E+04
5.32200E+00        3.04426788949E+04
5.32800E+00        3.03869740537E+04
5.33400E+00        3.03300681095E+04
5.34000E+00        3.02680335423E+04
5.34600E+00        3.02145607220E+04
5.35200E+00        3.01584873766E+04
5.35800E+00        3.01022506152E+04
5.36400E+00        3.00472000961E+04
5.37000E+00        2.99905292093E+04
5.37600E+00        2.99352289760E+04
5.38200E+00        2.98789877076E+04
5.38800E+00        2.98154736073E+04
5.39400E+00        2.97559984214E+04
5.40000E+00        2.97130200756E+04
5.40600E+00        2.96574287350E+04
5.41200E+00        2.96007918137E+04
5.41800E+00        2.95464453903E+04
5.42400E+00        2.94921829766E+04
5.43000E+00        2.94385264422E+04
5.43600E+00        2.93838681534E+04
5.44200E+00        2.93291603523E+04
5.44800E+00        2.92755256759E+04
5.45400E+00        2.92200034555E+04
5.46000E+00        2.91660295121E+04
5.46600E+00        2.91111585761E+04
5.47200E+00        2.90578912302E+04
5.47800E+00        2.90065919090E+04
5.48400E+00        2.89534582588E+04
5.49000E+00        2.88942045133E+04
5.49600E+00        2.88473823366E+04
5.50200E+00        2.87945257136E+04
5.50800E+00        2.87404378736E+04
5.51400E+00        2.86891687332E+04
5.52000E+00        2.86367479952E+04
5.52600E+00        2.85837313690E+04
5.53200E+00        2.85318255175E+04
5.53800E+00        2.84803022422E+04
5.54400E+00        2.84278417849E+04
5.55000E+00        2.83760247022E+04
5.55600E+00        2.83250009387E+04
5.56200E+00        2.82716549052E+04
5.56800E+00        2.82135418574E+04
5.57400E+00        2.81707165445E+04
5.58000E+00        2.81056761770E+04
5.58600E+00        2.80688925785E+04
5.59200E+00        2.80180641482E+04
5.59800E+00        2.79673200230E+04
5.60400E+00        2.79146563652E+04
5.61000E+00        2.78667344506E+04
5.61600E+00        2.78163253025E+04
5.62200E+00        2.77644181895E+04
5.62800E+00        2.77164207573E+04
5.63400E+00        2.76664022034E+04
5.64000E+00        2.76126560097E+04
5.64600E+00        2.75672362861E+04
5.65200E+00        2.75177999374E+04
5.65800E+00        2.74677051596E+04
5.66400E+00        2.74193055201E+04
5.67000E+00        2.73702147616E+04
5.67600E+00        2.73207845122E+04
5.68200E+00        2.72719846852E+04
5.68800E+00        2.72238213530E+04
5.69400E+00        2.71739445677E+04
5.70000E+00        2.71266412744E+04
5.70600E+00        2.70785400566E+04
5.71200E+00        2.70303418473E+04
5.71800E+00        2.69823148371E+04
5.72400E+00        2.69344223663E+04
5.73000E+00        2.68865976014E+04
5.73600E+00        2.68385834823E+04
5.74200E+00        2.67914339306E+04
5.74800E+00        2.67439964552E+04
5.75400E+00        2.66966255467E+04
5.76000E+00        2.66495366229E+04
5.76600E+00        2.66025046952E+04
5.77200E+00        2.65552838207E+04
5.77800E+00        2.65087549012E+04
5.78400E+00        2.64620802755E+04
5.79000E+00        2.64155007434E+04
5.79600E+00        2.63690423528E+04
5.80200E+00        2.63227694508E+04
5.80800E+00        2.62765470433E+04
5.81400E+00        2.62275520717E+04
5.82000E+00        2.61845085415E+04
5.82600E+00        2.61386959916E+04
5.83200E+00        2.60929585042E+04
5.83800E+00        2.60473348041E+04
5.84400E+00        2.60018717244E+04
5.85000E+00        2.59564958124E+04
5.85600E+00        2.59111728197E+04
5.86200E+00        2.58661157461E+04
5.86800E+00        2.58210764350E+04
5.87400E+00        2.57738937622E+04
5.88000E+00        2.57313871063E+04
5.88600E+00        2.56867022485E+04
5.89200E+00        2.56421659972E+04
5.89800E+00        2.55976928912E+04
5.90400E+00        2.55510854337E+04
5.91000E+00        2.55091551842E+04
5.91600E+00        2.54649719052E+04
5.92200E+00        2.54210653374E+04
5.92800E+00        2.53771825462E+04
5.93400E+00        2.53334074393E+04
5.94000E+00        2.52897480138E+04
5.94600E+00        2.52461955429E+04
5.95200E+00        2.52027579979E+04
5.95800E+00        2.51594434914E+04
5.96400E+00        2.51161890164E+04
5.97000E+00        2.50731146722E+04
5.97600E+00        2.50301164525E+04
5.98200E+00        2.49872189101E+04
5.98800E+00        2.49444381948E+04
5.99400E+00        2.49017247800E+04
6.00000E+00        2.48581836832E+04
6.00600E+00        2.48167563323E+04
6.01200E+00        2.47744021858E+04
6.01800E+00        2.47321548356E+04
6.02400E+00        2.46900180042E+04
6.03000E+00        2.46480037174E+04
6.03600E+00        2.46060746058E+04
6.04200E+00        2.45642508900E+04
6.04800E+00        2.45225322232E+04
6.05400E+00        2.44809223007E+04
6.06000E+00        2.44394126909E+04
6.06600E+00        2.43980070987E+04
6.07200E+00        2.43567214536E+04
6.07800E+00        2.43155308732E+04
6.08400E+00        2.42744312450E+04
6.09000E+00        2.42334342918E+04
6.09600E+00        2.41925556491E+04
6.10200E+00        2.41517669991E+04
6.10800E+00        2.41108533714E+04
6.11400E+00        2.40705143946E+04
6.12000E+00        2.40300296923E+04
6.12600E+00        2.39896456574E+04
6.13200E+00        2.39493659148E+04
6.13800E+00        2.39091822262E+04
6.14400E+00        2.38690982257E+04
6.15000E+00        2.38290862466E+04
6.15600E+00        2.37892517388E+04
6.16200E+00        2.37490689399E+04
6.16800E+00        2.37097763119E+04
6.17400E+00        2.36701858805E+04
6.18000E+00        2.36306932135E+04
6.18600E+00        2.35912979946E+04
6.19200E+00        2.35520037958E+04
6.19800E+00        2.35128221102E+04
6.20400E+00        2.34737173117E+04
6.21000E+00        2.34347087091E+04
6.21600E+00        2.33957959922E+04
6.22200E+00        2.33569788522E+04
6.22800E+00        2.33182608301E+04
6.23400E+00        2.32796339162E+04
6.24000E+00        2.32411171850E+04
6.24600E+00        2.32026830863E+04
6.25200E+00        2.31643392032E+04
6.25800E+00        2.31260890696E+04
6.26400E+00        2.30879323852E+04
6.27000E+00        2.30498688507E+04
6.27600E+00        2.30119019659E+04
6.28200E+00        2.29740238319E+04
6.28800E+00        2.29362570637E+04
6.29400E+00        2.28985631222E+04
6.30000E+00        2.28609608521E+04
6.30600E+00        2.28234499611E+04
6.31200E+00        2.27860301579E+04
6.31800E+00        2.27487049070E+04
6.32400E+00        2.27114664046E+04
6.33000E+00        2.26743181235E+04
6.33600E+00        2.26372786343E+04
6.34200E+00        2.26002651480E+04
6.34800E+00        2.25634305429E+04
6.35400E+00        2.25266402612E+04
6.36000E+00        2.24899387787E+04
6.36600E+00        2.24533258144E+04
6.37200E+00        2.24168010884E+04
6.37800E+00        2.23803866581E+04
6.38400E+00        2.23440301614E+04
6.39000E+00        2.23077684563E+04
6.39600E+00        2.22716012314E+04
6.40200E+00        2.22355134978E+04
6.40800E+00        2.21995123449E+04
6.41400E+00        2.21635975003E+04
6.42000E+00        2.21277686924E+04
6.42600E+00        2.20920440535E+04
6.43200E+00        2.20563864792E+04
6.43800E+00        2.20208141336E+04
6.44400E+00        2.19853267494E+04
6.45000E+00        2.19499240601E+04
6.45600E+00        2.19146058007E+04
6.46200E+00        2.18793717068E+04
6.46800E+00        2.18442251201E+04
6.47400E+00        2.18091767296E+04
6.48000E+00        2.17741935220E+04
6.48600E+00        2.17392934330E+04
6.49200E+00        2.17044762035E+04
6.49800E+00        2.16697415753E+04
6.50400E+00        2.16350892910E+04
6.51000E+00        2.16005190944E+04
6.51600E+00        2.15660486944E+04
6.52200E+00        2.15316383262E+04
6.52800E+00        2.14973163896E+04
6.53400E+00        2.14630719721E+04
6.54000E+00        2.14289083756E+04
6.54600E+00        2.13948253496E+04
6.55200E+00        2.13608226446E+04
6.55800E+00        2.13269177769E+04
6.56400E+00        2.12930749410E+04
6.57000E+00        2.12593116833E+04
6.57600E+00        2.12256277580E+04
6.58200E+00        2.11920229204E+04
6.58800E+00        2.11584969265E+04
6.59400E+00        2.11250671300E+04
6.60000E+00        2.10916980678E+04
6.60600E+00        2.10584071232E+04
6.61200E+00        2.10251940561E+04
6.61800E+00        2.09920586271E+04
6.62400E+00        2.09590005978E+04
6.63000E+00        2.09260371612E+04
6.63600E+00        2.08931331922E+04
6.64200E+00        2.08603059130E+04
6.64800E+00        2.08275585259E+04
6.65400E+00        2.07948839174E+04
6.66000E+00        2.07623025910E+04
6.66600E+00        2.07297796992E+04
6.67200E+00        2.06973323319E+04
6.67800E+00        2.06649602586E+04
6.68400E+00        2.06326632498E+04
6.69000E+00        2.06004410766E+04
6.69600E+00        2.05683072493E+04
6.70200E+00        2.05362374321E+04
6.70800E+00        2.05042383753E+04
6.71400E+00        2.04723132478E+04
6.72000E+00        2.04404788508E+04
6.72600E+00        2.04087008827E+04
6.73200E+00        2.03769961728E+04
6.73800E+00        2.03453644992E+04
6.74400E+00        2.03138056408E+04
6.75000E+00        2.02823362711E+04
6.75600E+00        2.02509223564E+04
6.76200E+00        2.02195805984E+04
6.76800E+00        2.01883107790E+04
6.77400E+00        2.01571294707E+04
6.78000E+00        2.01259995310E+04
6.78600E+00        2.00949475235E+04
6.79200E+00        2.00639632699E+04
6.79800E+00        2.00330632579E+04
6.80400E+00        2.00022204930E+04
6.81000E+00        1.99714514596E+04
6.81600E+00        1.99407493498E+04
6.82200E+00        1.99101305517E+04
6.82800E+00        1.98795682386E+04
6.83400E+00        1.98490755199E+04
6.84000E+00        1.98186686946E+04
6.84600E+00        1.97883145149E+04
6.85200E+00        1.97580293066E+04
6.85800E+00        1.97278128636E+04
6.86400E+00        1.96976813871E+04
6.87000E+00        1.96676018343E+04
6.87600E+00        1.96375904329E+04
6.88200E+00        1.96076469799E+04
6.88800E+00        1.95777875794E+04
6.89400E+00        1.95479793917E+04
6.90000E+00        1.95182385475E+04
6.90600E+00        1.94885810787E+04
6.91200E+00        1.94589742969E+04
6.91800E+00        1.94294342602E+04
6.92400E+00        1.93999607707E+04
6.93000E+00        1.93705697649E+04
6.93600E+00        1.93412287541E+04
6.94200E+00        1.93119537009E+04
6.94800E+00        1.92827604709E+04
6.95400E+00        1.92536167239E+04
6.96000E+00        1.92245383513E+04
6.96600E+00        1.91955219926E+04
6.97200E+00        1.91665897591E+04
6.97800E+00        1.91377063352E+04
6.98400E+00        1.91088875179E+04
6.99000E+00        1.90801490088E+04
6.99600E+00        1.90514588109E+04
7.00200E+00        1.90228326511E+04
7.00800E+00        1.89942861615E+04
7.01400E+00        1.89657874904E+04
7.02000E+00        1.89373522951E+04
7.02600E+00        1.89089803894E+04
7.03200E+00        1.88806873133E+04
7.03800E+00        1.88524414076E+04
7.04400E+00        1.88242582372E+04
7.05000E+00        1.87961532737E+04
7.05600E+00        1.87680950009E+04
7.06200E+00        1.87400958228E+04
7.06800E+00        1.87121773321E+04
7.07400E+00        1.86843050578E+04
7.08000E+00        1.86564944281E+04
7.08600E+00        1.86287607789E+04
7.09200E+00        1.86010728773E+04
7.09800E+00        1.85734460836E+04
7.10400E+00        1.85458956666E+04
7.11000E+00        1.85183905336E+04
7.11600E+00        1.84909459777E+04
7.12200E+00        1.84635772009E+04
7.12800E+00        1.84362502078E+04
7.13400E+00        1.84089863131E+04
7.14000E+00        1.83817822964E+04
7.14600E+00        1.83546532714E+04
7.15200E+00        1.83275684692E+04
7.15800E+00        1.83005430272E+04
7.16400E+00        1.82735919934E+04
7.17000E+00        1.82466847360E+04
7.17600E+00        1.82198363266E+04
7.18200E+00        1.81930587459E+04
7.18800E+00        1.81663275066E+04
7.19400E+00        1.81396546086E+04
7.20000E+00        1.81130549695E+04
7.20600E+00        1.80864982290E+04
7.21200E+00        1.80599993283E+04
7.21800E+00        1.80335731207E+04
7.22400E+00        1.80071893802E+04
7.23000E+00        1.79808600164E+04
7.23600E+00        1.79545908033E+04
7.24200E+00        1.79283935376E+04
7.24800E+00        1.79022381711E+04
7.25400E+00        1.78761394949E+04
7.26000E+00        1.78501122133E+04
7.26600E+00        1.78241264108E+04
7.27200E+00        1.77981968144E+04
7.27800E+00        1.77723380656E+04
7.28400E+00        1.77465174519E+04
7.29000E+00        1.77207554980E+04
7.29600E+00        1.76950491128E+04
7.30200E+00        1.76694128541E+04
7.30800E+00        1.76438171118E+04
7.31400E+00        1.76182764659E+04
7.32000E+00        1.75928025093E+04
7.32600E+00        1.75673715711E+04
7.33200E+00        1.75419952620E+04
7.33800E+00        1.75166734276E+04
7.34400E+00        1.74914204807E+04
7.35000E+00        1.74662071123E+04
7.35600E+00        1.74410448799E+04
7.36200E+00        1.74159538950E+04
7.36800E+00        1.73909020939E+04
7.37400E+00        1.73659038505E+04
7.38000E+00        1.73409590138E+04
7.38600E+00        1.73160818546E+04
7.39200E+00        1.72912405070E+04
7.39800E+00        1.72664549735E+04
7.40400E+00        1.72417222482E+04
7.41000E+00        1.72170565212E+04
7.41600E+00        1.71924289471E+04
7.42200E+00        1.71678509051E+04
7.42800E+00        1.71433279176E+04
7.43400E+00        1.71188712584E+04
7.44000E+00        1.70944522478E+04
7.44600E+00        1.70700850176E+04
7.45200E+00        1.70457666107E+04
7.45800E+00        1.70215166872E+04
7.46400E+00        1.69973039154E+04
7.47000E+00        1.69731423479E+04
7.47600E+00        1.69490290454E+04
7.48200E+00        1.69249694625E+04
7.48800E+00        1.69009747320E+04
7.49400E+00        1.68770165423E+04
7.50000E+00        1.68531088478E+04
7.50600E+00        1.68292487313E+04
7.51200E+00        1.68054556058E+04
7.51800E+00        1.67816985404E+04
7.52400E+00        1.67579914115E+04
7.53000E+00        1.67343313196E+04
7.53600E+00        1.67107236527E+04
7.54200E+00        1.66871794052E+04
7.54800E+00        1.66636706268E+04
7.55400E+00        1.66402083518E+04
7.56000E+00        1.66167979389E+04
7.56600E+00        1.65934503220E+04
7.57200E+00        1.65701377089E+04
7.57800E+00        1.65468710730E+04
7.58400E+00        1.65236557441E+04
7.59000E+00        1.65004888543E+04
7.59600E+00        1.64773702704E+04
7.60200E+00        1.64543108474E+04
7.60800E+00        1.64312884615E+04
7.61400E+00        1.64083139842E+04
7.62000E+00        1.63853872838E+04
7.62600E+00        1.63625055296E+04
7.63200E+00        1.63396876013E+04
7.63800E+00        1.63169034317E+04
7.64400E+00        1.62941665173E+04
7.65000E+00        1.62714740442E+04
7.65600E+00        1.62488312564E+04
7.66200E+00        1.62262353371E+04
7.66800E+00        1.62036969788E+04
7.67400E+00        1.61811943978E+04
7.68000E+00        1.61587383024E+04
7.68600E+00        1.61363285660E+04
7.69200E+00        1.61139624037E+04
7.69800E+00        1.60916450104E+04
7.70400E+00        1.60693869804E+04
7.71000E+00        1.60471587585E+04
7.71600E+00        1.60249789194E+04
7.72200E+00        1.60028446878E+04
7.72800E+00        1.59807533032E+04
7.73400E+00        1.59587099191E+04
7.74000E+00        1.59367250436E+04
7.74600E+00        1.59147693674E+04
7.75200E+00        1.58928613132E+04
7.75800E+00        1.58709981298E+04
7.76400E+00        1.58491770811E+04
7.77000E+00        1.58274032795E+04
7.77600E+00        1.58056739859E+04
7.78200E+00        1.57839996204E+04
7.78800E+00        1.57623589686E+04
7.79400E+00        1.57407624657E+04
7.80000E+00        1.57192073995E+04
7.80600E+00        1.56976988418E+04
7.81200E+00        1.56762340774E+04
7.81800E+00        1.56548104060E+04
7.82400E+00        1.56334458977E+04
7.83000E+00        1.56121117943E+04
7.83600E+00        1.55908184436E+04
7.84200E+00        1.55695708772E+04
7.84800E+00        1.55483664036E+04
7.85400E+00        1.55272023457E+04
7.86000E+00        1.55060837153E+04
7.86600E+00        1.54850207275E+04
7.87200E+00        1.54639849095E+04
7.87800E+00        1.54429941658E+04
7.88400E+00        1.54220432838E+04
7.89000E+00        1.54011372425E+04
7.89600E+00        1.53802733813E+04
7.90200E+00        1.53594490538E+04
7.90800E+00        1.53386819924E+04
7.91400E+00        1.53179439848E+04
7.92000E+00        1.52972451862E+04
7.92600E+00        1.52765905366E+04
7.93200E+00        1.52559748814E+04
7.93800E+00        1.52354031476E+04
7.94400E+00        1.52148727050E+04
7.95000E+00        1.51943809374E+04
7.95600E+00        1.51739327525E+04
7.96200E+00        1.51535381501E+04
7.96800E+00        1.51331692710E+04
7.97400E+00        1.51128436392E+04
7.98000E+00        1.50925561573E+04
7.98600E+00        1.50723117011E+04
7.99200E+00        1.50521051870E+04
7.99800E+00        1.50319414782E+04
8.00400E+00        1.50118179818E+04
8.01000E+00        1.49917321187E+04
8.01600E+00        1.49716887330E+04
8.02200E+00        1.49516952267E+04
8.02800E+00        1.49317315139E+04
8.03400E+00        1.49118074873E+04
8.04000E+00        1.48919205859E+04
8.04600E+00        1.48720756225E+04
8.05200E+00        1.48522675833E+04
8.05800E+00        1.48325012688E+04
8.06400E+00        1.48127716788E+04
8.07000E+00        1.47930836016E+04
8.07600E+00        1.47734344879E+04
8.08200E+00        1.47538218019E+04
8.08800E+00        1.47342503131E+04
8.09400E+00        1.47147273085E+04
8.10000E+00        1.46952330234E+04
8.10600E+00        1.46757747745E+04
8.11200E+00        1.46563573070E+04
8.11800E+00        1.46369756820E+04
8.12400E+00        1.46176346323E+04
8.13000E+00        1.45983316409E+04
8.13600E+00        1.45790642036E+04
8.14200E+00        1.45598370352E+04
8.14800E+00        1.45406452302E+04
8.15400E+00        1.45214934915E+04
8.16000E+00        1.45023769267E+04
8.16600E+00        1.44833122867E+04
8.17200E+00        1.44642705567E+04
8.17800E+00        1.44452684913E+04
8.18400E+00        1.44263012248E+04
8.19000E+00        1.44073734239E+04
8.19600E+00        1.43884802363E+04
8.20200E+00        1.43696263167E+04
8.20800E+00        1.43508091931E+04
8.21400E+00        1.43320264063E+04
8.22000E+00        1.43132825934E+04
8.22600E+00        1.42945729345E+04
8.23200E+00        1.42759020550E+04
8.23800E+00        1.42572651480E+04
8.24400E+00        1.42386668269E+04
8.25000E+00        1.42201141385E+04
8.25600E+00        1.42015879880E+04
8.26200E+00        1.41830954502E+04
8.26800E+00        1.41646411155E+04
8.27400E+00        1.41462202154E+04
8.28000E+00        1.41278373287E+04
8.28600E+00        1.41094876996E+04
8.29200E+00        1.40911758954E+04
8.29800E+00        1.40728971731E+04
8.30400E+00        1.40546560882E+04
8.31000E+00        1.40364479105E+04
8.31600E+00        1.40182771840E+04
8.32200E+00        1.40001391912E+04
8.32800E+00        1.39820384646E+04
8.33400E+00        1.39639702991E+04
8.34000E+00        1.39459392161E+04
8.34600E+00        1.39279405227E+04
8.35200E+00        1.39099787291E+04
8.35800E+00        1.38920607221E+04
8.36400E+00        1.38741678511E+04
8.37000E+00        1.38563070303E+04
8.37600E+00        1.38384804644E+04
8.38200E+00        1.38206903463E+04
8.38800E+00        1.38029320267E+04
8.39400E+00        1.37852099762E+04
8.40000E+00        1.37675195576E+04
8.40600E+00        1.37498652304E+04
8.41200E+00        1.37322423697E+04
8.41800E+00        1.37146554238E+04
8.42400E+00        1.36970997800E+04
8.43000E+00        1.36795798755E+04
8.43600E+00        1.36620911097E+04
8.44200E+00        1.36446379088E+04
8.44800E+00        1.36272156842E+04
8.45400E+00        1.36098266061E+04
8.46000E+00        1.35924728332E+04
8.46600E+00        1.35751497952E+04
8.47200E+00        1.35578618906E+04
8.47800E+00        1.35406045610E+04
8.48400E+00        1.35233821942E+04
8.49000E+00        1.35061902436E+04
8.49600E+00        1.34890330862E+04
8.50200E+00        1.34719061872E+04
8.50800E+00        1.34548139128E+04
8.51400E+00        1.34377517400E+04
8.52000E+00        1.34207218102E+04
8.52600E+00        1.34037262541E+04
8.53200E+00        1.33867605662E+04
8.53800E+00        1.33698290858E+04
8.54400E+00        1.33529273193E+04
8.55000E+00        1.33360706992E+04
8.55600E+00        1.33192214319E+04
8.56200E+00        1.33024260284E+04
8.56800E+00        1.32856533319E+04
8.57400E+00        1.32689099676E+04
8.58000E+00        1.32522002377E+04
8.58600E+00        1.32355196890E+04
8.59200E+00        1.32188704325E+04
8.59800E+00        1.32022545683E+04
8.60400E+00        1.31856676607E+04
8.61000E+00        1.31691139853E+04
8.61600E+00        1.31525891178E+04
8.62200E+00        1.31360951566E+04
8.62800E+00        1.31196341892E+04
8.63400E+00        1.31032018086E+04
8.64000E+00        1.30868022641E+04
8.64600E+00        1.30704311599E+04
8.65200E+00        1.30540927352E+04
8.65800E+00        1.30377826054E+04
8.66400E+00        1.30215028513E+04
8.67000E+00        1.30052555434E+04
8.67600E+00        1.29890363139E+04
8.68200E+00        1.29728493762E+04
8.68800E+00        1.29566903735E+04
8.69400E+00        1.29405613747E+04
8.70000E+00        1.29244644378E+04
8.70600E+00        1.29083952229E+04
8.71200E+00        1.28923579179E+04
8.71800E+00        1.28763481938E+04
8.72400E+00        1.28603681071E+04
8.73000E+00        1.28444197039E+04
8.73600E+00        1.28284986718E+04
8.74200E+00        1.28126070599E+04
8.74800E+00        1.27967469071E+04
8.75400E+00        1.27809139174E+04
8.76000E+00        1.27651122384E+04
8.76600E+00        1.27493375848E+04
8.77200E+00        1.27335919940E+04
8.77800E+00        1.27178774927E+04
8.78400E+00        1.27021898122E+04
8.79000E+00        1.26865309823E+04
8.79600E+00        1.26709030230E+04
8.80200E+00        1.26553016815E+04
8.80800E+00        1.26397310656E+04
8.81400E+00        1.26241869333E+04
8.82000E+00        1.26086713026E+04
8.82600E+00        1.25931861817E+04
8.83200E+00        1.25777273445E+04
8.83800E+00        1.25622968021E+04
8.84400E+00        1.25468965555E+04
8.85000E+00        1.25315223947E+04
8.85600E+00        1.25161763236E+04
8.86200E+00        1.25008603363E+04
8.86800E+00        1.24855702385E+04
8.87400E+00        1.24703100842E+04
8.88000E+00        1.24550756897E+04
8.88600E+00        1.24398690472E+04
8.89200E+00        1.24246921394E+04
8.89800E+00        1.24095407980E+04
8.90400E+00        1.23944170085E+04
8.91000E+00        1.23793227466E+04
8.91600E+00        1.23642538596E+04
8.92200E+00        1.23492020446E+04
8.92800E+00        1.23342001150E+04
8.93400E+00        1.23192130891E+04
8.94000E+00        1.23042532201E+04
8.94600E+00        1.22893224700E+04
8.95200E+00        1.22744167170E+04
8.95800E+00        1.22595379261E+04
8.96400E+00        1.22446880524E+04
8.97000E+00        1.22298528074E+04
8.97600E+00        1.22150646955E+04
8.98200E+00        1.22002849614E+04
8.98800E+00        1.21855400232E+04
8.99400E+00        1.21708216625E+04
9.00000E+00        1.21561318209E+04
9.00600E+00        1.21414664225E+04
9.01200E+00        1.21268274118E+04
9.01800E+00        1.21122167239E+04
9.02400E+00        1.20976302978E+04
9.03000E+00        1.20830700713E+04
9.03600E+00        1.20685379729E+04
9.04200E+00        1.20540299566E+04
9.04800E+00        1.20395479535E+04
9.05400E+00        1.20250938855E+04
9.06000E+00        1.20106737210E+04
9.06600E+00        1.19962693735E+04
9.07200E+00        1.19818927696E+04
9.07800E+00        1.19675299298E+04
9.08400E+00        1.19532027109E+04
9.09000E+00        1.19389010766E+04
9.09600E+00        1.19246269335E+04
9.10200E+00        1.19103762850E+04
9.10800E+00        1.18961609443E+04
9.11400E+00        1.18819629912E+04
9.12000E+00        1.18677883600E+04
9.12600E+00        1.18536389531E+04
9.13200E+00        1.18395068070E+04
9.13800E+00        1.18254175252E+04
9.14400E+00        1.18113434330E+04
9.15000E+00        1.17972962742E+04
9.15600E+00        1.17832720961E+04
9.16200E+00        1.17692727883E+04
9.16800E+00        1.17552982923E+04
9.17400E+00        1.17413504864E+04
9.18000E+00        1.17274254372E+04
9.18600E+00        1.17135250256E+04
9.19200E+00        1.16996511235E+04
9.19800E+00        1.16857998118E+04
9.20400E+00        1.16719729649E+04
9.21000E+00        1.16581724485E+04
9.21600E+00        1.16443943576E+04
9.22200E+00        1.16306405603E+04
9.22800E+00        1.16169110000E+04
9.23400E+00        1.16032075339E+04
9.24000E+00        1.15895262756E+04
9.24600E+00        1.15758690851E+04
9.25200E+00        1.15622378131E+04
9.25800E+00        1.15486285876E+04
9.26400E+00        1.15350432621E+04
9.27000E+00        1.15214817808E+04
9.27600E+00        1.15079459865E+04
9.28200E+00        1.14944320255E+04
9.28800E+00        1.14809417430E+04
9.29400E+00        1.14674769755E+04
9.30000E+00        1.14540338830E+04
9.30600E+00        1.14406143046E+04
9.31200E+00        1.14272181857E+04
9.31800E+00        1.14138473547E+04
9.32400E+00        1.14004979900E+04
9.33000E+00        1.13871719224E+04
9.33600E+00        1.13738709739E+04
9.34200E+00        1.13605913367E+04
9.34800E+00        1.13473442822E+04
9.35400E+00        1.13341108525E+04
9.36000E+00        1.13209023192E+04
9.36600E+00        1.13077148928E+04
9.37200E+00        1.12945503896E+04
9.37800E+00        1.12814087568E+04
9.38400E+00        1.12682918004E+04
9.39000E+00        1.12551957486E+04
9.39600E+00        1.12421224097E+04
9.40200E+00        1.12290717317E+04
9.40800E+00        1.12160455122E+04
9.41400E+00        1.12030399976E+04
9.42000E+00        1.11900569880E+04
9.42600E+00        1.11770982754E+04
9.43200E+00        1.11641601192E+04
9.43800E+00        1.11512535971E+04
9.44400E+00        1.11383600804E+04
9.45000E+00        1.11254906472E+04
9.45600E+00        1.11126415747E+04
9.46200E+00        1.10998146491E+04
9.46800E+00        1.10870098199E+04
9.47400E+00        1.10742288631E+04
9.48000E+00        1.10614680733E+04
9.48600E+00        1.10487292290E+04
9.49200E+00        1.10360122802E+04
9.49800E+00        1.10233189950E+04
9.50400E+00        1.10106456855E+04
9.51000E+00        1.09980032780E+04
9.51600E+00        1.09853752129E+04
9.52200E+00        1.09727669814E+04
9.52800E+00        1.09601803483E+04
9.53400E+00        1.09476152645E+04
9.54000E+00        1.09350734847E+04
9.54600E+00        1.09225513509E+04
9.55200E+00        1.09100506202E+04
9.55800E+00        1.08975712441E+04
9.56400E+00        1.08851149694E+04
9.57000E+00        1.08726781554E+04
9.57600E+00        1.08602715923E+04
9.58200E+00        1.08478771399E+04
9.58800E+00        1.08355038017E+04
9.59400E+00        1.08231533151E+04
9.60000E+00        1.08108220604E+04
9.60600E+00        1.07985117773E+04
9.61200E+00        1.07862224186E+04
9.61800E+00        1.07739557139E+04
9.62400E+00        1.07617080604E+04
9.63000E+00        1.07494811902E+04
9.63600E+00        1.07372750566E+04
9.64200E+00        1.07250913818E+04
9.64800E+00        1.07129354976E+04
9.65400E+00        1.07007912823E+04
9.66000E+00        1.06886676179E+04
9.66600E+00        1.06765662191E+04
9.67200E+00        1.06644835162E+04
9.67800E+00        1.06524212264E+04
9.68400E+00        1.06403793038E+04
9.69000E+00        1.06283577029E+04
9.69600E+00        1.06163581290E+04
9.70200E+00        1.06043770332E+04
9.70800E+00        1.05924161231E+04
9.71400E+00        1.05804841612E+04
9.72000E+00        1.05685634774E+04
9.72600E+00        1.05566645853E+04
9.73200E+00        1.05447839564E+04
9.73800E+00        1.05329232890E+04
9.74400E+00        1.05210825387E+04
9.75000E+00        1.05092633943E+04
9.75600E+00        1.04974623432E+04
9.76200E+00        1.04856810766E+04
9.76800E+00        1.04739195504E+04
9.77400E+00        1.04621777207E+04
9.78000E+00        1.04504659668E+04
9.78600E+00        1.04387633876E+04
9.79200E+00        1.04270803742E+04
9.79800E+00        1.04154168832E+04
9.80400E+00        1.04037728713E+04
9.81000E+00        1.03921500094E+04
9.81600E+00        1.03805448246E+04
9.82200E+00        1.03689589900E+04
9.82800E+00        1.03573924627E+04
9.83400E+00        1.03458538124E+04
9.84000E+00        1.03343274667E+04
9.84600E+00        1.03228185944E+04
9.85200E+00        1.03113288597E+04
9.85800E+00        1.02998582201E+04
9.86400E+00        1.02884066337E+04
9.87000E+00        1.02769757534E+04
9.87600E+00        1.02655621457E+04
9.88200E+00        1.02541674655E+04
9.88800E+00        1.02428001978E+04
9.89400E+00        1.02314432387E+04
9.90000E+00        1.02201067682E+04
9.90600E+00        1.02087873722E+04
9.91200E+00        1.01974866968E+04
9.91800E+00        1.01862047011E+04
9.92400E+00        1.01749413441E+04
9.93000E+00        1.01636982610E+04
9.93600E+00        1.01524720571E+04
9.94200E+00        1.01412728114E+04
9.94800E+00        1.01300835907E+04
9.95400E+00        1.01189128056E+04
9.96000E+00        1.01077604159E+04
9.96600E+00        1.00966280465E+04
9.97200E+00        1.00855123253E+04
9.97800E+00        1.00744148792E+04
9.98400E+00        1.00633356685E+04
9.99000E+00        1.00522746534E+04
9.99600E+00        1.00412401527E+04
1.00020E+01        1.00302170550E+04
1.00080E+01        1.00192103784E+04
1.00140E+01        1.00082217395E+04
1.00200E+01        9.99725109914E+03
1.00260E+01        9.98629841826E+03
1.00320E+01        9.97536530291E+03
1.00380E+01        9.96444842225E+03
1.00440E+01        9.95355766973E+03
1.00500E+01        9.94267642692E+03
1.00560E+01        9.93181294967E+03
1.00620E+01        9.92096719952E+03
1.00680E+01        9.91014077240E+03
1.00740E+01        9.89933035966E+03
1.00800E+01        9.88853755923E+03
1.00860E+01        9.87776233306E+03
1.00920E+01        9.86701285640E+03
1.00980E+01        9.85627265603E+03
1.01040E+01        9.84555154002E+03
1.01100E+01        9.83484622165E+03
1.01160E+01        9.82415828880E+03
1.01220E+01        9.81348770402E+03
1.01280E+01        9.80283442997E+03
1.01340E+01        9.79219842938E+03
1.01400E+01        9.78158780716E+03
1.01460E+01        9.77098784468E+03
1.01520E+01        9.76040343146E+03
1.01580E+01        9.74983614372E+03
1.01640E+01        9.73928594473E+03
1.01700E+01        9.72875279782E+03
1.01760E+01        9.71823666643E+03
1.01820E+01        9.70773911500E+03
1.01880E+01        9.69725690365E+03
1.01940E+01        9.68679966179E+03
1.02000E+01        9.67635121844E+03
1.02060E+01        9.66591960930E+03
1.02120E+01        9.65550479839E+03
1.02180E+01        9.64510674983E+03
1.02240E+01        9.63472701667E+03
1.02300E+01        9.62436238383E+03
1.02360E+01        9.61401440626E+03
1.02420E+01        9.60369104227E+03
1.02480E+01        9.59337626025E+03
1.02540E+01        9.58307802728E+03
1.02600E+01        9.57279630816E+03
1.02660E+01        9.56253106774E+03
1.02720E+01        9.55228384624E+03
1.02780E+01        9.54205145654E+03
1.02840E+01        9.53183544073E+03
1.02900E+01        9.52163576404E+03
1.02960E+01        9.51146030876E+03
1.03020E+01        9.50129319794E+03
1.03080E+01        9.49114232253E+03
1.03140E+01        9.48100921160E+03
1.03200E+01        9.47089070225E+03
1.03260E+01        9.46078832540E+03
1.03320E+01        9.45070204693E+03
1.03380E+01        9.44063183280E+03
1.03440E+01        9.43057764908E+03
1.03500E+01        9.42053946191E+03
1.03560E+01        9.41052507037E+03
1.03620E+01        9.40052031693E+03
1.03680E+01        9.39052990718E+03
1.03740E+01        9.38055535947E+03
1.03800E+01        9.37059664036E+03
1.03860E+01        9.36065371656E+03
1.03920E+01        9.35072655480E+03
1.03980E+01        9.34081512194E+03
1.04040E+01        9.33091938492E+03
1.04100E+01        9.32104706906E+03
1.04160E+01        9.31118415208E+03
1.04220E+01        9.30133529521E+03
1.04280E+01        9.29150200279E+03
1.04340E+01        9.28168424219E+03
1.04400E+01        9.27188198086E+03
1.04460E+01        9.26209518633E+03
1.04520E+01        9.25232382621E+03
1.04580E+01        9.24256786822E+03
1.04640E+01        9.23282728014E+03
1.04700E+01        9.22310202984E+03
1.04760E+01        9.21340127318E+03
1.04820E+01        9.20370659271E+03
1.04880E+01        9.19402715415E+03
1.04940E+01        9.18436292570E+03
1.05000E+01        9.17471387565E+03
1.05060E+01        9.16507997236E+03
1.05120E+01        9.15546118428E+03
1.05180E+01        9.14585747995E+03
1.05240E+01        9.13626882798E+03
1.05300E+01        9.12669670205E+03
1.05360E+01        9.11713805938E+03
1.05420E+01        9.10759437540E+03
1.05480E+01        9.09807319157E+03
1.05540E+01        9.08855932393E+03
1.05600E+01        9.07906032203E+03
1.05660E+01        9.06957615506E+03
1.05720E+01        9.06010679227E+03
1.05780E+01        9.05065220299E+03
1.05840E+01        9.04121235664E+03
1.05900E+01        9.03178722271E+03
1.05960E+01        9.02237677077E+03
1.06020E+01        9.01298097048E+03
1.06080E+01        9.00360127621E+03
1.06140E+01        8.99423468691E+03
1.06200E+01        8.98489013688E+03
1.06260E+01        8.97555263188E+03
1.06320E+01        8.96622962794E+03
1.06380E+01        8.95692109518E+03
1.06440E+01        8.94762700379E+03
1.06500E+01        8.93834732404E+03
1.06560E+01        8.92908202627E+03
1.06620E+01        8.91983108089E+03
1.06680E+01        8.91059445841E+03
1.06740E+01        8.90137212939E+03
1.06800E+01        8.89216406448E+03
1.06860E+01        8.88297169914E+03
1.06920E+01        8.87379207316E+03
1.06980E+01        8.86462662368E+03
1.07040E+01        8.85547532163E+03
1.07100E+01        8.84633813803E+03
1.07160E+01        8.83721504398E+03
1.07220E+01        8.82810601064E+03
1.07280E+01        8.81901100925E+03
1.07340E+01        8.80993734357E+03
1.07400E+01        8.80087031253E+03
1.07460E+01        8.79181722760E+03
1.07520E+01        8.78277806031E+03
1.07580E+01        8.77375278227E+03
1.07640E+01        8.76474136514E+03
1.07700E+01        8.75574378067E+03
1.07760E+01        8.74676000069E+03
1.07820E+01        8.73778999708E+03
1.07880E+01        8.72883374179E+03
1.07940E+01        8.71989120687E+03
1.08000E+01        8.71096380076E+03
1.08060E+01        8.70204862146E+03
1.08120E+01        8.69314707904E+03
1.08180E+01        8.68425914581E+03
1.08240E+01        8.67538479416E+03
1.08300E+01        8.66652399653E+03
1.08360E+01        8.65767672545E+03
1.08420E+01        8.64884295351E+03
1.08480E+01        8.64002265337E+03
1.08540E+01        8.63121579775E+03
1.08600E+01        8.62242235947E+03
1.08660E+01        8.61364231137E+03
1.08720E+01        8.60487562640E+03
1.08780E+01        8.59612227756E+03
1.08840E+01        8.58738223792E+03
1.08900E+01        8.57865548062E+03
1.08960E+01        8.56994197886E+03
1.09020E+01        8.56124170591E+03
1.09080E+01        8.55255463512E+03
1.09140E+01        8.54388073988E+03
1.09200E+01        8.53521999369E+03
1.09260E+01        8.52657237006E+03
1.09320E+01        8.51793784261E+03
1.09380E+01        8.50931638502E+03
1.09440E+01        8.50070797101E+03
1.09500E+01        8.49211257439E+03
1.09560E+01        8.48353016903E+03
1.09620E+01        8.47496072887E+03
1.09680E+01        8.46640422790E+03
1.09740E+01        8.45786907392E+03
1.09800E+01        8.44933133303E+03
1.09860E+01        8.44081210110E+03
1.09920E+01        8.43230709818E+03
1.09980E+01        8.42381490542E+03
1.10040E+01        8.41533549720E+03
1.10100E+01        8.40687023414E+03
1.10160E+01        8.39841631701E+03
1.10220E+01        8.38997510797E+03
1.10280E+01        8.38154658164E+03
1.10340E+01        8.37313071274E+03
1.10400E+01        8.36472747602E+03
1.10460E+01        8.35633684632E+03
1.10520E+01        8.34795879852E+03
1.10580E+01        8.33959330757E+03
1.10640E+01        8.33124034849E+03
1.10700E+01        8.32289989636E+03
1.10760E+01        8.31457192630E+03
1.10820E+01        8.30625641353E+03
1.10880E+01        8.29795333329E+03
1.10940E+01        8.28966266092E+03
1.11000E+01        8.28138437179E+03
1.11060E+01        8.27311844135E+03
1.11120E+01        8.26486484510E+03
1.11180E+01        8.25662355861E+03
1.11240E+01        8.24839455749E+03
1.11300E+01        8.24017645878E+03
1.11360E+01        8.23197195688E+03
1.11420E+01        8.22377966760E+03
1.11480E+01        8.21559956678E+03
1.11540E+01        8.20743298362E+03
1.11600E+01        8.19927583432E+03
1.11660E+01        8.19113215470E+03
1.11720E+01        8.18300056759E+03
1.11780E+01        8.17488104916E+03
1.11840E+01        8.16677357562E+03
1.11900E+01        8.15867812324E+03
1.11960E+01        8.15059466837E+03
1.12020E+01        8.14252318739E+03
1.12080E+01        8.13446365675E+03
1.12140E+01        8.12641605296E+03
1.12200E+01        8.11838035258E+03
1.12260E+01        8.11035653224E+03
1.12320E+01        8.10234456860E+03
1.12380E+01        8.09433770210E+03
1.12440E+01        8.08634938881E+03
1.12500E+01        8.07837286259E+03
1.12560E+01        8.07040810036E+03
1.12620E+01        8.06245507908E+03
1.12680E+01        8.05451377576E+03
1.12740E+01        8.04658416748E+03
1.12800E+01        8.03866623136E+03
1.12860E+01        8.03075994460E+03
1.12920E+01        8.02286528443E+03
1.12980E+01        8.01498222815E+03
1.13040E+01        8.00711075311E+03
1.13100E+01        7.99925083671E+03
1.13160E+01        7.99140245643E+03
1.13220E+01        7.98356558977E+03
1.13280E+01        7.97574021430E+03
1.13340E+01        7.96792630765E+03
1.13400E+01        7.96012384750E+03
1.13460E+01        7.95233281158E+03
1.13520E+01        7.94454525628E+03
1.13580E+01        7.93677701000E+03
1.13640E+01        7.92902012145E+03
1.13700E+01        7.92127456859E+03
1.13760E+01        7.91354032942E+03
1.13820E+01        7.90581738199E+03
1.13880E+01        7.89810570442E+03
1.13940E+01        7.89040527485E+03
1.14000E+01        7.88271607151E+03
1.14060E+01        7.87503807266E+03
1.14120E+01        7.86737125661E+03
1.14180E+01        7.85971560174E+03
1.14240E+01        7.85207108647E+03
1.14300E+01        7.84443116113E+03
1.14360E+01        7.83680886687E+03
1.14420E+01        7.82919764778E+03
1.14480E+01        7.82159748248E+03
1.14540E+01        7.81400834965E+03
1.14600E+01        7.80643022802E+03
1.14660E+01        7.79886181056E+03
1.14720E+01        7.79130564898E+03
1.14780E+01        7.78376043511E+03
1.14840E+01        7.77622614786E+03
1.14900E+01        7.76870276624E+03
1.14960E+01        7.76119026927E+03
1.15020E+01        7.75368218350E+03
1.15080E+01        7.74619139938E+03
1.15140E+01        7.73871143731E+03
1.15200E+01        7.73124227653E+03
1.15260E+01        7.72378389632E+03
1.15320E+01        7.71633627601E+03
1.15380E+01        7.70889939498E+03
1.15440E+01        7.70147196292E+03
1.15500E+01        7.69405650004E+03
1.15560E+01        7.68665171488E+03
1.15620E+01        7.67925758703E+03
1.15680E+01        7.67186771172E+03
1.15740E+01        7.66449484356E+03
1.15800E+01        7.65713257172E+03
1.15860E+01        7.64978087598E+03
1.15920E+01        7.64243973616E+03
1.15980E+01        7.63510913213E+03
1.16040E+01        7.62778904380E+03
1.16100E+01        7.62047945114E+03
1.16160E+01        7.61317907897E+03
1.16220E+01        7.60589041893E+03
1.16280E+01        7.59861219473E+03
1.16340E+01        7.59133806920E+03
1.16400E+01        7.58408066324E+03
1.16460E+01        7.57683363371E+03
1.16520E+01        7.56959696090E+03
1.16580E+01        7.56237062517E+03
1.16640E+01        7.55515460689E+03
1.16700E+01        7.54794888650E+03
1.16760E+01        7.54075344447E+03
1.16820E+01        7.53356075010E+03
1.16880E+01        7.52638581359E+03
1.16940E+01        7.51922109715E+03
1.17000E+01        7.51206658145E+03
1.17060E+01        7.50492224719E+03
1.17120E+01        7.49778807512E+03
1.17180E+01        7.49066404604E+03
1.17240E+01        7.48355014081E+03
1.17300E+01        7.47644634030E+03
1.17360E+01        7.46934517830E+03
1.17420E+01        7.46226153717E+03
1.17480E+01        7.45518794369E+03
1.17540E+01        7.44812437893E+03
1.17600E+01        7.44107082400E+03
1.17660E+01        7.43402726007E+03
1.17720E+01        7.42699366833E+03
1.17780E+01        7.41997003003E+03
1.17840E+01        7.41295632645E+03
1.17900E+01        7.40594637603E+03
1.17960E+01        7.39895127195E+03
1.18020E+01        7.39196726769E+03
1.18080E+01        7.38499312374E+03
1.18140E+01        7.37802882161E+03
1.18200E+01        7.37107434284E+03
1.18260E+01        7.36412966902E+03
1.18320E+01        7.35719478181E+03
1.18380E+01        7.35026354634E+03
1.18440E+01        7.34334818315E+03
1.18500E+01        7.33644134219E+03
1.18560E+01        7.32954542544E+03
1.18620E+01        7.32265920409E+03
1.18680E+01        7.31578266003E+03
1.18740E+01        7.30891577520E+03
1.18800E+01        7.30205245521E+03
1.18860E+01        7.29520484050E+03
1.18920E+01        7.28836683106E+03
1.18980E+01        7.28153720854E+03
1.19040E+01        7.27471835711E+03
1.19100E+01        7.26790905737E+03
1.19160E+01        7.26110929154E+03
1.19220E+01        7.25431300530E+03
1.19280E+01        7.24753225980E+03
1.19340E+01        7.24076099512E+03
1.19400E+01        7.23399919366E+03
1.19460E+01        7.22724564636E+03
1.19520E+01        7.22050271978E+03
1.19580E+01        7.21376920382E+03
1.19640E+01        7.20704508104E+03
1.19700E+01        7.20032434240E+03
1.19760E+01        7.19361895938E+03
1.19820E+01        7.18692291741E+03
1.19880E+01        7.18023501548E+03
1.19940E+01        7.17355760492E+03
1.20000E+01        7.16688948367E+03
1.20060E+01        7.16023063457E+03
1.20120E+01        7.15357508779E+03
1.20180E+01        7.14693473715E+03
1.20240E+01        7.14030360738E+03
1.20300E+01        7.13368050541E+03
1.20360E+01        7.12706776747E+03
1.20420E+01        7.12046419947E+03
1.20480E+01        7.11386386490E+03
1.20540E+01        7.10727859163E+03
1.20600E+01        7.10070243772E+03
1.20660E+01        7.09413421688E+03
1.20720E+01        7.08757625249E+03
1.20780E+01        7.08102735725E+03
1.20840E+01        7.07448751448E+03
1.20900E+01        7.06795082619E+03
1.20960E+01        7.06142904398E+03
1.21020E+01        7.05491626447E+03
1.21080E+01        7.04841130918E+03
1.21140E+01        7.04191648666E+03
1.21200E+01        7.03543061742E+03
1.21260E+01        7.02894783617E+03
1.21320E+01        7.02247982973E+03
1.21380E+01        7.01602072747E+03
1.21440E+01        7.00956935754E+03
1.21500E+01        7.00312801589E+03
1.21560E+01        6.99669552968E+03
1.21620E+01        6.99026606605E+03
1.21680E+01        6.98385124757E+03
1.21740E+01        6.97744523609E+03
1.21800E+01        6.97104686633E+03
1.21860E+01        6.96465842175E+03
1.21920E+01        6.95827873610E+03
1.21980E+01        6.95190200867E+03
1.22040E+01        6.94553979831E+03
1.22100E+01        6.93918629910E+03
1.22160E+01        6.93284149519E+03
1.22220E+01        6.92650422888E+03
1.22280E+01        6.92017101090E+03
1.22340E+01        6.91385220445E+03
1.22400E+01        6.90754203024E+03
1.22460E+01        6.90124047262E+03
1.22520E+01        6.89494637928E+03
1.22580E+01        6.88866200898E+03
1.22640E+01        6.88238048164E+03
1.22700E+01        6.87611324060E+03
1.22760E+01        6.86985453830E+03
1.22820E+01        6.86360435929E+03
1.22880E+01        6.85736155769E+03
1.22940E+01        6.85112267926E+03
1.23000E+01        6.84489798393E+03
1.23060E+01        6.83868175038E+03
1.23120E+01        6.83247396335E+03
1.23180E+01        6.82627348224E+03
1.23240E+01        6.82008254351E+03
1.23300E+01        6.81389433586E+03
1.23360E+01        6.80772018883E+03
1.23420E+01        6.80155441239E+03
1.23480E+01        6.79539699145E+03
1.23540E+01        6.78924679174E+03
1.23600E+01        6.78310039357E+03
1.23660E+01        6.77696795510E+03
1.23720E+01        6.77084381214E+03
1.23780E+01        6.76472794977E+03
1.23840E+01        6.75861923895E+03
1.23900E+01        6.75251427551E+03
1.23960E+01        6.74642317186E+03
1.24020E+01        6.74034028947E+03
1.24080E+01        6.73426561361E+03
1.24140E+01        6.72819802041E+03
1.24200E+01        6.72213412111E+03
1.24260E+01        6.71608398270E+03
1.24320E+01        6.71004199214E+03
1.24380E+01        6.70400813486E+03
1.24440E+01        6.69798129213E+03
1.24500E+01        6.69195809053E+03
1.24560E+01        6.68594855189E+03
1.24620E+01        6.67994708850E+03
1.24680E+01        6.67395368595E+03
1.24740E+01        6.66796723063E+03
1.24800E+01        6.66198436433E+03
1.24860E+01        6.65601506404E+03
1.24920E+01        6.65005376721E+03
1.24980E+01        6.64410045959E+03
1.25040E+01        6.63815403264E+03
1.25100E+01        6.63221114326E+03
1.25160E+01        6.62628172390E+03
1.25220E+01        6.62036023701E+03
1.25280E+01        6.61444557810E+03
1.25340E+01        6.60853991483E+03
1.25400E+01        6.60263664795E+03
1.25460E+01        6.59674675606E+03
1.25520E+01        6.59086472641E+03
1.25580E+01        6.58498945955E+03
1.25640E+01        6.57912311355E+03
1.25700E+01        6.57325911866E+03
1.25760E+01        6.56740840466E+03
1.25820E+01        6.56156548346E+03
1.25880E+01        6.55572926058E+03
1.25940E+01        6.54989643467E+03
1.26000E+01        6.54407681503E+03
1.26060E+01        6.53826493320E+03
1.26120E+01        6.53245969862E+03
1.26180E+01        6.52666325234E+03
1.26240E+01        6.52086907716E+03
1.26300E+01        6.51508801583E+03
1.26360E+01        6.50931462422E+03
1.26420E+01        6.50354781671E+03
1.26480E+01        6.49778972494E+03
1.26540E+01        6.49203386065E+03
1.26600E+01        6.48629101869E+03
1.26660E+01        6.48055471081E+03
1.26720E+01        6.47482706118E+03
1.26780E+01        6.46910160456E+03
1.26840E+01        6.46338909768E+03
1.26900E+01        6.45768413984E+03
1.26960E+01        6.45198565422E+03
1.27020E+01        6.44629575565E+03
1.27080E+01        6.44060800753E+03
1.27140E+01        6.43493311922E+03
1.27200E+01        6.42926465411E+03
1.27260E+01        6.42360471967E+03
1.27320E+01        6.41794690201E+03
1.27380E+01        6.41230187286E+03
1.27440E+01        6.40666321834E+03
1.27500E+01        6.40103303857E+03
1.27560E+01        6.39540494228E+03
1.27620E+01        6.38978956374E+03
1.27680E+01        6.38418156409E+03
1.27740E+01        6.37857987897E+03
1.27800E+01        6.37298659937E+03
1.27860E+01        6.36739536213E+03
1.27920E+01        6.36181675497E+03
1.27980E+01        6.35624441475E+03
1.28040E+01        6.35068042519E+03
1.28100E+01        6.34511844548E+03
1.28160E+01        6.33956902633E+03
1.28220E+01        6.33402582694E+03
1.28280E+01        6.32849092382E+03
1.28340E+01        6.32295799838E+03
1.28400E+01        6.31743756452E+03
1.28460E+01        6.31192330366E+03
1.28520E+01        6.30641728513E+03
1.28580E+01        6.30091321247E+03
1.28640E+01        6.29542156292E+03
1.28700E+01        6.28993604005E+03
1.28760E+01        6.28445870602E+03
1.28820E+01        6.27898328636E+03
1.28880E+01        6.27352022190E+03
1.28940E+01        6.26806323819E+03
1.29000E+01        6.26261439028E+03
1.29060E+01        6.25716742560E+03
1.29120E+01        6.25173274870E+03
1.29180E+01        6.24630410704E+03
1.29240E+01        6.24088354858E+03
1.29300E+01        6.23546484253E+03
1.29360E+01        6.23005835738E+03
1.29420E+01        6.22465786235E+03
1.29480E+01        6.21926539837E+03
1.29540E+01        6.21387992639E+03
1.29600E+01        6.20849626875E+03
1.29660E+01        6.20312372662E+03
1.29720E+01        6.19775916380E+03
1.29780E+01        6.19239639272E+03
1.29840E+01        6.18704469044E+03
1.29900E+01        6.18170092898E+03
1.29960E+01        6.17636407569E+03
1.30020E+01        6.17102898427E+03
1.30080E+01        6.16570489981E+03
1.30140E+01        6.16038870520E+03
1.30200E+01        6.15507937141E+03
1.30260E+01        6.14977176995E+03
1.30320E+01        6.14447511409E+03
1.30380E+01        6.13918629753E+03
1.30440E+01        6.13390429486E+03
1.30500E+01        6.12862298506E+03
1.30560E+01        6.12335458042E+03
1.30620E+01        6.11809295473E+03
1.30680E+01        6.11283809638E+03
1.30740E+01        6.10758390545E+03
1.30800E+01        6.10234255233E+03
1.30860E+01        6.09710793191E+03
1.30920E+01        6.09188003268E+03
1.30980E+01        6.08665277573E+03
1.31040E+01        6.08143828971E+03
1.31100E+01        6.07623049054E+03
1.31160E+01        6.07102331494E+03
1.31220E+01        6.06582886047E+03
1.31280E+01        6.06064105871E+03
1.31340E+01        6.05545989834E+03
1.31400E+01        6.05027933687E+03
1.31460E+01        6.04511143053E+03
1.31520E+01        6.03995013173E+03
1.31580E+01        6.03479542924E+03
1.31640E+01        6.02964130126E+03
1.31700E+01        6.02449976291E+03
1.31760E+01        6.01936478730E+03
1.31820E+01        6.01423036810E+03
1.31880E+01        6.00910848971E+03
1.31940E+01        6.00399314071E+03
1.32000E+01        5.99888431005E+03
1.32060E+01        5.99377601188E+03
1.32120E+01        5.98868018986E+03
1.32180E+01        5.98359085311E+03
1.32240E+01        5.97850700519E+03
1.32300E+01        5.97342563704E+03
1.32360E+01        5.96835569539E+03
1.32420E+01        5.96329121230E+03
1.32480E+01        5.95822918639E+03
1.32540E+01        5.95317854168E+03
1.32600E+01        5.94813430588E+03
1.32660E+01        5.94309548858E+03
1.32720E+01        5.93805909862E+03
1.32780E+01        5.93303402982E+03
1.32840E+01        5.92801434969E+03
1.32900E+01        5.92300200259E+03
1.32960E+01        5.91799107616E+03
1.33020E+01        5.91299141131E+03
1.33080E+01        5.90799709567E+03
1.33140E+01        5.90300515585E+03
1.33200E+01        5.89802443322E+03
1.33260E+01        5.89304903042E+03
1.33320E+01        5.88807598164E+03
1.33380E+01        5.88311410589E+03
1.33440E+01        5.87815848970E+03
1.33500E+01        5.87320815449E+03
1.33560E+01        5.86826014448E+03
1.33620E+01        5.86332324900E+03
1.33680E+01        5.85839160558E+03
1.33740E+01        5.85346226591E+03
1.33800E+01        5.84854399721E+03
1.33860E+01        5.84363095181E+03
1.33920E+01        5.83872504660E+03
1.33980E+01        5.83382045361E+03
1.34040E+01        5.82892591307E+03
1.34100E+01        5.82403847937E+03
1.34160E+01        5.81915233924E+03
1.34220E+01        5.81427621097E+03
1.34280E+01        5.80940715639E+03
1.34340E+01        5.80454420614E+03
1.34400E+01        5.79968252484E+03
1.34460E+01        5.79483080161E+03
1.34520E+01        5.78998610819E+03
1.34580E+01        5.78514266543E+03
1.34640E+01        5.78030914067E+03
1.34700E+01        5.77548261304E+03
1.34760E+01        5.77065731790E+03
1.34820E+01        5.76584190092E+03
1.34880E+01        5.76103344859E+03
1.34940E+01        5.75623099976E+03
1.35000E+01        5.75142881142E+03
1.35060E+01        5.74663834447E+03
1.35120E+01        5.74185385116E+03
1.35180E+01        5.73707054853E+03
1.35240E+01        5.73229703195E+03
1.35300E+01        5.72753040499E+03
1.35360E+01        5.72276495101E+03
1.35420E+01        5.71800924399E+03
1.35480E+01        5.71326039474E+03
1.35540E+01        5.70851745021E+03
1.35600E+01        5.70377471517E+03
1.35660E+01        5.69904355555E+03
1.35720E+01        5.69431827142E+03
1.35780E+01        5.68959318175E+03
1.35840E+01        5.68487962421E+03
1.35900E+01        5.68017191312E+03
1.35960E+01        5.67546438157E+03
1.36020E+01        5.67076833913E+03
1.36080E+01        5.66607811424E+03
1.36140E+01        5.66138805413E+03
1.36200E+01        5.65670944031E+03
1.36260E+01        5.65203661534E+03
1.36320E+01        5.64736863888E+03
1.36380E+01        5.64270266936E+03
1.36440E+01        5.63804715856E+03
1.36500E+01        5.63339647010E+03
1.36560E+01        5.62874776950E+03
1.36620E+01        5.62410948762E+03
1.36680E+01        5.61947600210E+03
1.36740E+01        5.61484448548E+03
1.36800E+01        5.61022334783E+03
1.36860E+01        5.60560698070E+03
1.36920E+01        5.60099256366E+03
1.36980E+01        5.59638848604E+03
1.37040E+01        5.59178915328E+03
1.37100E+01        5.58719175192E+03
1.37160E+01        5.58260465065E+03
1.37220E+01        5.57802226874E+03
1.37280E+01        5.57344179970E+03
1.37340E+01        5.56887159162E+03
1.37400E+01        5.56430607756E+03
1.37460E+01        5.55974245795E+03
1.37520E+01        5.55518906040E+03
1.37580E+01        5.55064033169E+03
1.37640E+01        5.54609347916E+03
1.37700E+01        5.54155680999E+03
1.37760E+01        5.53702478463E+03
1.37820E+01        5.53249461732E+03
1.37880E+01        5.52797459487E+03
1.37940E+01        5.52345919136E+03
1.38000E+01        5.51895021935E+03
1.38060E+01        5.51444217101E+03
1.38120E+01        5.50994330837E+03
1.38180E+01        5.50544626789E+03
1.38240E+01        5.50095929590E+03
1.38300E+01        5.49647689360E+03
1.38360E+01        5.49200086473E+03
1.38420E+01        5.48752482398E+03
1.38480E+01        5.48305970647E+03
1.38540E+01        5.47859547130E+03
1.38600E+01        5.47414032681E+03
1.38660E+01        5.46969150788E+03
1.38720E+01        5.46524810274E+03
1.38780E+01        5.46080465953E+03
1.38840E+01        5.45637206013E+03
1.38900E+01        5.45194031263E+03
1.38960E+01        5.44751758544E+03
1.39020E+01        5.44310112700E+03
1.39080E+01        5.43869003004E+03
1.39140E+01        5.43427886925E+03
1.39200E+01        5.42987847367E+03
1.39260E+01        5.42547890002E+03
1.39320E+01        5.42108827709E+03
1.39380E+01        5.41670386675E+03
1.39440E+01        5.41231937147E+03
1.39500E+01        5.40794557651E+03
1.39560E+01        5.40357707424E+03
1.39620E+01        5.39920847450E+03
1.39680E+01        5.39485053643E+03
1.39740E+01        5.39049786555E+03
1.39800E+01        5.38614508476E+03
1.39860E+01        5.38180292719E+03
1.39920E+01        5.37746601146E+03
1.39980E+01        5.37312897350E+03
1.40040E+01        5.36880252050E+03
